param num_bundles := 35;

param num_cust := 40;

param price_reserve :
   1 2 3 4 5 6 7 8 9 10 11 12 13 14 15 16 17 18 19 20 21 22 23 24 25 26 27 28 29 30 31 32 33 34 35 :=
1 560 534 506 462 276 251 265 146 198 526 305 532 389 464 288 535 307 453 453 475 471 526 490 531 237 429 332 361 519 512 251 439 535 498 486
2 395 590 204 374 819 535 749 604 798 528 736 770 548 334 755 824 847 639 558 91 714 566 762 517 872 325 755 806 829 471 623 437 315 648 625
3 230 738 709 576 573 502 149 666 740 333 378 190 732 705 630 102 737 457 684 689 423 690 740 362 605 306 531 342 530 511 585 479 244 538 624
4 1020 815 840 612 182 864 44 777 986 476 197 736 889 419 913 681 1007 806 943 622 616 153 540 872 638 1033 888 675 892 853 917 321 439 87 972
5 869 993 668 670 1082 1061 547 999 1066 458 822 848 832 719 614 38 815 931 1133 1081 615 718 757 705 953 121 527 203 1062 1014 1112 1022 462 1116 532
6 572 904 1256 1089 722 885 324 868 589 539 354 1244 633 553 878 1213 933 835 68 877 1176 895 718 994 656 401 1130 1244 889 770 944 435 1211 607 761
7 536 179 678 845 281 765 905 866 345 547 759 752 694 889 298 615 435 807 874 316 279 240 67 896 112 890 581 175 856 322 805 349 894 748 750
8 201 496 719 235 678 449 490 368 320 263 455 478 435 248 432 504 445 642 711 210 433 515 328 528 406 594 471 176 329 192 723 349 382 775 673
9 339 947 703 777 311 65 978 538 815 485 487 484 827 826 721 913 569 341 420 737 504 996 473 375 292 890 259 991 989 925 786 254 856 442 619
10 640 890 949 907 743 762 681 802 936 901 804 459 942 700 194 600 790 291 959 776 584 762 511 845 579 858 980 644 614 818 732 288 821 33 526
11 467 696 670 605 324 715 507 282 500 609 539 167 700 462 297 117 466 692 328 492 124 656 599 468 555 412 551 524 358 712 454 681 493 504 379
12 425 439 146 211 108 162 354 330 263 499 265 546 424 357 314 467 501 340 553 471 131 262 546 254 300 504 428 424 536 336 431 245 366 432 463
13 488 788 222 1167 561 960 1219 218 988 1237 1053 1233 1034 473 1094 237 1174 1034 610 988 1139 1012 933 1186 535 880 816 1094 830 489 559 552 1229 1136 1083
14 608 727 690 653 463 516 85 78 368 774 301 596 727 299 797 398 249 796 280 281 700 341 428 794 685 431 481 468 423 504 540 588 545 789 411
15 649 867 928 1005 793 845 513 1010 1000 644 991 397 861 1115 1104 360 1145 1179 725 1065 1041 968 943 920 690 181 1124 810 819 225 881 857 584 414 112
16 817 777 919 549 647 1190 971 1168 984 713 874 434 1184 436 1065 1067 911 1006 977 1006 852 805 997 397 963 325 908 1021 820 1165 1147 964 861 667 933
17 1121 235 557 1112 926 1146 816 325 572 588 905 570 698 896 531 1257 1007 242 844 259 1132 1043 501 184 879 647 1242 800 1101 767 743 1046 502 577 588
18 295 407 301 233 457 510 256 461 266 342 383 501 364 343 152 218 448 329 269 165 376 309 495 492 171 192 90 441 466 492 355 301 279 170 436
19 237 715 303 471 562 847 96 665 410 431 771 689 606 521 891 210 881 760 683 600 671 830 558 346 757 660 300 450 398 908 453 429 814 434 813
20 579 563 465 369 591 70 106 471 442 520 473 429 203 511 334 530 526 420 431 235 349 92 360 434 458 185 526 575 102 572 426 582 566 363 459
21 205 364 418 442 94 353 374 397 167 209 380 440 178 203 288 417 276 260 257 420 435 26 282 325 110 441 33 272 438 402 449 251 338 429 337
22 551 610 1135 369 566 1008 1002 668 1020 701 950 1083 1016 752 843 363 857 1070 1186 644 816 1081 951 70 1059 1068 547 696 777 904 945 534 603 1013 989
23 377 298 530 529 383 213 421 344 408 560 528 265 86 265 496 435 395 395 375 459 334 226 323 482 573 170 105 412 558 588 356 548 584 515 562
24 190 133 494 538 116 342 418 372 584 381 263 503 533 146 398 296 254 495 325 594 223 166 219 341 182 585 545 428 230 419 227 603 373 141 382
25 506 503 447 804 653 726 277 86 519 577 250 660 804 184 616 601 491 557 703 588 480 813 586 746 709 519 266 314 618 779 302 814 786 600 646
26 402 515 428 508 531 486 412 369 296 228 212 535 427 255 367 310 195 391 427 459 500 383 541 235 316 463 236 425 417 510 448 259 444 100 273
27 317 260 239 575 578 591 434 667 385 474 269 297 685 568 492 570 445 531 268 171 186 402 498 578 552 83 201 644 315 432 226 639 245 364 694
28 449 205 181 390 360 379 423 393 359 373 451 413 366 388 255 383 423 129 399 446 161 153 248 385 276 303 234 438 170 51 243 193 146 203 426
29 714 81 681 453 777 809 776 489 760 522 262 601 727 486 670 435 592 756 587 491 723 260 608 103 357 500 375 568 480 181 683 549 738 789 408
30 917 1104 258 1171 704 642 861 754 980 570 1225 1093 1121 604 1083 902 1043 1077 859 1189 745 995 398 461 979 783 1213 1130 599 217 967 851 226 533 1028
31 352 464 526 262 413 99 502 373 498 519 309 508 536 514 527 553 194 280 519 382 323 372 199 107 100 513 549 442 370 92 253 456 526 420 454
32 499 683 872 812 369 820 468 927 854 382 946 554 678 743 499 145 704 488 588 549 579 539 468 951 749 714 362 730 528 266 746 657 879 929 825
33 339 930 1070 736 861 1105 943 898 625 228 833 1121 991 761 615 512 922 476 1017 579 822 526 456 1117 451 923 684 897 990 1120 243 634 548 531 371
34 1032 158 495 544 1222 1198 849 741 988 1140 1065 1047 829 1014 1128 703 1078 440 145 321 1201 1048 1091 889 695 1019 956 524 745 368 1028 997 1059 654 880
35 747 770 495 262 687 698 700 555 147 633 524 488 692 377 421 665 666 709 602 149 815 861 649 683 556 765 351 60 571 835 447 644 121 616 632
36 387 150 254 643 498 527 594 272 314 423 135 206 485 591 589 422 565 49 373 285 329 156 440 526 336 636 545 419 390 213 487 464 595 354 253
37 734 495 741 477 407 641 384 283 145 671 710 733 108 526 393 687 654 719 624 591 537 376 461 577 274 622 739 395 422 183 278 487 707 589 330
38 518 445 436 477 1021 421 873 932 835 900 0 206 863 549 654 937 960 978 736 584 940 932 858 499 750 681 869 878 470 264 759 984 897 492 796
39 703 868 570 698 861 57 568 737 763 289 811 511 607 358 821 567 431 96 363 577 290 625 518 627 302 907 270 318 614 687 860 571 364 476 819
40 630 620 977 966 679 415 599 765 391 359 295 824 638 551 405 714 622 497 860 438 761 659 965 465 947 827 789 839 499 934 840 856 856 562 645
;

param:   cost_bundl  marginal :=
1 148 145
2 95 159
3 107 73
4 157 164
5 181 168
6 179 71
7 148 32
8 93 165
9 129 123
10 45 113
11 109 145
12 68 180
13 162 81
14 108 38
15 150 115
16 26 130
17 100 123
18 70 69
19 70 100
20 154 64
21 129 158
22 186 84
23 157 120
24 64 183
25 108 159
26 128 101
27 170 153
28 156 87
29 162 171
30 77 122
31 134 98
32 133 126
33 51 124
34 142 122
35 111 128
;
param: buyer budget :=
  0 3204
  1 888
  2 244
  3 3642
  4 1685
  5 1476
  6 438
  7 291
  8 1164
  9 1808
  10 1387
  11 2304
  12 1519
  13 248
  14 3554
  15 3688
  16 1321
  17 1540
  18 256
  19 80
  20 519
  21 3766
  22 225
  23 3039
  24 3443
  25 127
  26 1767
  27 3573
  28 750
  29 3417
  30 2303
  31 2708
  32 3469
  33 1694
  34 1339
  35 2177
  36 3520
  37 374
  38 998
  39 769
;
param num_partition :=
4
;
param: item partition_index cardinality :=
0 0 22
1 0 16
2 0 11
3 0 22
4 0 17
5 0 32
6 0 14
7 0 38
8 0 15
9 0 3
10 0 24
11 0 10
12 0 30
13 0 22
14 0 4
15 0 1
16 0 29
17 0 1
18 0 1
19 0 14
20 0 8
21 0 3
22 1 16
23 1 7
24 1 3
25 1 39
26 2 24
27 2 19
28 2 1
29 2 14
30 2 31
31 2 39
32 2 33
33 2 25
34 2 39
