param num_bundles := 35;

param num_cust := 40;

param price_reserve :
   1 2 3 4 5 6 7 8 9 10 11 12 13 14 15 16 17 18 19 20 21 22 23 24 25 26 27 28 29 30 31 32 33 34 35 :=
1 620 589 491 619 291 230 667 92 365 503 664 205 105 547 637 575 532 192 539 271 428 620 487 239 511 428 629 218 337 362 345 222 587 451 602
2 887 776 239 1053 948 964 800 614 1040 710 836 723 850 747 945 687 913 648 992 1029 944 583 541 860 753 956 979 594 1092 1028 322 853 829 360 927
3 447 1239 713 595 499 530 1187 848 1086 971 538 549 832 642 597 913 752 506 94 356 654 815 346 985 711 237 974 1152 1146 872 1060 1003 677 1148 953
4 591 721 576 806 450 578 450 806 698 525 747 805 784 544 818 848 698 769 723 320 734 176 366 882 666 632 716 682 639 710 726 806 627 220 258
5 173 158 166 96 180 109 81 172 77 71 116 162 163 48 73 56 162 131 75 157 129 145 153 75 69 185 109 176 182 75 152 104 180 119 78
6 456 100 637 450 545 468 291 471 603 356 295 185 365 209 556 629 571 628 630 516 538 440 522 616 432 474 339 415 440 640 467 428 47 419 363
7 316 846 1057 730 875 526 747 516 800 989 548 1049 1101 854 281 588 181 1089 431 1046 593 616 969 1039 658 473 542 614 697 999 773 674 946 427 995
8 762 639 470 238 579 463 386 61 201 498 631 283 774 677 776 381 276 443 545 224 755 263 802 827 424 860 259 785 661 747 645 356 831 733 805
9 679 832 328 382 752 803 819 1076 724 972 1028 1012 835 287 544 801 905 1040 938 569 771 135 1082 834 663 911 719 812 624 288 1081 904 882 967 981
10 1052 755 458 968 539 1124 1011 872 635 791 1029 756 955 1147 903 329 971 876 807 1114 947 708 809 823 946 290 654 1111 652 711 1096 1007 557 730 489
11 1218 1010 1233 1263 806 995 856 1023 719 837 701 134 1107 1220 1011 1206 271 1202 1151 648 961 827 1102 773 1019 328 1111 411 1182 217 410 517 1109 418 925
12 339 429 277 305 369 186 313 320 252 405 435 329 142 355 286 89 376 143 95 258 103 276 150 146 426 449 277 377 373 400 270 187 422 350 269
13 356 675 1047 870 1023 349 952 993 866 346 883 706 914 890 178 651 1044 233 1005 197 882 438 712 836 545 879 518 519 690 1040 678 903 348 699 605
14 563 224 109 597 601 312 566 310 508 99 356 592 184 409 474 513 338 390 582 566 537 309 244 582 567 192 589 594 287 214 142 556 136 449 372
15 178 828 357 645 748 784 361 624 791 514 246 834 781 557 494 433 751 705 790 651 186 459 738 162 673 577 483 668 624 631 657 611 374 500 96
16 1114 832 633 796 690 351 837 993 902 987 935 642 769 991 1057 681 956 683 1121 859 813 456 1115 276 736 1087 1036 442 591 914 619 725 1039 767 410
17 702 710 478 292 264 699 431 620 614 606 282 621 155 696 706 430 612 642 711 441 368 681 602 694 322 486 445 526 694 187 667 670 571 134 703
18 449 436 538 513 227 394 466 204 464 656 381 399 415 522 328 521 165 394 424 475 597 427 601 666 508 387 334 222 416 596 211 280 392 267 76
19 621 400 659 957 794 379 915 868 618 412 961 871 632 804 789 489 961 331 935 346 570 639 855 964 714 953 943 824 290 348 703 267 201 320 218
20 237 169 277 250 331 215 338 214 196 112 129 337 331 217 191 286 242 329 365 373 318 305 81 116 232 362 262 105 290 154 278 216 339 338 198
21 618 967 463 722 702 1083 860 1035 797 151 547 885 405 390 427 879 575 774 931 73 344 644 255 967 572 1071 414 709 514 1052 562 318 851 661 376
22 678 416 314 595 334 271 593 548 673 532 595 540 722 757 160 252 389 760 777 712 560 717 104 657 464 517 330 538 291 447 339 758 192 568 709
23 508 565 518 368 516 316 406 411 341 184 451 389 527 409 300 296 572 391 512 504 344 165 478 535 420 414 512 535 304 276 605 320 211 429 562
24 497 558 132 458 474 552 707 405 179 498 598 547 632 555 227 122 623 607 310 542 601 38 131 436 378 713 367 431 397 374 627 634 680 556 573
25 748 213 582 569 1019 1015 756 835 601 998 892 928 1020 731 710 407 777 469 330 436 1061 534 402 1011 758 988 946 605 739 952 1056 920 865 404 630
26 480 588 504 437 717 393 284 449 711 461 704 466 391 606 716 224 447 419 432 527 525 554 517 732 551 522 577 676 618 259 738 311 443 490 729
27 633 717 654 519 952 773 848 764 768 639 726 541 411 588 562 792 928 436 348 184 585 753 758 102 695 495 855 268 520 335 373 861 936 703 179
28 826 957 122 880 227 550 219 584 548 346 185 657 963 1007 1052 972 738 234 302 452 904 1117 859 749 960 1092 636 930 864 647 791 1119 1043 797 1097
29 1000 704 438 1004 1007 1200 1195 1153 1164 750 1178 577 555 1186 902 339 882 823 1199 173 669 1125 921 1015 789 500 640 643 238 990 1131 764 556 1083 889
30 374 827 870 491 953 437 826 705 736 615 347 886 962 638 641 175 378 637 597 752 269 826 738 448 463 806 825 859 276 652 674 374 542 667 642
31 368 467 366 609 431 342 557 552 295 483 493 676 537 571 260 610 607 643 671 553 559 322 674 412 494 287 379 243 197 573 625 99 596 403 455
32 1204 707 711 381 842 1142 973 934 933 988 431 132 1144 1186 985 931 1020 999 144 498 828 742 1139 869 1190 942 603 1176 1046 781 807 910 496 1209 1137
33 325 339 257 145 246 206 84 215 358 234 334 197 281 291 215 179 316 372 356 299 302 348 270 153 256 336 317 282 17 332 337 223 354 329 369
34 867 872 665 1128 991 663 1177 487 982 1074 948 0 998 553 772 809 874 1046 1051 559 1130 524 803 1085 460 442 1125 843 65 1147 1098 281 1075 387 955
35 244 170 133 197 201 257 268 321 337 347 291 101 261 106 322 303 266 348 200 328 324 367 265 263 177 255 164 93 150 272 189 354 128 167 261
36 578 720 769 480 954 770 784 967 912 645 380 177 691 872 824 941 508 604 922 889 777 601 735 961 380 358 949 707 673 617 624 861 855 456 88
37 295 663 851 1000 970 977 1094 677 757 448 1095 974 1102 413 754 1104 614 953 407 315 327 773 1049 530 418 1048 1116 178 806 778 897 861 455 879 1054
38 871 716 985 478 975 817 903 709 878 928 799 441 921 832 41 779 687 822 570 949 634 344 206 432 902 796 689 563 695 971 724 701 809 468 814
39 122 180 297 266 234 233 258 107 284 231 232 334 365 364 48 277 233 185 186 284 287 318 308 165 277 328 316 330 286 363 123 334 145 295 313
40 256 323 221 56 380 394 21 345 281 13 334 245 310 297 339 332 227 83 79 254 336 446 425 429 136 337 285 422 409 365 347 387 420 322 440
;

param:   cost_bundl  marginal :=
1 117 133
2 170 70
3 67 124
4 143 129
5 159 61
6 90 112
7 63 166
8 159 107
9 105 186
10 150 121
11 142 84
12 97 174
13 166 165
14 129 85
15 85 163
16 177 67
17 151 43
18 74 152
19 150 94
20 170 186
21 67 163
22 135 90
23 160 20
24 81 169
25 109 112
26 122 84
27 166 157
28 81 90
29 88 102
30 119 31
31 113 136
32 92 109
33 106 122
34 138 174
35 146 66
;
param: buyer budget :=
  0 2533
  1 3378
  2 3332
  3 1822
  4 793
  5 2570
  6 1393
  7 1845
  8 2810
  9 2060
  10 3682
  11 2738
  12 3348
  13 2031
  14 3540
  15 1767
  16 2276
  17 823
  18 770
  19 1631
  20 260
  21 704
  22 1822
  23 24
  24 690
  25 2259
  26 2648
  27 1684
  28 1548
  29 3608
  30 2948
  31 1977
  32 3463
  33 3131
  34 2903
  35 1117
  36 958
  37 352
  38 2954
  39 297
;
param num_partition :=
4
;
param: item partition_index cardinality :=
0 0 12
1 0 25
2 0 25
3 0 29
4 0 2
5 0 25
6 0 14
7 0 2
8 0 5
9 0 34
10 0 30
11 0 38
12 0 29
13 0 24
14 0 34
15 0 3
16 0 8
17 0 38
18 0 35
19 0 3
20 0 23
21 0 8
22 0 27
23 0 1
24 0 20
4 2 2
5 2 25
6 2 14
7 2 2
8 2 5
9 2 34
10 2 30
11 2 38
12 2 29
13 2 24
14 2 34
15 2 3
16 2 8
17 2 38
18 2 35
19 2 3
20 2 23
21 2 8
22 2 27
23 2 1
24 2 20
25 2 1
26 2 20
27 2 21
28 2 25
29 2 26
30 2 24
31 2 37
32 2 6
33 2 2
34 2 5
