param num_bundles := 35;

param num_cust := 40;

param price_reserve :
   1 2 3 4 5 6 7 8 9 10 11 12 13 14 15 16 17 18 19 20 21 22 23 24 25 26 27 28 29 30 31 32 33 34 35 :=
1 787 680 743 791 671 290 698 658 596 405 797 94 521 714 451 588 480 633 665 637 633 755 525 720 350 587 683 746 392 737 464 591 214 662 453
2 938 475 567 545 888 897 254 805 872 648 231 877 453 733 953 551 424 934 874 270 642 928 923 771 409 650 176 977 716 918 601 388 817 499 969
3 89 333 232 373 48 354 239 128 335 239 82 216 95 256 84 276 277 284 259 369 289 252 262 367 159 236 366 306 319 282 319 225 132 340 335
4 689 572 260 652 362 653 460 692 454 493 472 791 668 828 748 312 774 802 132 671 516 310 672 429 748 770 302 258 651 120 335 513 488 803 800
5 910 202 1101 936 211 1082 993 1073 574 1140 633 748 1017 741 615 798 678 665 1025 1131 596 1129 134 999 967 587 829 1003 881 1148 948 851 703 182 1101
6 1013 947 1017 638 828 412 957 520 841 553 938 873 347 935 678 955 150 658 1014 201 278 828 678 974 186 604 45 270 971 946 813 856 851 188 1015
7 903 556 534 111 551 632 727 674 309 790 392 475 154 687 456 897 680 634 626 704 930 212 646 678 660 535 502 668 726 845 912 74 883 178 348
8 799 350 341 667 770 219 616 796 471 546 557 453 93 291 140 636 551 663 191 633 244 607 749 428 695 124 112 374 431 195 483 716 692 618 137
9 749 1080 1013 938 1060 237 695 1035 670 772 968 196 484 1058 588 495 483 419 353 1008 641 816 998 743 485 1027 488 420 181 1058 471 907 753 672 411
10 758 468 254 565 868 931 266 772 855 103 431 403 716 799 846 391 278 253 793 475 697 528 847 629 714 928 880 875 557 904 331 452 879 812 230
11 296 330 1051 960 1066 1088 262 727 1095 251 648 408 698 790 929 1035 908 514 706 1085 853 958 539 826 808 812 1009 1002 476 583 617 588 679 1060 688
12 613 919 471 978 353 403 934 475 435 333 268 967 422 648 580 386 791 728 879 800 597 699 194 669 849 519 976 768 424 910 749 341 876 559 604
13 249 655 627 398 397 559 539 664 687 312 202 652 236 439 353 684 440 197 312 444 191 387 457 352 699 617 310 485 434 526 541 346 436 649 535
14 680 317 702 882 211 642 704 996 625 839 930 860 406 279 602 295 412 639 280 846 283 813 762 713 663 945 879 677 658 167 727 551 193 505 510
15 594 513 343 193 661 280 572 707 313 235 98 500 743 743 676 543 72 645 563 301 382 576 550 476 136 360 123 250 598 592 116 531 592 656 456
16 173 1089 1022 619 957 914 1107 707 990 676 959 631 642 1048 151 985 275 1056 441 945 396 566 779 639 964 1073 559 361 769 1110 673 594 462 403 890
17 355 545 564 572 233 532 330 580 540 562 706 460 274 499 680 678 573 203 271 389 505 422 666 297 118 336 336 395 396 106 689 617 534 467 666
18 556 193 667 394 945 589 288 195 627 794 556 531 917 604 838 579 821 811 874 494 513 763 887 603 390 610 807 718 841 616 468 620 485 165 632
19 1053 1130 994 310 768 573 135 929 1154 1063 921 1076 641 853 858 1056 518 1208 888 1104 1092 902 862 1060 709 682 1122 1185 872 1194 481 599 1001 900 1164
20 828 1023 1227 1219 384 591 962 974 1080 922 1145 266 1074 834 1254 853 1141 1082 732 1022 976 1115 866 1086 921 1162 236 762 483 353 739 312 907 933 644
21 761 649 917 37 666 1091 580 1087 194 1098 85 1016 74 672 523 436 1072 709 261 1099 874 578 259 845 1091 912 968 550 475 1063 583 490 116 599 584
22 531 194 540 428 259 538 578 427 299 475 383 340 483 535 573 403 516 327 384 538 246 339 589 100 566 487 330 447 574 473 512 512 394 541 465
23 386 807 827 657 702 659 670 675 679 805 801 562 797 792 623 635 699 677 698 478 654 712 527 258 448 621 795 407 658 779 612 568 316 689 745
24 352 982 726 1053 808 491 996 593 489 1031 596 866 478 229 1070 937 993 592 975 958 738 909 1116 964 1023 456 156 1106 921 777 241 1037 258 900 609
25 802 659 859 412 234 411 755 582 706 833 640 843 578 562 727 626 571 825 856 715 879 577 772 206 567 680 782 303 613 319 909 815 765 819 775
26 294 545 230 386 515 366 432 330 449 117 460 499 442 261 561 488 285 422 133 483 552 554 484 421 546 228 437 416 491 556 75 350 458 185 75
27 700 1021 644 484 1052 350 592 588 401 660 654 850 995 912 972 373 1093 923 1086 1073 884 486 331 1091 781 1000 946 893 678 1080 936 164 1071 453 491
28 417 614 480 82 151 858 651 182 775 631 826 880 748 643 482 486 749 438 704 849 821 202 392 628 214 782 414 155 393 814 298 752 855 706 582
29 323 399 345 267 372 94 274 130 391 383 436 192 434 223 308 360 197 251 406 163 201 349 415 158 383 322 296 274 201 222 368 248 436 329 270
30 292 763 985 831 987 909 727 590 288 862 997 514 671 780 406 984 798 907 881 667 981 664 449 537 428 822 899 861 297 316 857 383 903 671 697
31 836 841 453 464 784 1055 1054 987 694 962 668 901 515 171 610 1033 1077 293 993 421 545 857 248 562 208 514 461 750 311 1041 1100 635 68 331 457
32 360 346 207 198 330 209 200 267 53 154 316 292 274 215 98 341 357 93 221 310 136 348 216 136 144 239 199 157 355 316 305 226 220 247 121
33 164 473 442 723 707 137 714 645 790 532 260 507 301 257 454 251 690 747 509 598 585 729 771 92 693 652 627 800 388 759 308 666 705 731 440
34 1240 950 1235 533 111 440 1001 1082 1015 1243 248 570 670 882 513 1090 904 829 979 187 587 435 1076 915 752 1209 822 525 1136 764 673 471 920 1000 884
35 697 581 462 380 418 650 463 651 483 389 445 48 469 399 664 469 288 110 416 449 673 292 684 553 186 708 606 529 558 505 672 484 532 494 307
36 823 936 422 440 668 619 889 916 434 352 427 686 169 308 695 753 684 666 555 651 742 877 612 473 590 615 426 826 643 457 313 687 753 157 392
37 529 686 754 602 284 117 737 627 655 55 421 752 693 655 406 570 470 160 616 566 213 743 535 621 348 772 316 594 603 593 244 665 691 421 617
38 659 1079 648 827 1015 964 787 574 1051 138 594 549 905 454 1042 700 586 614 1076 1055 346 672 965 486 1006 937 597 493 914 748 1007 345 903 87 973
39 123 128 704 565 666 553 668 717 827 797 497 780 672 629 704 437 765 748 324 213 573 809 826 817 796 590 705 368 789 563 627 808 545 844 443
40 594 730 813 559 464 407 222 228 725 809 464 716 550 798 496 641 831 697 860 714 412 413 487 671 396 602 339 851 600 401 659 598 768 297 821
;

param:   cost_bundl  marginal :=
1 148 39
2 102 52
3 112 157
4 87 141
5 163 167
6 99 159
7 176 173
8 184 104
9 181 149
10 94 152
11 109 114
12 151 169
13 185 122
14 123 133
15 160 85
16 41 143
17 151 66
18 184 6
19 73 178
20 86 185
21 112 157
22 96 118
23 124 116
24 35 164
25 97 179
26 147 101
27 29 113
28 183 167
29 113 74
30 152 137
31 159 149
32 127 72
33 134 144
34 160 179
35 77 181
;
param: buyer budget :=
  0 3305
  1 2706
  2 3219
  3 1076
  4 911
  5 3264
  6 1987
  7 1232
  8 1046
  9 425
  10 390
  11 1717
  12 1385
  13 1902
  14 1579
  15 1596
  16 2333
  17 1440
  18 744
  19 2110
  20 3183
  21 754
  22 2338
  23 1061
  24 3340
  25 223
  26 188
  27 2416
  28 1254
  29 3729
  30 1806
  31 1442
  32 2073
  33 1607
  34 2228
  35 1773
  36 1163
  37 229
  38 1144
  39 999
;
param num_partition :=
4
;
param: item partition_index cardinality :=
0 0 15
1 0 27
2 0 35
3 0 39
4 0 19
5 0 6
6 0 10
7 0 16
8 0 25
9 0 6
10 0 32
11 0 5
12 0 23
13 0 14
14 0 4
15 0 17
16 0 11
17 0 11
18 0 3
19 0 4
20 1 29
21 1 27
22 1 35
23 1 13
24 1 4
25 1 13
26 1 2
27 1 27
28 2 1
29 2 3
30 2 27
31 2 14
32 2 35
33 2 10
34 2 14
