param num_bundles := 35;

param num_cust := 40;

param price_reserve :
   1 2 3 4 5 6 7 8 9 10 11 12 13 14 15 16 17 18 19 20 21 22 23 24 25 26 27 28 29 30 31 32 33 34 35 :=
1 368 387 348 334 517 534 525 468 612 147 446 559 457 628 348 568 408 603 480 595 635 420 478 417 580 582 521 540 464 399 279 613 232 153 605
2 828 766 926 777 909 952 443 718 717 855 466 751 634 429 497 896 681 589 282 933 574 372 268 929 738 365 817 842 675 288 803 586 400 475 840
3 1014 719 883 668 1151 1164 1208 728 898 682 1006 1169 978 1146 831 1155 334 505 522 1152 52 1103 847 1092 492 246 735 60 509 1121 1072 1045 1227 1114 802
4 105 31 142 93 72 13 149 144 22 135 182 142 180 137 132 145 169 111 140 60 158 14 156 144 108 42 136 124 92 166 116 176 171 185 170
5 609 856 529 765 240 455 70 369 274 687 564 776 799 589 804 766 879 624 824 424 860 278 478 133 532 734 410 702 847 695 665 801 201 837 538
6 524 176 425 454 431 227 444 162 354 551 559 378 466 475 266 145 333 396 557 538 559 554 442 418 539 91 155 526 552 135 298 547 415 410 432
7 487 587 492 268 587 295 434 498 274 185 416 508 402 233 377 585 575 151 539 199 586 179 444 234 598 160 270 589 421 364 348 466 192 144 500
8 126 72 668 727 937 1072 1038 1102 918 1054 724 760 603 774 816 984 602 714 716 950 715 1071 301 125 997 1051 1025 769 906 1017 1077 826 298 897 347
9 605 677 746 868 624 571 856 876 498 516 737 471 677 380 328 842 534 502 447 478 616 879 252 321 224 767 658 250 816 533 510 903 526 818 186
10 704 789 581 744 327 652 662 977 0 874 724 835 756 599 949 798 224 1043 969 825 1040 571 136 1065 391 887 876 834 924 758 1114 596 939 1036 958
11 974 511 555 358 294 835 909 398 525 966 425 277 705 421 600 783 122 705 612 428 765 534 68 823 767 654 548 433 758 792 482 89 392 467 756
12 702 768 826 375 755 429 563 489 540 328 651 601 719 559 767 634 736 685 339 790 643 807 668 566 642 732 623 827 462 451 750 683 766 358 451
13 297 412 486 596 219 687 158 504 80 516 731 504 227 373 381 556 527 654 631 440 738 632 370 406 406 423 233 431 274 678 747 574 684 202 189
14 694 370 493 302 657 335 458 327 602 550 577 653 661 100 703 491 600 581 217 626 711 663 85 337 433 414 342 356 153 707 372 72 604 380 479
15 808 997 278 807 355 418 998 1041 716 530 621 773 629 964 612 749 285 1014 768 1002 1033 580 734 922 848 261 785 979 783 601 1043 526 975 932 615
16 670 645 192 911 1051 943 216 662 1127 856 1046 1038 727 874 735 544 1053 387 801 1016 1108 433 1115 933 664 871 418 536 657 1032 1129 791 458 1042 570
17 848 144 372 961 770 639 826 806 845 763 187 948 752 657 513 788 898 1027 910 135 323 302 782 580 963 1040 716 551 977 899 886 941 844 314 816
18 909 384 865 432 601 418 471 655 272 579 323 899 797 277 891 871 806 532 875 82 637 916 725 833 426 915 375 565 698 61 576 671 720 872 360
19 671 566 539 562 556 108 651 711 671 125 540 36 12 591 453 463 695 390 446 429 337 248 571 458 676 715 345 593 620 609 542 502 704 383 303
20 351 230 308 357 55 285 367 92 345 361 350 233 184 104 325 35 275 190 227 372 327 301 372 367 120 289 256 297 268 345 237 343 354 282 281
21 895 669 801 1019 553 863 1118 969 1012 978 804 348 660 1034 866 1124 1083 1058 831 693 366 1054 1195 1084 478 931 1098 360 302 666 1034 1210 762 769 1069
22 1017 497 1013 246 914 953 1056 544 472 818 903 1027 724 760 356 433 1070 389 943 865 848 989 629 1042 903 960 898 661 670 993 709 1055 456 862 460
23 891 723 1139 1210 854 1145 765 1226 522 1121 405 586 1122 792 987 1114 636 1157 999 1152 1084 478 937 921 478 659 943 634 1119 798 1159 1111 815 1169 1050
24 607 539 137 222 622 511 462 353 426 205 509 191 572 592 166 291 636 127 539 449 597 441 631 169 594 553 556 420 357 579 224 470 562 534 616
25 773 910 840 674 836 390 173 705 915 236 811 673 833 821 491 798 653 715 622 705 535 514 844 925 781 628 932 101 661 572 906 916 669 828 790
26 1002 572 915 721 1203 636 256 105 1028 1118 590 787 1081 995 908 736 1072 1158 1199 1040 912 714 696 1046 602 942 1173 280 428 914 1210 873 993 1087 748
27 909 590 864 764 297 368 561 854 770 808 828 916 919 773 682 241 887 911 484 762 546 251 814 865 832 397 457 675 750 765 714 415 864 569 919
28 675 268 555 248 325 314 492 309 572 268 661 570 601 637 383 389 516 586 641 441 443 606 621 347 430 522 366 537 540 391 615 308 364 144 571
29 268 243 288 421 485 508 196 348 460 301 495 174 480 355 320 427 141 246 334 150 279 338 200 356 467 449 451 483 327 466 496 402 375 469 229
30 333 550 536 436 453 560 290 210 281 534 521 420 201 395 462 454 564 455 218 555 234 280 260 377 196 279 548 243 343 596 142 548 231 403 372
31 975 711 579 642 461 957 881 806 980 950 803 161 551 601 698 1004 958 360 952 702 1003 882 966 638 482 506 1016 1007 1021 826 846 739 890 429 478
32 669 295 227 816 900 766 443 345 665 597 893 734 734 687 673 539 359 744 851 787 720 165 364 877 903 780 110 484 695 844 715 328 647 903 440
33 1218 1098 635 856 915 1016 455 146 259 837 1103 1077 1146 478 930 1184 1145 941 1025 937 927 954 1254 1044 1011 950 1045 1031 585 1189 889 703 1148 1236 928
34 553 1001 1183 440 1086 1166 826 765 374 256 139 1106 1000 538 662 766 675 928 602 310 959 852 741 1081 787 804 870 1139 987 557 683 1119 712 730 419
35 803 449 778 737 584 437 209 329 789 806 40 509 582 623 730 537 642 716 619 367 529 624 498 66 622 721 541 511 760 560 428 458 778 728 148
36 412 751 1032 1206 1225 898 609 957 1182 1133 398 711 57 774 1049 662 488 1083 557 564 679 780 847 740 675 1134 1188 286 801 1079 978 921 922 713 978
37 777 503 601 1006 887 520 434 953 820 864 376 526 363 812 1139 1036 964 978 1067 694 969 753 1158 949 796 209 667 222 554 423 811 772 637 1041 683
38 491 574 755 634 1018 929 479 1091 825 616 1003 705 749 692 414 1115 943 1005 226 857 996 942 1085 989 904 863 345 313 917 866 1020 981 903 1188 488
39 1230 768 1236 978 624 773 1169 208 1211 1231 637 676 862 1150 632 691 1183 718 1084 814 964 880 930 935 669 1190 384 755 1169 1153 989 1130 1146 356 519
40 518 567 294 562 501 622 707 435 671 556 376 483 695 605 645 662 384 422 674 52 470 387 418 273 354 572 398 536 473 99 424 656 383 712 555
;

param:   cost_bundl  marginal :=
1 105 111
2 144 129
3 108 175
4 186 73
5 183 118
6 183 37
7 132 33
8 59 164
9 162 112
10 183 144
11 135 141
12 75 170
13 125 183
14 143 155
15 125 17
16 174 8
17 60 94
18 132 179
19 144 148
20 155 91
21 130 24
22 123 109
23 75 60
24 31 74
25 160 88
26 67 93
27 141 130
28 140 169
29 145 61
30 110 146
31 173 134
32 156 167
33 178 45
34 22 101
35 156 133
;
param: buyer budget :=
  0 3645
  1 560
  2 384
  3 3485
  4 2400
  5 2350
  6 3034
  7 436
  8 2541
  9 2444
  10 1134
  11 928
  12 712
  13 2590
  14 2703
  15 2375
  16 1573
  17 3095
  18 1524
  19 2015
  20 2544
  21 2670
  22 3696
  23 289
  24 2852
  25 2878
  26 1507
  27 3536
  28 615
  29 1641
  30 2141
  31 1059
  32 2033
  33 3525
  34 1180
  35 1447
  36 3445
  37 68
  38 606
  39 2662
;
param num_partition :=
4
;
param: item partition_index cardinality :=
0 0 29
1 0 21
2 0 20
3 0 13
4 0 3
5 0 30
6 0 26
7 0 14
8 1 26
9 1 5
10 1 32
11 1 16
12 1 3
13 1 11
14 1 16
15 1 9
16 1 7
17 1 31
18 1 19
19 1 13
20 1 14
21 1 19
22 1 33
23 1 8
24 1 10
25 1 34
26 1 2
27 1 9
28 2 10
29 2 12
30 2 5
31 2 18
32 2 13
33 2 12
34 2 7
