param num_bundles := 35;

param num_cust := 40;

param price_reserve :
   1 2 3 4 5 6 7 8 9 10 11 12 13 14 15 16 17 18 19 20 21 22 23 24 25 26 27 28 29 30 31 32 33 34 35 :=
1 550 666 500 814 954 169 581 814 715 817 575 878 717 921 678 519 928 821 684 911 820 365 529 788 784 869 694 425 738 796 855 832 708 497 628
2 460 522 639 200 321 727 169 624 736 618 694 256 211 245 460 494 772 667 172 768 533 734 601 770 350 676 660 551 693 361 240 228 607 438 453
3 725 1071 1121 1064 931 1131 363 1039 831 1123 461 742 732 921 268 848 791 473 728 233 890 767 354 216 433 665 812 847 626 1080 620 909 1113 249 1021
4 928 367 473 919 1019 982 276 998 976 154 548 51 688 884 165 714 816 862 653 215 370 892 822 353 685 590 356 805 898 391 295 853 472 633 869
5 120 278 617 374 363 571 597 602 480 531 470 641 458 655 64 593 326 292 534 643 214 378 662 655 480 395 487 604 485 549 287 200 573 510 479
6 1164 1181 1069 835 795 1161 541 79 874 537 987 156 296 550 534 184 1068 794 881 873 585 867 346 1216 1134 592 939 1254 182 618 522 745 987 494 1033
7 261 863 793 843 830 80 626 824 669 652 769 558 370 399 749 340 982 678 206 779 667 202 747 684 860 942 458 613 432 536 461 233 1021 882 836
8 542 593 1031 146 937 783 610 932 819 377 851 39 883 988 815 913 330 975 523 533 942 514 827 825 533 750 898 525 1001 810 632 471 314 913 837
9 428 299 188 406 204 639 659 670 184 528 294 439 419 724 723 730 351 616 682 248 543 677 615 563 618 622 641 181 571 637 458 584 661 672 648
10 478 458 301 307 103 316 277 407 496 401 232 502 276 466 311 507 352 209 273 176 146 391 493 204 190 308 169 465 309 335 289 256 432 275 489
11 616 381 892 719 626 930 952 348 806 373 204 805 966 714 123 668 469 818 701 787 885 695 566 685 567 855 991 857 491 134 947 505 380 827 881
12 303 560 421 246 532 486 293 358 529 247 264 395 249 350 319 409 515 398 242 199 400 328 514 412 179 187 450 559 405 507 165 93 445 197 533
13 589 698 631 466 689 672 486 806 448 539 334 579 686 665 604 473 107 826 617 775 622 321 809 806 772 494 649 719 476 713 745 707 309 512 762
14 521 449 1022 545 1016 1008 281 835 932 723 244 654 978 936 843 741 644 209 691 586 420 894 957 754 692 750 575 579 984 608 548 956 956 439 535
15 994 949 763 602 645 964 881 497 956 844 333 1035 341 925 1011 781 1003 799 535 689 641 743 966 134 804 1038 914 773 892 844 845 822 99 880 312
16 258 331 277 341 268 93 259 424 104 237 173 440 294 399 400 333 420 300 111 83 381 404 431 300 385 112 320 191 184 373 354 363 428 357 95
17 719 891 107 1087 569 548 1066 787 121 126 1003 311 858 1135 371 995 610 809 947 871 227 672 607 439 1105 611 763 875 804 1030 1086 355 912 1098 826
18 635 637 809 865 755 700 923 753 644 823 541 528 558 728 653 923 855 813 467 937 749 289 466 810 935 942 68 543 910 821 758 415 835 890 891
19 524 91 465 462 352 336 443 350 502 369 246 490 497 275 476 547 552 504 337 553 549 433 206 217 353 380 526 387 298 472 545 345 467 303 486
20 246 449 348 446 350 430 323 315 423 271 450 338 411 328 325 309 371 426 412 322 289 349 127 147 250 415 218 166 299 398 152 314 401 366 226
21 552 513 457 277 487 216 488 450 462 378 436 354 228 355 290 410 413 311 536 166 503 450 456 343 554 473 330 257 362 321 115 460 209 498 348
22 958 617 1154 1130 200 1211 1189 693 198 1140 1155 551 825 1132 948 602 850 587 1208 469 570 1161 1177 835 816 809 367 1148 496 734 1073 829 664 1069 1083
23 492 1044 816 697 740 564 958 862 912 1041 568 892 863 904 693 585 894 627 530 746 937 1014 368 903 247 945 574 493 210 990 872 596 135 395 664
24 524 859 957 462 866 830 986 453 602 732 877 148 453 874 568 961 654 941 782 58 734 936 902 510 270 84 807 483 706 427 16 886 865 361 916
25 1177 1052 195 789 963 360 1060 773 876 444 752 781 1067 1172 1092 1117 1049 955 910 829 387 983 684 277 199 1009 1022 859 673 592 410 757 1010 1183 658
26 530 805 198 725 977 244 621 944 748 473 655 690 835 632 846 817 927 403 823 421 557 587 229 934 218 478 157 329 969 485 825 889 529 859 392
27 941 246 1195 440 1161 620 838 1031 505 1010 753 1148 881 798 1249 1258 215 765 588 669 734 1067 379 832 1174 476 517 717 939 509 400 527 1032 1142 755
28 851 231 692 269 867 886 793 593 300 414 842 888 684 213 409 57 816 394 620 329 324 611 355 295 684 515 689 802 731 595 646 429 607 852 632
29 737 394 779 577 708 162 412 602 550 401 411 691 463 536 528 303 76 492 679 586 572 652 595 707 619 672 472 747 523 754 416 648 309 555 325
30 411 314 273 401 477 350 170 237 275 143 370 423 200 182 508 14 431 459 207 420 190 175 217 289 361 425 327 214 323 498 307 408 148 205 509
31 70 113 172 146 112 161 162 105 120 149 36 99 128 49 96 143 64 173 153 147 182 142 133 45 101 142 111 142 167 138 159 53 140 150 139
32 208 632 556 658 559 32 586 585 645 644 713 403 757 745 727 389 704 693 660 97 733 277 438 646 759 266 344 205 587 581 34 555 366 748 473
33 272 571 475 516 372 555 472 496 422 542 333 533 340 609 407 292 371 520 491 364 540 624 514 363 535 252 631 608 538 315 586 169 534 604 503
34 405 259 193 240 251 324 397 240 414 227 297 112 254 310 441 303 233 252 132 442 199 21 111 383 386 224 288 440 265 22 401 349 391 83 417
35 746 401 664 219 787 1091 927 1122 639 912 540 583 385 1092 502 805 987 669 853 1058 777 1044 440 842 957 265 213 944 1068 1056 663 847 370 898 978
36 857 298 302 1036 901 542 995 962 670 428 672 798 853 624 600 793 860 962 835 1062 132 1043 887 898 773 1083 716 491 913 442 276 597 513 865 827
37 82 425 276 307 447 379 288 103 222 335 122 399 77 155 82 341 330 439 129 223 219 213 257 237 440 208 336 367 429 272 398 349 183 389 247
38 932 615 1092 1130 760 497 229 1137 808 948 963 547 974 614 1181 697 1044 803 395 558 1032 1204 1136 802 729 692 822 981 1183 1135 1163 736 824 994 592
39 543 677 672 399 670 157 691 620 538 587 691 521 224 407 750 601 602 724 228 477 635 679 690 506 584 631 628 437 424 733 684 574 563 294 420
40 298 397 765 826 643 412 465 450 711 834 691 793 529 816 44 831 783 339 785 753 802 731 777 575 363 734 755 768 790 780 367 764 647 811 824
;

param:   cost_bundl  marginal :=
1 173 72
2 144 154
3 139 168
4 144 164
5 183 117
6 48 136
7 154 168
8 131 170
9 133 44
10 81 119
11 99 77
12 126 122
13 177 162
14 162 157
15 141 16
16 142 164
17 180 105
18 84 165
19 97 134
20 130 40
21 61 98
22 100 87
23 20 22
24 75 46
25 139 158
26 176 84
27 101 64
28 129 134
29 82 110
30 166 107
31 62 95
32 182 165
33 116 164
34 170 128
35 156 71
;
param: buyer budget :=
  0 983
  1 2378
  2 1164
  3 667
  4 455
  5 1467
  6 3202
  7 1192
  8 778
  9 1039
  10 806
  11 342
  12 2200
  13 3575
  14 1575
  15 2830
  16 1308
  17 1285
  18 1352
  19 3702
  20 3177
  21 367
  22 89
  23 2356
  24 2333
  25 3200
  26 1498
  27 3442
  28 1147
  29 3385
  30 3591
  31 3217
  32 910
  33 2065
  34 2911
  35 3020
  36 2162
  37 3606
  38 848
  39 2557
;
param num_partition :=
4
;
param: item partition_index cardinality :=
0 0 18
1 0 20
2 0 32
3 0 27
4 0 20
5 0 1
6 0 9
7 0 32
8 0 35
9 0 5
10 0 9
11 0 24
12 0 33
13 0 13
14 0 15
15 0 6
16 0 12
17 0 11
18 0 4
19 0 23
20 0 11
21 0 3
22 0 25
23 0 17
21 2 3
22 2 25
23 2 17
24 2 23
25 2 17
26 2 28
27 2 36
28 2 39
29 2 29
30 2 15
31 2 22
32 2 34
33 2 24
34 2 33
