param num_bundles := 35;

param num_cust := 40;

param price_reserve :
   1 2 3 4 5 6 7 8 9 10 11 12 13 14 15 16 17 18 19 20 21 22 23 24 25 26 27 28 29 30 31 32 33 34 35 :=
1 355 291 277 321 153 120 115 208 318 366 214 167 288 117 302 40 120 162 151 107 275 73 264 266 215 135 80 329 169 138 143 216 299 219 328
2 835 750 637 370 805 290 459 588 416 673 332 512 387 286 599 794 665 278 341 598 719 367 156 444 846 829 629 391 597 761 514 529 704 516 279
3 431 363 163 340 349 320 464 336 410 290 266 385 462 383 297 464 194 268 292 273 336 407 461 476 477 317 434 486 360 450 319 460 406 436 150
4 496 472 555 548 607 241 562 420 206 237 457 362 303 714 479 104 570 203 353 685 364 649 249 311 166 703 629 696 365 232 548 687 134 582 382
5 882 890 218 990 810 998 930 842 1008 996 836 480 229 907 874 693 953 1053 443 850 628 762 889 382 668 326 899 596 740 1004 742 862 729 1011 35
6 948 536 956 602 639 960 401 529 968 1075 1095 914 337 581 358 1034 891 900 898 443 981 1026 804 508 974 655 743 916 831 1070 707 841 660 737 1064
7 975 353 934 598 653 346 589 194 630 395 572 654 342 992 880 878 879 912 828 458 788 607 251 676 840 465 630 719 647 889 515 520 444 725 601
8 849 409 263 826 514 793 641 523 721 118 501 451 340 500 872 646 723 891 815 799 329 735 763 617 928 158 575 267 396 126 789 894 795 932 746
9 569 404 374 534 427 473 689 347 145 656 314 679 396 385 591 551 706 300 646 420 659 406 147 104 613 500 517 589 684 713 209 423 462 169 421
10 471 557 457 751 423 1109 733 1094 401 867 444 1088 521 599 731 1040 428 710 247 1119 819 410 769 367 1036 936 1081 537 882 998 897 927 930 700 595
11 1163 836 175 990 643 1227 972 1084 1111 1049 756 1134 452 689 189 1173 1240 1086 353 644 659 1108 646 1085 367 720 365 855 1231 602 1209 1175 1048 1137 631
12 631 538 642 802 805 399 288 940 312 880 767 303 780 585 641 595 765 599 736 261 191 668 834 216 467 712 117 563 851 799 880 679 171 306 327
13 784 571 955 1007 939 1047 1140 798 674 1114 962 1006 604 634 869 765 831 1136 1086 1059 588 319 433 84 808 974 1046 688 1046 361 858 644 518 956 399
14 851 854 199 697 500 579 802 597 751 735 714 449 817 671 874 765 259 480 702 863 844 526 883 368 507 604 831 200 848 587 528 516 868 789 759
15 322 426 562 609 565 608 481 586 477 167 367 260 366 396 557 384 543 203 157 228 510 555 458 517 576 333 372 312 379 507 598 331 386 634 163
16 300 308 275 606 597 615 611 18 443 277 565 502 541 521 210 405 239 340 456 127 103 555 616 619 620 593 446 233 175 592 519 507 560 481 143
17 879 603 235 477 649 470 639 326 626 548 755 367 463 422 508 490 735 619 799 778 441 716 640 519 264 194 427 370 856 354 757 525 418 574 550
18 692 658 1218 780 1231 1048 678 840 979 1275 998 973 969 1060 1171 766 632 1237 524 739 1082 812 1121 1016 984 455 653 846 1149 557 301 1186 677 1049 710
19 937 510 902 1035 940 393 771 907 401 672 440 1024 484 541 910 113 1032 873 767 1031 877 781 704 598 831 713 504 744 887 1019 583 412 918 835 713
20 1035 970 1232 251 431 664 679 512 656 773 615 933 858 695 677 863 1233 1251 1211 523 630 817 766 478 435 1087 690 758 1178 1121 780 1231 368 799 451
21 369 328 594 306 299 520 660 577 543 415 442 647 327 332 368 514 227 376 322 529 501 513 560 287 629 293 559 282 590 477 641 256 446 542 468
22 202 377 451 291 523 464 520 502 513 470 137 274 513 542 277 557 448 383 529 221 337 532 279 549 546 527 380 381 469 266 538 300 534 307 175
23 275 414 440 440 305 95 504 370 308 90 213 500 484 80 289 187 380 195 482 22 427 312 257 363 447 384 437 273 236 484 366 61 158 446 299
24 121 351 739 733 683 268 366 642 449 595 379 621 608 566 617 560 567 739 416 417 620 591 140 317 488 187 728 447 508 202 258 586 478 585 626
25 529 144 841 350 804 841 750 465 627 185 834 509 638 434 570 413 300 804 612 351 809 501 858 550 621 842 571 448 834 812 682 684 608 234 375
26 895 727 310 945 1009 905 823 157 951 668 848 712 965 1040 845 1085 787 784 989 655 969 574 304 530 935 1045 892 771 296 759 1120 178 1072 464 173
27 1011 801 659 767 601 773 609 1097 517 621 770 945 1001 895 1095 314 957 405 970 41 818 578 1023 153 245 148 819 768 722 1001 1088 594 747 434 1082
28 865 676 824 526 653 846 915 714 750 695 746 706 873 396 429 386 728 950 888 802 842 180 883 912 419 473 952 288 309 849 313 540 960 542 409
29 815 597 667 769 723 528 343 456 856 753 747 591 721 276 376 710 318 598 342 564 683 424 722 813 765 681 549 859 721 553 458 768 283 584 738
30 1070 523 470 890 1056 857 854 404 207 804 840 807 399 1093 977 905 1061 820 516 354 693 1042 1051 846 501 1086 299 854 1035 700 999 1095 724 955 939
31 1041 971 615 1092 1092 253 1065 903 435 801 694 1069 105 968 370 1074 1014 613 541 1040 1046 818 878 303 947 1020 387 952 913 862 789 420 635 838 446
32 992 1056 977 315 543 917 236 1022 534 938 713 879 750 756 622 847 1071 757 853 715 823 759 588 337 1053 1082 819 77 282 331 944 654 296 622 987
33 249 949 1070 981 470 827 382 838 1189 421 1080 1156 1076 844 494 490 956 704 1163 1138 1150 824 748 407 544 1074 1109 698 1057 769 984 331 453 1071 483
34 814 606 700 737 878 707 793 683 589 491 812 484 832 863 268 737 208 697 686 667 750 256 257 716 661 688 822 624 352 779 470 450 668 798 830
35 1107 1006 1014 1181 286 1094 612 997 725 1190 648 857 885 936 1018 283 1156 855 881 1137 867 775 806 533 390 716 991 627 1032 1052 1123 603 404 1202 934
36 204 125 535 571 491 183 190 385 359 98 446 580 583 658 606 661 312 311 460 251 793 539 714 617 664 502 687 426 314 590 288 237 592 615 530
37 924 408 195 772 509 943 896 784 795 745 1019 206 312 895 884 826 993 476 638 913 928 746 766 878 698 595 977 247 984 720 529 683 1020 797 768
38 844 838 1151 351 1077 1055 1094 935 327 875 623 1179 1122 897 776 733 646 999 410 951 893 501 405 1009 1177 819 1010 1061 641 727 1011 1176 873 1110 1163
39 882 576 851 684 807 270 960 387 561 923 811 68 311 525 979 542 935 489 943 847 772 189 491 980 732 875 281 884 881 953 499 168 534 879 347
40 958 798 805 688 900 766 206 966 508 545 195 336 560 977 712 774 964 697 689 593 775 741 1022 472 102 664 878 360 492 655 890 988 731 166 613
;

param:   cost_bundl  marginal :=
1 167 132
2 130 180
3 160 107
4 77 159
5 148 37
6 148 141
7 130 177
8 85 128
9 113 135
10 160 166
11 122 138
12 125 175
13 91 118
14 127 166
15 139 157
16 99 150
17 159 67
18 151 174
19 157 155
20 97 47
21 145 110
22 168 162
23 158 134
24 83 82
25 60 184
26 160 39
27 167 154
28 163 172
29 149 26
30 115 173
31 173 148
32 149 13
33 83 120
34 170 80
35 63 177
;
param: buyer budget :=
  0 2752
  1 598
  2 3449
  3 2671
  4 808
  5 2736
  6 1737
  7 1882
  8 2294
  9 504
  10 2188
  11 1246
  12 1832
  13 2702
  14 3053
  15 802
  16 3758
  17 513
  18 3525
  19 954
  20 167
  21 2269
  22 3579
  23 3543
  24 2964
  25 1334
  26 3464
  27 1313
  28 3423
  29 234
  30 2351
  31 2728
  32 1714
  33 3603
  34 1376
  35 2695
  36 1510
  37 1131
  38 3515
  39 1958
;
param num_partition :=
4
;
param: item partition_index cardinality :=
0 0 9
1 0 6
2 0 16
3 0 37
4 0 11
5 0 17
6 0 6
7 0 15
8 0 35
9 0 15
10 0 13
11 0 11
12 0 14
13 0 18
14 0 7
15 0 10
16 0 27
17 0 20
18 0 33
19 0 15
20 0 19
21 0 4
22 0 15
23 0 5
24 1 17
25 1 8
26 1 35
27 2 36
28 2 36
29 2 31
30 2 5
31 2 13
32 2 21
33 2 24
34 2 36
