param num_bundles := 35;

param num_cust := 40;

param price_reserve :
   1 2 3 4 5 6 7 8 9 10 11 12 13 14 15 16 17 18 19 20 21 22 23 24 25 26 27 28 29 30 31 32 33 34 35 :=
1 804 581 825 712 351 708 882 688 759 1018 1049 962 433 741 964 731 820 1024 985 826 948 182 733 305 1030 108 353 845 263 442 611 1017 988 436 998
2 1105 392 778 152 226 561 1040 697 960 970 1090 768 671 930 870 856 849 971 1096 847 1006 352 1000 889 920 790 963 786 823 737 1107 591 965 613 519
3 549 657 724 869 393 685 899 1049 491 476 569 850 564 368 666 1043 946 478 515 852 154 350 864 396 225 1131 867 1086 521 1113 1049 1126 1009 233 918
4 331 718 690 565 634 659 443 745 732 740 445 616 678 467 463 715 337 652 475 663 633 464 566 301 368 677 89 330 734 545 542 449 150 565 387
5 990 334 933 893 1075 931 327 943 985 960 749 260 1062 779 934 713 739 468 901 755 367 1006 1076 365 637 675 556 978 762 731 404 762 904 292 437
6 985 372 900 554 947 949 135 846 956 793 656 738 867 752 665 581 722 264 518 747 573 897 808 1000 842 173 647 519 947 908 589 839 750 949 699
7 1156 770 935 842 1058 1067 984 772 1001 786 755 969 1169 1022 898 1228 331 547 1086 1267 867 1273 671 222 582 1213 911 683 833 1125 1048 522 621 1255 1226
8 760 710 204 982 1176 1153 1029 873 607 1229 769 967 934 645 208 767 817 586 235 315 996 1142 1018 811 805 1032 1042 647 1163 847 1068 506 674 1035 1197
9 882 191 844 447 485 967 884 304 473 602 537 735 268 805 966 970 620 789 905 723 994 64 907 983 478 893 764 889 711 640 386 490 741 214 941
10 452 745 802 215 429 875 918 1116 438 529 460 1097 1079 619 349 758 593 284 978 1086 1050 573 184 860 675 1160 290 928 946 237 1163 1097 1193 1118 1175
11 792 775 423 436 766 541 786 607 539 390 185 425 304 399 124 309 547 143 372 443 230 480 586 742 112 728 342 730 450 248 345 612 568 694 635
12 277 309 212 284 266 243 560 556 395 540 255 602 369 388 495 349 418 543 377 541 456 376 135 568 382 302 341 421 226 597 418 561 546 490 205
13 517 361 184 588 249 618 488 695 173 653 695 316 646 324 398 561 511 528 461 74 681 125 659 744 705 186 371 682 250 608 465 434 369 523 736
14 889 724 993 927 781 635 484 792 1142 358 876 447 1164 410 605 462 564 878 930 1022 939 887 654 905 1155 599 385 1038 618 742 1131 970 977 1001 472
15 625 1154 145 572 787 974 1002 1215 1010 750 964 1197 587 725 497 349 1021 997 1124 1022 992 797 471 1055 469 369 914 303 961 774 1150 903 998 1184 741
16 894 1091 749 986 810 622 239 1113 1194 670 981 880 906 437 777 713 1100 748 428 923 235 1179 903 1121 676 842 370 728 752 1014 201 1035 1169 342 1152
17 448 497 344 290 289 507 350 543 321 331 517 549 556 395 432 70 504 181 550 349 560 429 468 398 313 522 302 330 336 251 394 252 232 537 491
18 476 127 475 566 598 251 665 659 314 543 564 595 364 441 679 396 634 361 507 582 562 558 476 299 291 657 467 404 445 624 612 287 223 582 537
19 884 110 859 723 736 917 629 648 86 763 777 860 600 764 395 906 555 831 740 307 432 573 804 743 785 655 597 52 709 769 934 509 696 894 617
20 649 726 823 573 682 832 788 342 767 607 242 639 780 559 647 313 738 817 532 663 833 361 491 805 326 515 671 558 492 618 227 707 356 479 580
21 930 738 539 575 719 613 825 538 938 912 968 927 809 309 404 670 412 884 858 848 899 889 391 145 831 741 554 726 329 778 417 313 753 657 876
22 280 348 195 369 255 301 265 199 363 155 235 167 351 205 331 286 52 224 352 277 220 325 345 202 302 211 160 185 342 215 311 242 166 270 321
23 824 811 909 358 231 705 530 929 876 695 930 768 668 611 879 447 805 728 524 701 635 733 921 567 386 579 354 51 631 669 445 834 889 74 466
24 860 981 137 404 906 418 641 654 603 950 750 274 927 217 571 257 1048 921 694 154 1053 256 582 755 472 922 640 962 785 989 173 750 889 277 720
25 632 654 428 447 337 416 460 509 461 443 665 576 83 402 494 631 269 515 394 111 569 454 130 501 211 657 641 660 330 561 453 497 602 579 595
26 602 771 594 484 774 733 165 332 1029 688 354 678 823 1001 1008 938 120 712 631 575 916 972 982 432 533 147 895 974 1020 1031 966 509 618 312 431
27 842 860 780 339 611 821 591 798 191 853 859 853 340 367 472 187 710 861 743 673 564 746 139 734 180 902 348 320 636 698 650 745 581 687 855
28 560 595 250 643 348 157 583 319 168 233 476 155 357 177 497 505 285 629 245 243 241 447 558 630 533 598 529 607 412 290 457 148 502 90 538
29 752 152 803 385 589 621 386 737 762 883 862 335 834 710 615 429 415 648 393 905 504 884 662 450 649 740 784 746 880 626 347 191 683 681 656
30 844 205 848 820 730 850 881 1076 1086 552 950 576 486 931 707 262 874 878 1078 1010 659 384 888 910 796 721 1033 1046 640 830 838 662 945 267 904
31 321 1098 774 436 1126 1099 499 513 1231 1104 430 1039 1147 533 272 665 1090 852 1210 918 1020 1063 613 297 617 828 220 864 907 942 334 191 345 436 1154
32 317 326 788 529 506 564 177 893 897 859 861 819 737 652 565 443 697 838 334 514 853 829 521 847 282 145 468 824 638 863 861 828 375 881 711
33 956 908 1080 941 440 1002 856 1155 699 715 174 681 751 343 379 728 862 621 755 100 255 1138 1066 954 1110 477 873 966 908 934 870 1000 630 584 362
34 782 1246 621 995 930 1084 792 126 765 691 994 355 745 682 1217 927 556 424 939 1131 559 1072 445 996 511 974 1220 1233 1048 399 774 775 1206 1233 604
35 744 766 604 988 386 1054 830 103 222 558 756 569 505 1098 640 1095 713 971 289 816 539 1140 809 979 120 868 224 367 1070 690 706 714 956 860 1026
36 426 1030 886 898 1106 839 682 1008 698 330 548 875 1038 1119 612 135 934 1120 392 1020 192 558 397 874 1024 602 929 815 599 1086 989 394 877 505 829
37 42 385 524 107 514 213 465 219 365 549 462 546 496 308 294 440 211 156 333 435 344 296 190 268 526 421 299 278 502 88 528 523 432 531 494
38 440 1085 994 786 1123 1118 1196 1141 776 1066 1167 432 828 294 1166 1162 333 857 808 708 771 775 239 723 807 922 1198 1017 1050 856 946 1136 371 1146 608
39 522 502 600 310 493 603 220 258 428 500 400 343 503 405 492 542 379 496 594 386 184 379 253 291 296 581 153 604 491 575 565 350 212 433 447
40 426 405 174 356 347 277 366 409 178 381 222 447 401 441 208 187 337 297 140 446 256 365 40 367 258 405 279 181 246 133 364 412 324 169 232
;

param:   cost_bundl  marginal :=
1 143 156
2 70 78
3 187 123
4 151 109
5 178 182
6 128 110
7 107 113
8 83 79
9 46 92
10 172 103
11 116 100
12 130 120
13 74 147
14 74 167
15 139 133
16 60 69
17 146 159
18 140 141
19 175 121
20 153 147
21 28 176
22 78 176
23 89 181
24 102 63
25 151 130
26 119 149
27 169 134
28 75 84
29 123 116
30 179 135
31 157 182
32 161 158
33 90 116
34 138 139
35 125 99
;
param: buyer budget :=
  0 2201
  1 1180
  2 1419
  3 2114
  4 3115
  5 2264
  6 478
  7 1819
  8 2257
  9 1626
  10 2208
  11 2387
  12 1755
  13 3290
  14 1859
  15 3550
  16 2610
  17 1870
  18 2619
  19 1301
  20 1784
  21 3367
  22 464
  23 3196
  24 1415
  25 3144
  26 3541
  27 2072
  28 880
  29 3033
  30 2217
  31 1412
  32 2320
  33 710
  34 460
  35 2101
  36 1129
  37 3802
  38 3649
  39 1424
;
param num_partition :=
4
;
param: item partition_index cardinality :=
0 0 14
1 0 12
2 0 9
3 0 15
4 0 13
5 0 24
6 0 17
7 0 36
8 0 37
9 0 19
10 0 4
11 0 15
12 0 35
13 0 2
14 0 28
15 0 30
16 0 16
17 0 36
18 0 19
19 0 39
20 0 21
21 0 36
22 0 20
23 0 7
24 0 13
25 0 11
26 0 10
27 0 21
28 0 8
29 0 15
30 0 27
31 0 32
32 0 16
33 0 27
34 2 8
