param num_bundles := 35;

param num_cust := 40;

param price_reserve :
   1 2 3 4 5 6 7 8 9 10 11 12 13 14 15 16 17 18 19 20 21 22 23 24 25 26 27 28 29 30 31 32 33 34 35 :=
1 803 934 772 893 847 725 802 410 1036 458 263 909 894 135 491 774 605 662 1026 755 811 796 641 527 738 548 470 874 856 338 570 854 834 638 785
2 982 316 793 446 789 570 729 637 662 831 592 928 856 913 662 615 993 732 904 406 312 660 957 958 780 981 160 889 479 390 556 508 834 595 555
3 1032 1011 839 542 138 938 557 889 1065 555 984 1007 142 919 930 779 981 960 878 601 729 695 1005 689 861 895 606 957 954 588 784 135 651 964 837
4 396 467 533 256 160 410 294 656 386 317 709 344 534 472 158 401 516 462 501 560 608 551 554 291 687 599 261 671 706 686 686 353 306 426 709
5 364 767 739 800 412 809 669 352 523 458 575 258 576 433 620 585 590 407 499 589 259 202 700 623 812 605 825 798 500 756 766 769 756 355 553
6 365 472 426 181 493 161 236 275 128 426 313 510 346 503 473 194 410 217 432 140 416 480 328 432 190 160 203 219 443 283 498 342 375 462 369
7 1085 249 655 1013 170 758 733 452 588 1149 813 819 670 763 1038 257 1033 832 1080 615 225 941 1241 761 604 781 465 1169 747 731 635 520 866 1070 921
8 659 464 742 612 396 499 819 681 753 319 673 517 626 785 355 199 262 403 681 696 723 645 361 559 0 788 568 788 428 777 502 575 467 437 609
9 248 343 650 695 627 692 423 318 582 235 615 599 602 385 296 496 525 411 145 498 326 216 708 410 448 592 336 697 245 611 593 669 608 681 529
10 590 349 28 363 460 600 126 545 387 537 340 539 521 578 439 438 258 183 569 464 574 573 493 370 496 590 557 172 151 317 369 344 246 332 595
11 402 556 505 573 363 375 394 592 508 541 55 336 458 657 673 235 358 579 564 424 542 380 589 659 599 519 304 305 701 573 637 482 486 504 698
12 718 739 767 516 333 648 432 473 485 709 805 475 738 748 548 365 595 683 198 801 691 805 376 667 698 616 744 693 702 557 491 781 526 462 565
13 148 52 172 157 35 152 108 178 142 77 84 183 136 161 184 95 175 105 139 130 126 76 119 76 95 101 128 23 83 109 135 124 131 40 136
14 84 153 649 404 758 623 788 764 559 652 556 736 785 97 454 764 781 663 644 384 269 284 471 466 517 447 485 598 788 341 756 154 675 734 787
15 615 620 204 1074 803 628 1055 1079 795 998 555 1004 230 103 539 788 213 411 791 592 1023 1056 340 980 941 609 930 860 829 408 747 507 571 961 484
16 418 53 494 611 329 806 870 829 879 504 720 467 599 734 668 679 314 820 853 791 390 497 700 318 425 591 685 776 454 293 48 802 819 825 843
17 652 654 606 130 210 163 318 473 163 549 514 263 509 679 562 208 561 599 526 373 554 285 421 580 395 456 656 641 470 670 378 631 319 238 575
18 1072 1070 424 957 549 884 180 300 542 1015 594 714 740 1108 1120 868 1112 207 565 1033 591 699 841 216 490 781 1070 883 714 1092 394 948 1022 565 767
19 970 941 775 765 610 295 932 566 1009 759 252 633 755 477 1007 953 856 574 283 865 995 653 360 194 508 944 1039 764 437 454 1004 869 747 996 542
20 276 455 201 604 545 936 291 778 670 1018 331 823 659 584 607 938 983 319 610 651 422 849 883 765 405 504 645 670 607 982 579 559 953 799 370
21 535 235 87 303 461 439 472 404 311 204 481 538 374 304 552 542 388 255 335 512 464 373 511 369 183 464 336 475 164 396 246 299 411 514 245
22 416 871 791 583 862 812 634 637 848 815 519 699 491 139 819 730 479 819 637 729 620 768 689 630 771 703 746 591 776 150 565 721 370 515 277
23 444 511 873 794 990 293 991 936 884 990 813 683 508 424 992 598 996 978 758 365 355 451 656 1014 876 636 547 228 786 956 588 915 978 977 898
24 944 1014 1082 1069 790 500 1222 916 1212 1229 1173 1132 1236 1116 557 1239 1188 1130 894 1211 788 957 702 1201 381 1238 988 1000 1128 1241 577 719 1012 692 1160
25 762 507 989 531 348 988 602 1049 1044 646 1099 1035 499 476 686 353 889 136 628 26 1033 585 1038 1112 1079 986 361 680 1115 1052 496 1019 933 426 724
26 586 612 467 502 176 521 377 680 571 611 500 630 327 609 383 634 605 672 251 460 423 569 338 621 633 317 331 164 604 489 538 506 497 366 244
27 1157 876 846 586 395 610 546 1030 768 403 569 994 1049 1140 1048 357 1002 489 818 318 532 869 387 151 751 417 1006 316 1032 1080 1128 188 231 1086 239
28 507 729 802 904 1157 1115 1092 394 714 981 909 1170 458 846 1169 1172 631 883 381 535 474 1082 1172 1032 960 530 964 494 352 362 1142 809 105 603 783
29 1120 850 54 522 663 189 758 1022 595 1102 874 684 822 783 689 1060 907 703 1040 538 363 1118 1093 430 466 609 382 983 676 850 531 841 934 813 885
30 641 411 706 508 978 317 1033 284 878 979 770 626 240 487 929 520 426 913 573 776 131 482 611 350 883 648 749 484 758 609 910 104 931 397 1015
31 849 829 143 822 857 893 839 646 677 719 568 655 847 556 367 805 850 694 891 803 635 718 575 688 549 547 673 831 879 830 810 361 787 319 599
32 871 730 1047 975 96 304 969 599 830 625 660 827 813 736 956 266 44 1032 931 120 862 627 879 746 779 393 750 250 301 821 1025 1016 726 176 451
33 447 385 405 244 604 406 462 582 530 223 353 576 511 380 497 403 587 435 461 202 582 255 486 410 565 568 249 497 418 483 312 558 465 383 334
34 446 1021 892 987 918 795 270 834 34 857 449 1008 863 289 379 1119 495 1124 917 1132 464 841 977 1170 1089 976 1174 428 782 1121 1122 1110 862 1145 679
35 173 51 30 113 160 177 121 163 154 154 92 142 118 186 120 129 101 131 166 97 35 32 93 164 65 153 46 161 153 78 109 177 70 122 167
36 86 430 433 364 205 363 253 432 168 343 420 184 309 370 35 329 225 292 439 424 420 424 215 236 354 429 150 371 64 268 292 426 404 176 214
37 465 572 723 808 37 457 728 801 665 664 626 296 602 747 780 493 664 452 194 44 682 815 580 299 704 406 699 756 371 549 546 411 688 727 667
38 85 95 139 95 166 159 87 164 177 107 104 56 179 121 28 52 150 170 104 158 117 150 55 110 72 128 94 105 151 26 165 110 154 156 164
39 332 150 137 79 439 371 226 120 129 125 72 234 153 269 263 336 316 320 110 381 420 433 345 399 185 371 240 338 384 413 283 373 267 230 134
40 729 610 602 498 945 973 950 512 478 813 638 900 653 474 949 927 679 616 812 556 640 93 397 892 888 117 732 399 807 478 828 418 577 279 535
;

param:   cost_bundl  marginal :=
1 154 143
2 136 152
3 36 90
4 99 169
5 38 50
6 147 101
7 164 157
8 128 116
9 177 99
10 177 155
11 124 167
12 163 140
13 178 39
14 154 159
15 162 150
16 137 173
17 100 33
18 154 164
19 61 133
20 151 151
21 146 154
22 173 181
23 186 150
24 111 154
25 83 95
26 171 175
27 70 72
28 131 157
29 182 44
30 133 176
31 183 71
32 186 178
33 130 119
34 139 182
35 180 53
;
param: buyer budget :=
  0 409
  1 1545
  2 2961
  3 555
  4 2521
  5 2009
  6 1303
  7 2464
  8 892
  9 658
  10 3574
  11 3169
  12 2671
  13 1963
  14 2285
  15 1158
  16 1625
  17 2681
  18 3244
  19 1321
  20 1509
  21 1199
  22 1915
  23 617
  24 3340
  25 2872
  26 3291
  27 1930
  28 1734
  29 3392
  30 1908
  31 3432
  32 1710
  33 796
  34 1462
  35 2102
  36 1392
  37 617
  38 2239
  39 1882
;
param num_partition :=
4
;
param: item partition_index cardinality :=
0 0 7
1 0 19
2 1 6
3 1 20
4 1 6
5 1 25
6 1 1
7 1 1
8 1 6
9 1 21
10 1 12
11 2 23
12 2 37
13 2 25
14 2 5
15 2 7
16 2 31
17 2 30
18 2 15
19 2 6
20 2 29
21 2 8
22 2 13
23 2 31
24 2 30
25 2 32
26 2 35
27 2 4
28 2 16
29 2 2
30 2 10
31 2 20
32 2 1
33 2 2
34 2 11
