param num_bundles := 35;

param num_cust := 40;

param price_reserve :
   1 2 3 4 5 6 7 8 9 10 11 12 13 14 15 16 17 18 19 20 21 22 23 24 25 26 27 28 29 30 31 32 33 34 35 :=
1 872 1076 979 649 945 1084 1203 759 1017 741 940 1196 1180 1111 505 1197 635 1176 891 728 530 366 1209 341 1062 778 839 849 1152 379 525 338 656 1206 622
2 351 711 438 588 263 474 336 452 415 587 551 409 710 675 459 732 621 262 469 628 382 449 376 433 559 549 645 716 177 553 670 603 748 458 630
3 761 712 407 507 459 720 540 478 652 685 228 641 768 586 542 462 624 526 611 477 590 369 647 689 486 620 198 756 758 271 514 445 178 724 732
4 521 497 815 871 731 922 751 674 436 842 933 882 1083 232 680 414 138 669 522 664 1013 879 497 1019 815 320 916 789 854 654 204 130 899 112 1037
5 81 110 93 155 160 178 167 178 171 101 51 84 124 73 161 109 175 172 121 60 138 50 109 62 110 163 141 160 76 155 78 129 87 137 161
6 754 853 179 922 788 531 919 262 910 549 554 937 857 397 875 334 472 409 432 878 477 420 541 191 561 296 481 552 411 656 287 775 314 607 672
7 495 728 347 736 455 594 736 377 628 669 298 636 850 723 653 776 879 740 812 615 754 626 676 621 704 201 788 571 587 218 765 74 869 569 622
8 165 146 149 165 139 124 29 157 21 57 174 67 97 161 146 144 150 157 115 159 67 183 68 133 138 85 148 73 145 153 135 140 101 121 43
9 477 621 643 269 520 584 649 525 689 570 572 576 376 586 525 693 624 313 679 579 259 114 614 533 424 412 713 385 354 553 498 481 243 524 567
10 741 706 454 627 598 649 445 730 545 561 360 686 431 747 437 277 666 202 186 324 286 632 576 475 193 683 628 489 460 152 470 618 473 631 673
11 602 489 884 929 199 731 488 712 383 876 619 282 665 529 130 924 677 362 608 771 532 878 933 856 928 704 338 740 742 789 742 473 843 519 191
12 442 324 229 410 346 295 663 405 797 199 539 474 678 824 745 568 586 280 547 348 183 562 801 439 220 838 762 600 674 407 662 852 545 667 629
13 820 754 754 254 690 235 767 687 766 926 923 577 665 574 418 388 695 755 754 585 599 515 860 889 697 746 373 870 892 679 747 772 625 223 510
14 800 534 614 870 893 519 439 393 791 610 851 556 886 681 866 821 538 261 413 517 876 803 872 633 268 643 758 875 727 718 900 652 813 638 898
15 108 428 632 352 412 481 559 325 386 643 519 533 427 230 324 354 615 134 590 176 103 210 249 410 549 219 541 555 295 543 576 531 223 424 391
16 1020 592 672 1156 977 1112 655 867 491 1082 132 566 1142 1100 432 771 636 308 914 901 842 806 808 396 821 745 835 731 934 1058 455 435 977 518 376
17 579 1063 1054 779 670 968 1198 797 825 1057 571 872 990 899 1110 745 1183 429 744 844 809 589 1034 1017 709 491 466 664 881 1134 968 1003 609 951 513
18 786 391 435 618 602 515 766 814 319 779 341 778 828 880 616 875 557 832 510 391 877 590 611 902 716 583 818 347 676 887 68 757 721 802 887
19 335 264 207 269 219 345 501 346 309 480 474 328 503 439 278 89 480 505 403 393 446 281 477 163 353 316 394 292 460 466 315 494 341 35 339
20 763 594 724 727 508 719 364 709 365 207 172 711 660 581 152 762 659 441 750 275 659 809 720 641 759 480 215 203 646 439 207 496 459 468 736
21 314 135 174 397 102 282 163 264 380 321 239 335 351 195 339 350 433 127 435 262 451 450 405 312 426 128 341 71 449 423 239 330 359 301 124
22 70 384 1024 1065 201 719 1127 992 912 471 526 696 709 157 507 865 938 1135 927 900 632 675 868 993 1092 275 1092 1209 1202 652 1126 1019 857 783 1102
23 1206 954 577 744 713 446 1007 918 834 787 237 1016 509 1126 703 1102 1170 627 1139 528 1209 640 618 280 365 621 1046 1190 854 899 956 1194 742 993 499
24 823 917 753 584 1083 606 866 1236 303 905 834 1044 1238 810 868 500 1212 1138 1014 925 1091 1004 387 266 1028 1021 454 1181 1227 862 924 251 1207 1257 1166
25 567 411 621 141 256 695 816 422 616 814 197 800 228 472 596 463 423 371 54 736 399 110 405 802 748 745 778 500 767 644 765 454 717 766 550
26 471 442 285 749 933 347 996 802 705 768 577 901 226 918 585 1020 805 904 352 493 168 861 1019 709 718 721 279 837 885 485 937 882 924 879 703
27 522 472 609 624 583 370 331 153 313 368 596 612 696 674 431 494 397 675 585 593 604 264 746 668 185 618 575 716 426 615 409 526 516 376 550
28 1017 950 802 741 792 672 672 385 849 634 502 948 940 620 669 396 987 839 1012 574 536 755 1070 420 194 892 883 196 838 720 588 682 1051 883 1002
29 282 334 443 402 285 369 381 445 307 444 321 412 333 285 196 292 363 419 408 234 262 98 27 134 258 270 361 60 334 305 361 291 351 150 271
30 312 343 219 466 491 543 360 557 465 354 399 556 490 559 331 543 521 317 540 553 249 498 229 337 141 477 375 549 248 477 435 272 432 518 516
31 61 70 131 141 155 170 71 150 151 73 147 163 89 180 150 186 128 126 110 20 41 135 167 163 151 175 72 165 106 154 154 117 74 163 182
32 893 440 731 824 1062 824 801 480 904 737 1028 421 537 522 826 647 1048 1103 674 511 942 781 990 245 930 601 996 570 747 149 589 977 320 514 878
33 1036 1041 496 803 621 760 1056 557 579 1039 590 852 845 714 495 704 642 245 928 1045 1046 940 960 819 782 740 615 122 1044 832 449 461 840 929 699
34 809 994 1070 904 1065 534 1066 881 831 254 882 1025 524 864 1060 668 512 969 635 443 570 377 270 417 219 199 891 886 469 491 377 616 1041 1056 585
35 875 967 1104 772 548 812 1011 420 460 873 889 573 1085 1065 727 1115 579 442 251 848 766 832 1082 654 936 765 649 329 835 667 232 791 78 277 488
36 171 160 102 64 176 86 90 174 92 133 182 83 173 175 171 117 181 54 146 136 86 81 149 84 186 98 139 176 91 146 97 61 183 95 54
37 491 312 175 585 580 596 217 330 271 507 392 288 486 367 561 283 569 567 405 551 383 528 168 598 313 598 173 504 347 563 115 582 570 432 547
38 755 946 520 798 941 715 676 430 607 563 780 899 800 889 547 969 842 451 588 577 813 783 619 856 452 978 806 552 802 895 940 531 112 681 544
39 619 631 478 467 364 612 657 617 447 694 686 465 265 228 521 804 761 620 758 501 637 435 355 548 796 306 593 439 428 709 470 707 445 629 699
40 379 962 598 896 585 1045 1023 891 888 700 691 1042 142 1033 823 785 627 327 880 924 520 833 371 596 352 966 409 816 834 728 1025 397 537 746 558
;

param:   cost_bundl  marginal :=
1 124 167
2 66 150
3 121 110
4 138 151
5 63 138
6 120 142
7 90 76
8 134 179
9 85 85
10 67 122
11 133 179
12 181 176
13 160 38
14 144 98
15 154 94
16 91 135
17 103 94
18 142 61
19 178 94
20 172 105
21 106 101
22 162 186
23 131 137
24 178 100
25 166 130
26 47 152
27 154 90
28 135 178
29 180 143
30 115 54
31 157 167
32 60 154
33 93 170
34 112 135
35 121 69
;
param: buyer budget :=
  0 3756
  1 1147
  2 3085
  3 3148
  4 760
  5 721
  6 1340
  7 3149
  8 585
  9 2712
  10 112
  11 2362
  12 3248
  13 941
  14 838
  15 2839
  16 2325
  17 1307
  18 997
  19 2028
  20 3235
  21 2286
  22 812
  23 2529
  24 1501
  25 2384
  26 503
  27 545
  28 2702
  29 124
  30 866
  31 434
  32 2045
  33 2192
  34 760
  35 431
  36 3239
  37 674
  38 1174
  39 1330
;
param num_partition :=
4
;
param: item partition_index cardinality :=
0 0 31
1 0 6
2 0 14
3 0 15
4 0 35
5 0 21
6 0 11
7 0 32
8 0 35
9 0 9
10 0 15
11 1 6
12 1 17
13 1 17
14 1 7
15 1 9
16 1 27
17 1 22
18 1 33
19 1 6
20 1 21
21 1 33
22 1 30
23 1 7
24 2 22
25 2 25
26 2 35
27 2 7
28 2 37
29 2 34
30 2 30
31 2 29
32 2 10
33 2 31
34 2 11
