param num_bundles := 35;

param num_cust := 40;

param price_reserve :
   1 2 3 4 5 6 7 8 9 10 11 12 13 14 15 16 17 18 19 20 21 22 23 24 25 26 27 28 29 30 31 32 33 34 35 :=
1 959 1123 477 1045 216 806 798 1134 536 926 348 909 937 767 112 1105 836 353 1163 842 1125 371 973 702 1092 530 1168 375 1082 821 1084 1042 1172 1156 1147
2 454 633 554 460 574 385 356 429 547 509 168 279 705 499 669 326 534 482 397 499 636 716 583 697 640 103 477 627 619 343 369 384 222 428 429
3 402 200 441 184 371 379 282 144 357 431 81 400 448 406 316 391 178 413 428 434 416 368 245 316 449 321 305 347 130 321 345 174 283 380 357
4 489 874 873 209 1001 341 795 67 885 319 441 645 996 1001 991 732 714 986 377 413 81 976 474 874 579 201 769 659 975 774 768 417 718 685 706
5 915 895 1102 320 748 1073 1016 503 230 1001 461 888 1147 1164 954 1155 1155 319 1143 672 310 100 853 354 922 1095 1120 1019 481 1120 612 1019 977 1118 1035
6 1057 858 1060 694 1148 617 851 318 881 817 195 992 1197 1117 243 1098 1192 1109 378 738 708 955 763 691 405 600 319 898 976 1237 714 314 471 849 1066
7 993 75 729 940 952 773 877 879 676 745 973 974 380 438 719 964 970 935 606 298 961 868 269 976 839 319 904 786 370 627 773 688 818 538 918
8 878 116 1071 529 1097 1086 649 1094 812 965 935 751 503 1007 245 871 1055 1121 890 986 348 898 1042 1005 887 969 1038 1063 895 1006 1018 864 734 750 1117
9 967 1163 859 313 1114 1006 1174 557 628 483 813 856 733 1080 320 1116 1202 976 0 955 975 1139 672 1070 1039 707 1241 1044 851 750 655 955 138 640 821
10 453 218 565 152 586 401 780 800 346 580 637 569 660 294 360 742 710 297 431 524 776 751 494 757 648 555 135 462 568 734 353 229 575 718 663
11 415 464 449 314 66 285 273 404 536 212 479 536 282 445 546 385 293 476 568 597 247 583 533 562 533 467 137 285 435 269 36 596 362 273 194
12 266 482 692 309 369 424 822 761 777 287 438 337 724 325 724 830 561 827 488 740 782 488 391 790 702 586 774 392 455 523 772 830 715 354 421
13 87 324 176 179 224 360 325 408 392 261 386 265 324 294 39 374 303 197 168 291 88 190 429 424 370 427 288 447 253 119 340 341 428 195 301
14 178 416 153 128 407 367 171 245 71 503 495 346 287 328 475 0 471 372 308 478 235 185 481 163 461 228 430 268 477 412 152 83 509 483 269
15 661 246 471 567 755 663 756 720 542 778 612 753 723 580 45 523 412 614 805 796 186 594 633 475 646 651 640 353 741 471 477 568 597 397 674
16 421 692 669 617 676 373 440 555 535 504 654 631 331 510 529 304 648 468 272 293 686 580 640 599 274 644 599 445 474 184 193 351 686 530 677
17 541 111 404 479 498 247 554 10 75 274 386 494 397 368 224 383 524 430 428 563 520 337 501 284 557 366 322 263 550 540 296 394 471 573 259
18 451 448 360 543 279 373 553 708 495 347 657 391 259 311 512 675 689 241 608 469 376 93 589 583 457 591 555 164 517 514 498 194 616 186 12
19 306 792 822 594 814 878 669 817 715 669 330 493 626 842 536 718 812 577 352 402 844 842 886 835 350 796 872 625 885 644 746 307 810 745 151
20 273 886 254 691 1155 927 692 719 716 203 217 437 548 564 972 442 824 975 829 560 853 1019 1015 921 367 1130 910 697 363 515 1033 757 564 1044 1079
21 467 567 521 824 624 808 999 451 928 410 640 961 695 77 930 272 798 945 967 592 464 648 462 414 430 271 1002 418 922 418 821 639 904 996 929
22 369 289 72 142 226 369 252 62 321 371 361 201 124 292 183 188 253 362 366 231 312 348 340 358 217 357 221 360 265 156 350 106 187 264 337
23 302 126 286 340 346 148 51 202 368 224 326 193 373 84 345 284 293 246 133 344 230 149 167 303 59 330 332 364 115 323 346 203 198 370 349
24 307 272 45 345 357 194 345 120 369 275 298 135 240 326 267 188 176 366 262 353 243 344 174 342 61 142 273 282 296 52 199 353 292 162 158
25 882 573 251 270 814 371 238 518 903 365 687 822 587 870 860 753 537 413 626 606 652 743 567 603 682 905 275 918 903 923 130 787 878 609 608
26 370 966 340 1088 1121 1009 982 550 883 1137 1147 1119 563 499 610 698 1091 1082 628 805 649 968 783 994 783 849 932 857 912 846 790 909 891 1139 657
27 671 952 1066 855 1125 862 269 1146 891 683 504 757 1119 263 1093 959 1092 635 1005 1025 1040 982 740 1135 1034 434 252 789 232 1036 904 1082 703 809 1111
28 690 1001 807 635 910 354 1057 584 973 704 531 1096 667 1011 1049 749 1059 863 833 766 852 852 448 544 742 593 523 1047 955 456 604 1026 704 581 1100
29 264 298 368 114 305 312 370 195 302 281 213 141 139 207 297 284 305 373 334 165 267 289 229 297 317 366 287 343 185 217 215 301 72 203 235
30 880 762 101 423 371 378 1044 915 1133 1092 941 1134 1105 1037 1004 560 555 545 1151 233 776 1139 1016 1102 905 873 757 611 1157 252 109 167 1157 265 966
31 356 359 301 286 407 334 432 285 446 454 275 432 199 389 357 442 296 466 295 460 495 115 501 428 310 33 510 499 448 309 391 220 363 88 454
32 193 1036 865 973 419 715 630 893 769 1128 903 1117 379 654 648 745 1040 915 1164 996 520 1128 663 975 408 328 1088 812 325 1258 1039 1125 1175 945 1191
33 666 1169 1155 494 757 276 925 523 728 562 383 1135 960 1011 861 565 1148 1093 1021 164 1145 1187 1189 557 970 787 662 990 1085 755 1220 659 1068 807 524
34 809 1125 992 293 938 1066 1007 1037 941 560 1005 997 690 838 768 365 434 515 382 1046 1197 960 1202 1148 632 247 931 1059 910 1139 720 1058 594 985 1059
35 269 220 270 846 930 926 979 605 540 517 537 838 831 408 541 375 251 216 688 929 625 749 665 684 900 827 798 335 954 393 77 671 658 622 806
36 994 868 978 987 375 689 597 1010 951 991 177 830 574 179 245 710 838 647 655 183 312 774 968 763 869 620 645 673 543 984 300 581 950 965 59
37 831 265 840 86 733 264 575 742 880 466 773 873 871 886 520 657 703 750 714 403 545 151 474 242 177 513 324 854 594 247 826 509 545 480 780
38 922 923 515 850 962 957 1032 942 143 446 1041 564 1020 419 903 1053 642 380 738 636 809 644 968 555 342 1033 1057 1004 886 335 867 702 654 811 592
39 838 946 1130 1189 854 703 1191 1174 824 1158 1158 928 767 898 906 879 166 270 907 1147 1154 941 1168 838 639 878 283 499 820 834 964 967 843 367 751
40 312 95 341 300 330 232 388 394 394 261 313 85 368 382 369 300 127 431 103 421 353 149 231 340 310 396 444 176 412 296 99 315 295 328 88
;

param:   cost_bundl  marginal :=
1 106 136
2 162 169
3 100 75
4 163 178
5 175 113
6 142 155
7 150 174
8 171 48
9 120 133
10 131 178
11 46 33
12 173 109
13 31 146
14 75 92
15 76 162
16 112 178
17 172 11
18 158 85
19 181 154
20 164 43
21 10 51
22 146 169
23 123 158
24 164 113
25 23 128
26 162 111
27 184 20
28 90 156
29 150 143
30 136 127
31 127 162
32 155 186
33 168 148
34 100 102
35 59 67
;
param: buyer budget :=
  0 669
  1 45
  2 2951
  3 2137
  4 2958
  5 433
  6 758
  7 2653
  8 2127
  9 3710
  10 411
  11 3716
  12 2185
  13 3264
  14 443
  15 2419
  16 1690
  17 1895
  18 316
  19 3240
  20 3359
  21 1420
  22 1278
  23 2633
  24 2898
  25 351
  26 1587
  27 2069
  28 2678
  29 739
  30 3366
  31 570
  32 1888
  33 1645
  34 1799
  35 785
  36 3032
  37 1875
  38 1144
  39 269
;
param num_partition :=
4
;
param: item partition_index cardinality :=
0 0 10
1 0 32
2 0 30
3 0 11
4 0 29
5 0 16
6 0 1
7 0 25
8 0 6
9 0 19
10 0 22
11 0 23
12 0 1
13 0 2
14 0 1
15 0 14
16 0 21
17 0 17
18 0 4
19 0 22
20 0 7
21 0 24
22 0 18
23 0 30
24 0 12
25 0 14
26 0 27
27 0 11
28 0 17
29 0 38
11 2 23
12 2 1
13 2 2
14 2 1
15 2 14
16 2 21
17 2 17
18 2 4
19 2 22
20 2 7
21 2 24
22 2 18
23 2 30
24 2 12
25 2 14
26 2 27
27 2 11
28 2 17
29 2 38
30 2 18
31 2 23
32 2 3
33 2 39
34 2 33
