param num_bundles := 15;

param num_cust := 10;

param price_reserve :
   1 2 3 4 5 6 7 8 9 10 11 12 13 14 15 :=
1 68 77 121 100 121 70 76 100 88 97 93 106 44 76 41
2 60 111 33 25 80 103 87 105 96 95 115 79 108 91 49
3 272 239 329 388 372 390 519 551 477 525 310 539 105 177 149
4 213 442 329 247 159 261 127 318 402 206 274 420 228 199 181
5 307 221 289 400 404 205 433 377 383 195 211 197 279 429 202
6 331 207 178 255 227 0 323 104 304 161 357 359 336 161 98
7 320 199 208 363 147 342 225 150 180 369 265 192 219 250 230
8 232 276 222 401 134 174 151 446 352 147 175 259 422 176 99
9 497 101 211 487 474 391 501 476 494 399 181 464 509 444 329
10 329 551 468 564 344 380 343 411 406 471 374 529 210 436 463
;

param:   cost_bundl  marginal :=
1 115 103
2 103 104
3 71 114
4 87 89
5 99 99
6 81 70
7 91 51
8 80 32
9 84 75
10 88 60
11 117 94
12 76 60
13 69 98
14 42 84
15 104 29
;
param: buyer budget :=
  0 414
  1 693
  2 713
  3 172
  4 230
  5 626
  6 389
  7 577
  8 815
  9 875
;
param num_partition :=
3
;
param: item partition_index cardinality :=
0 0 4
1 0 3
2 0 2
3 0 9
4 0 5
5 0 5
6 0 1
7 0 3
8 0 4
9 0 9
10 0 2
11 0 3
12 0 4
13 0 4
14 1 5
