param num_bundles := 15;

param num_cust := 10;

param price_reserve :
   1 2 3 4 5 6 7 8 9 10 11 12 13 14 15 :=
1 280 424 419 209 426 283 257 164 393 405 210 327 325 191 381
2 105 85 111 61 83 61 100 86 57 93 97 10 72 24 119
3 450 442 331 114 333 377 134 150 405 214 243 369 453 394 418
4 153 136 182 327 482 349 144 231 442 418 356 54 192 267 418
5 261 231 347 298 179 309 326 360 295 239 250 211 318 386 234
6 345 405 207 129 341 287 350 361 234 416 169 280 183 271 233
7 272 253 119 255 484 416 511 462 498 527 527 280 404 489 101
8 409 482 364 513 426 552 241 233 366 500 99 510 399 544 160
9 398 448 223 88 443 417 186 509 498 165 456 378 445 295 436
10 182 170 6 215 132 152 142 202 173 207 202 28 153 88 239
;

param:   cost_bundl  marginal :=
1 84 111
2 62 84
3 96 112
4 87 120
5 73 95
6 121 114
7 67 58
8 88 79
9 24 94
10 22 101
11 58 92
12 80 84
13 38 76
14 66 98
15 30 72
;
param: buyer budget :=
  0 144
  1 799
  2 1025
  3 654
  4 221
  5 1022
  6 985
  7 151
  8 452
  9 411
;
param num_partition :=
3
;
param: item partition_index cardinality :=
0 0 2
1 0 2
2 0 7
3 1 7
4 1 5
5 1 4
6 1 5
7 1 8
8 1 3
9 1 9
10 1 5
11 1 2
12 1 1
13 1 6
14 1 3
