param num_bundles := 15;

param num_cust := 10;

param price_reserve :
   1 2 3 4 5 6 7 8 9 10 11 12 13 14 15 :=
1 263 370 323 433 350 355 369 307 351 397 234 389 397 429 233
2 138 270 334 294 335 197 196 414 329 283 320 248 271 277 137
3 274 48 118 328 0 99 333 193 196 217 261 199 129 241 279
4 465 351 291 485 384 190 477 512 155 392 251 83 237 424 198
5 134 260 234 234 148 218 268 118 223 232 180 156 152 179 248
6 99 258 308 228 196 173 304 214 156 198 278 239 92 232 319
7 241 267 415 387 181 262 242 174 345 332 316 403 275 269 415
8 286 346 475 238 371 380 419 260 452 455 375 385 362 465 346
9 154 155 168 201 173 127 167 184 91 196 123 233 216 136 134
10 360 198 196 141 159 175 42 170 113 194 111 328 265 335 134
;

param:   cost_bundl  marginal :=
1 55 102
2 121 103
3 66 90
4 68 114
5 107 66
6 17 68
7 49 55
8 101 119
9 80 47
10 118 81
11 37 113
12 115 56
13 90 72
14 74 98
15 48 98
;
param: buyer budget :=
  0 601
  1 205
  2 559
  3 654
  4 203
  5 920
  6 276
  7 917
  8 666
  9 983
;
param num_partition :=
3
;
param: item partition_index cardinality :=
0 0 7
1 0 9
2 0 9
3 0 2
4 0 9
5 0 8
6 0 1
7 0 7
8 0 9
9 0 2
10 0 6
11 0 3
12 1 8
13 1 8
14 1 9
