param num_bundles := 15;

param num_cust := 10;

param price_reserve :
   1 2 3 4 5 6 7 8 9 10 11 12 13 14 15 :=
1 233 447 209 110 259 447 359 223 511 477 196 345 416 305 387
2 127 51 90 174 221 267 109 123 110 83 164 230 233 251 31
3 285 255 117 151 213 277 168 46 224 214 161 160 284 106 90
4 205 453 277 527 333 439 519 527 529 281 521 457 501 407 283
5 187 319 132 280 321 227 290 263 205 316 316 361 296 206 204
6 270 351 278 388 60 322 294 177 182 367 313 421 240 358 245
7 343 90 149 250 192 320 135 429 221 146 244 407 309 320 243
8 389 395 485 382 507 201 497 368 106 114 380 455 318 496 389
9 314 255 291 105 353 25 307 398 331 58 397 310 365 171 254
10 473 529 475 231 189 446 460 482 463 476 462 269 520 576 566
;

param:   cost_bundl  marginal :=
1 89 82
2 59 121
3 115 89
4 106 121
5 105 32
6 104 107
7 105 19
8 109 95
9 109 96
10 34 68
11 102 77
12 101 87
13 105 53
14 74 49
15 75 68
;
param: buyer budget :=
  0 345
  1 1122
  2 701
  3 231
  4 395
  5 812
  6 850
  7 350
  8 498
  9 78
;
param num_partition :=
3
;
param: item partition_index cardinality :=
0 0 5
1 0 8
2 0 4
3 0 9
4 0 6
5 0 2
6 0 4
7 0 7
8 0 9
9 1 7
10 1 8
11 1 5
12 1 4
13 1 9
14 1 8
