param num_bundles := 15;

param num_cust := 10;

param price_reserve :
   1 2 3 4 5 6 7 8 9 10 11 12 13 14 15 :=
1 196 348 156 298 412 414 424 253 134 435 361 444 407 255 298
2 544 282 533 372 245 517 184 242 218 512 492 202 170 443 429
3 263 453 246 481 359 303 294 285 504 486 32 376 398 453 395
4 76 107 89 55 88 26 121 90 99 28 112 27 55 106 74
5 164 143 209 145 210 194 119 163 68 176 201 166 175 210 52
6 434 108 504 462 437 435 452 351 388 509 420 371 320 289 124
7 66 256 214 257 61 281 183 345 232 378 156 306 356 376 126
8 230 312 0 98 272 165 152 135 213 312 172 229 308 297 267
9 395 329 334 483 330 200 344 267 418 445 297 192 282 316 281
10 157 351 332 265 362 437 425 78 205 302 197 367 425 365 300
;

param:   cost_bundl  marginal :=
1 3 100
2 119 121
3 88 61
4 79 27
5 118 118
6 65 110
7 101 72
8 110 99
9 105 110
10 83 99
11 86 113
12 70 118
13 85 118
14 61 48
15 111 74
;
param: buyer budget :=
  0 986
  1 541
  2 473
  3 916
  4 94
  5 529
  6 942
  7 830
  8 976
  9 913
;
param num_partition :=
3
;
param: item partition_index cardinality :=
0 0 5
1 0 2
2 0 6
3 0 6
4 0 2
5 0 2
6 0 3
7 0 7
8 0 6
9 0 5
10 0 4
11 0 1
12 1 5
13 1 7
14 1 2
