param num_bundles := 15;

param num_cust := 10;

param price_reserve :
   1 2 3 4 5 6 7 8 9 10 11 12 13 14 15 :=
1 459 551 46 531 240 238 457 455 197 410 188 366 319 533 500
2 416 352 444 482 384 471 457 323 406 387 189 98 369 518 484
3 339 71 254 290 124 56 363 365 358 184 87 349 357 232 217
4 383 375 57 388 193 172 152 482 384 330 260 233 482 206 518
5 250 482 515 306 497 304 518 526 242 100 130 416 193 391 512
6 420 383 508 536 255 507 506 210 540 97 339 384 497 275 433
7 436 175 392 165 229 280 443 431 292 224 303 364 429 457 241
8 443 263 488 251 170 421 346 92 490 560 431 373 510 353 324
9 247 243 262 368 275 142 302 151 272 331 324 266 233 373 374
10 78 0 62 116 49 94 98 79 101 84 97 106 79 39 38
;

param:   cost_bundl  marginal :=
1 119 75
2 108 118
3 36 81
4 99 65
5 112 37
6 47 119
7 46 109
8 81 61
9 72 110
10 42 117
11 33 112
12 117 66
13 72 86
14 7 57
15 65 62
;
param: buyer budget :=
  0 866
  1 551
  2 942
  3 556
  4 989
  5 1009
  6 1079
  7 209
  8 325
  9 512
;
param num_partition :=
3
;
param: item partition_index cardinality :=
0 0 8
1 0 9
2 0 5
3 0 7
4 0 2
5 0 6
6 0 1
7 0 3
8 1 8
9 1 6
10 1 4
11 1 7
12 1 4
13 1 6
14 1 8
