param num_bundles := 15;

param num_cust := 10;

param price_reserve :
   1 2 3 4 5 6 7 8 9 10 11 12 13 14 15 :=
1 140 288 239 276 283 117 300 394 343 356 383 347 306 350 261
2 122 24 88 172 212 129 201 118 81 148 121 218 198 188 237
3 226 42 78 89 223 153 230 100 124 242 130 156 218 238 79
4 437 213 111 312 391 366 416 287 432 280 208 345 304 83 278
5 439 502 284 397 440 502 148 360 326 450 305 466 521 122 490
6 386 204 124 133 405 238 177 386 222 297 354 459 172 333 326
7 191 223 199 232 211 203 201 50 75 104 228 208 133 236 228
8 432 261 363 514 286 339 497 145 343 343 122 536 538 545 311
9 404 316 59 478 381 463 527 264 505 228 423 387 517 435 534
10 155 110 185 206 221 180 266 141 151 259 162 137 203 137 291
;

param:   cost_bundl  marginal :=
1 98 16
2 78 50
3 71 54
4 116 117
5 94 82
6 109 71
7 102 81
8 47 27
9 107 69
10 43 58
11 54 107
12 64 116
13 63 43
14 109 94
15 33 106
;
param: buyer budget :=
  0 550
  1 280
  2 572
  3 411
  4 547
  5 275
  6 202
  7 631
  8 257
  9 677
;
param num_partition :=
3
;
param: item partition_index cardinality :=
0 0 1
1 0 5
2 1 2
3 1 8
4 1 8
5 1 4
6 1 9
7 1 6
8 1 3
9 1 8
10 1 5
11 1 1
12 1 8
13 1 7
14 1 5
