param num_bundles := 15;

param num_cust := 10;

param price_reserve :
   1 2 3 4 5 6 7 8 9 10 11 12 13 14 15 :=
1 436 274 439 251 331 150 442 263 429 293 268 375 395 364 448
2 370 207 148 365 379 282 119 336 203 373 81 235 359 330 419
3 104 62 122 47 115 122 108 114 100 94 42 83 57 98 117
4 63 94 119 100 107 56 66 86 120 84 83 99 98 102 113
5 315 95 414 229 302 283 193 80 373 262 307 283 356 387 358
6 256 562 552 527 435 377 570 329 233 524 548 209 306 484 63
7 177 91 170 276 268 214 270 145 175 262 228 25 218 242 288
8 163 241 193 126 160 237 153 87 224 39 100 161 237 150 246
9 437 362 387 505 183 480 457 460 186 274 328 498 410 395 287
10 141 159 224 113 117 218 196 200 198 173 224 205 207 152 97
;

param:   cost_bundl  marginal :=
1 113 89
2 21 84
3 42 93
4 28 94
5 80 67
6 87 53
7 54 38
8 64 85
9 56 20
10 122 111
11 122 57
12 116 64
13 110 92
14 81 41
15 108 120
;
param: buyer budget :=
  0 618
  1 935
  2 1080
  3 403
  4 858
  5 55
  6 480
  7 840
  8 901
  9 455
;
param num_partition :=
3
;
param: item partition_index cardinality :=
0 0 3
1 0 8
2 1 6
3 1 3
4 1 5
5 1 6
6 1 7
7 1 9
8 1 4
9 1 1
10 1 9
11 1 2
12 1 2
13 1 9
14 1 7
