param num_bundles := 15;

param num_cust := 10;

param price_reserve :
   1 2 3 4 5 6 7 8 9 10 11 12 13 14 15 :=
1 375 428 446 375 41 381 281 231 374 251 74 426 235 436 259
2 407 455 156 316 452 67 188 342 54 409 209 344 343 277 239
3 459 362 463 498 539 517 306 261 302 338 160 346 138 541 485
4 127 303 353 310 260 300 132 248 211 123 353 318 194 194 355
5 107 34 94 59 58 102 30 79 75 83 74 68 82 92 112
6 340 363 390 319 431 415 441 176 119 264 264 414 143 304 248
7 353 373 355 391 404 379 393 388 420 401 176 360 68 120 102
8 421 266 440 474 180 401 167 461 453 486 47 134 493 210 254
9 379 221 179 239 334 236 314 153 294 385 176 404 420 188 397
10 312 101 224 216 167 274 338 307 124 191 342 340 367 232 342
;

param:   cost_bundl  marginal :=
1 53 117
2 103 68
3 97 37
4 67 79
5 48 100
6 40 121
7 62 82
8 113 111
9 53 56
10 107 59
11 113 92
12 107 120
13 106 40
14 97 68
15 103 79
;
param: buyer budget :=
  0 614
  1 89
  2 742
  3 890
  4 261
  5 619
  6 902
  7 895
  8 370
  9 337
;
param num_partition :=
3
;
param: item partition_index cardinality :=
0 0 7
1 0 7
2 0 3
3 0 9
4 0 5
5 0 4
6 0 3
7 0 9
8 0 1
9 0 8
10 1 9
11 1 1
12 1 6
13 1 1
14 1 8
