param num_bundles := 15;

param num_cust := 10;

param price_reserve :
   1 2 3 4 5 6 7 8 9 10 11 12 13 14 15 :=
1 302 331 264 513 423 321 496 427 261 506 155 417 231 390 187
2 512 477 421 382 442 528 228 270 516 235 387 285 243 493 456
3 371 243 489 403 247 367 49 463 110 373 387 483 443 303 459
4 258 370 378 235 399 375 153 374 176 273 345 263 207 276 343
5 215 239 178 155 231 208 145 25 196 168 211 203 21 222 102
6 466 503 176 171 378 524 290 186 377 468 512 498 350 208 172
7 267 164 373 295 263 228 22 293 343 310 302 349 319 260 313
8 230 90 118 244 42 178 214 177 157 152 95 193 145 104 177
9 259 167 325 268 271 165 316 232 246 186 182 294 282 189 204
10 166 296 366 345 254 259 399 219 206 255 329 394 406 251 418
;

param:   cost_bundl  marginal :=
1 121 104
2 44 104
3 42 44
4 47 47
5 30 86
6 116 112
7 78 116
8 117 100
9 90 79
10 25 101
11 71 60
12 108 78
13 40 41
14 62 109
15 33 95
;
param: buyer budget :=
  0 836
  1 648
  2 896
  3 925
  4 526
  5 419
  6 1010
  7 846
  8 747
  9 351
;
param num_partition :=
3
;
param: item partition_index cardinality :=
0 0 7
1 0 1
2 0 2
3 1 9
4 1 2
5 1 9
6 1 9
7 1 3
8 1 2
9 1 3
10 1 2
11 1 1
12 1 3
13 1 4
14 1 3
