param num_bundles := 15;

param num_cust := 20;

param price_reserve :
   1 2 3 4 5 6 7 8 9 10 11 12 13 14 15 :=
1 359 328 453 423 358 285 291 338 339 473 397 454 388 482 370
2 93 171 214 79 188 182 91 147 209 75 184 14 105 44 119
3 155 211 43 132 83 243 256 165 106 168 230 135 121 218 202
4 148 322 242 393 321 208 226 400 454 94 382 430 454 187 41
5 326 546 455 510 154 516 530 476 286 486 538 288 393 538 499
6 321 271 274 244 223 478 423 314 365 496 95 293 433 382 268
7 231 262 226 414 26 341 349 404 198 182 337 145 326 352 154
8 83 128 14 241 228 193 64 96 244 240 173 219 124 189 193
9 335 227 226 117 293 321 311 274 184 202 338 344 134 164 168
10 69 195 185 155 161 54 215 147 182 218 154 221 127 241 107
11 138 289 136 73 307 199 346 302 360 275 84 226 248 121 360
12 477 230 527 316 486 387 420 394 444 143 411 504 272 269 406
13 166 224 318 287 359 295 55 277 287 282 363 420 377 393 281
14 91 79 103 27 110 40 13 85 93 54 72 41 85 89 75
15 349 282 225 179 194 124 184 355 353 271 332 219 285 160 77
16 484 497 205 409 515 414 363 498 353 364 246 577 577 427 573
17 331 126 188 449 404 318 544 568 522 314 435 190 561 137 302
18 436 393 342 268 359 424 375 234 230 362 207 371 385 398 336
19 109 259 77 197 333 313 327 162 120 81 304 263 244 238 313
20 230 267 409 395 368 309 437 160 413 23 349 217 236 444 347
;

param:   cost_bundl  marginal :=
1 75 11
2 85 93
3 73 122
4 112 80
5 82 87
6 80 122
7 94 84
8 43 25
9 77 28
10 119 100
11 72 105
12 58 109
13 76 118
14 97 48
15 22 45
;
param: buyer budget :=
  0 803
  1 1568
  2 1353
  3 48
  4 620
  5 324
  6 148
  7 1293
  8 579
  9 308
  10 477
  11 971
  12 927
  13 242
  14 180
  15 1451
  16 571
  17 960
  18 1670
  19 672
;
param num_partition :=
4
;
param: item partition_index cardinality :=
0 0 8
1 0 9
2 0 1
3 0 8
4 0 13
5 0 4
6 0 3
7 0 14
8 0 4
9 2 10
10 2 5
11 2 17
12 2 13
13 2 16
14 2 1
