param num_bundles := 15;

param num_cust := 20;

param price_reserve :
   1 2 3 4 5 6 7 8 9 10 11 12 13 14 15 :=
1 90 220 466 401 217 358 439 435 45 372 526 323 108 377 228
2 434 378 460 400 269 510 346 197 325 480 331 81 335 137 192
3 266 465 187 353 164 202 352 368 243 451 432 330 394 249 97
4 473 297 374 236 331 94 262 181 461 456 116 466 412 404 478
5 276 483 477 338 548 323 301 427 299 177 524 429 291 542 157
6 188 307 440 271 41 318 436 257 244 275 131 335 331 401 359
7 331 322 445 444 255 469 334 403 422 296 443 490 405 472 208
8 105 192 239 199 176 150 233 239 174 225 125 164 108 167 114
9 543 163 236 293 486 407 520 349 442 519 334 529 288 452 542
10 243 295 220 375 290 376 21 165 144 367 309 112 322 123 378
11 77 201 362 504 252 434 371 475 355 440 94 495 112 367 305
12 358 354 526 317 479 297 402 404 238 329 401 321 314 342 198
13 358 269 509 456 209 226 278 281 426 486 397 375 347 276 155
14 337 285 347 244 266 297 249 153 254 97 212 177 243 329 349
15 170 231 190 182 282 158 249 131 197 163 224 271 213 66 322
16 534 420 94 403 310 354 244 526 547 511 152 517 485 450 473
17 321 119 525 407 509 382 194 364 160 252 341 213 429 533 332
18 186 151 244 132 220 157 137 188 186 87 55 184 177 75 36
19 483 532 382 508 346 474 575 535 533 160 156 404 320 334 384
20 128 325 163 190 340 279 323 155 116 332 166 347 148 168 353
;

param:   cost_bundl  marginal :=
1 83 44
2 70 113
3 26 101
4 69 29
5 98 118
6 97 89
7 116 106
8 107 106
9 51 76
10 21 103
11 118 107
12 42 22
13 117 105
14 70 112
15 82 119
;
param: buyer budget :=
  0 1490
  1 86
  2 624
  3 392
  4 581
  5 558
  6 1501
  7 1158
  8 1270
  9 372
  10 1273
  11 1049
  12 135
  13 901
  14 1308
  15 1332
  16 726
  17 672
  18 316
  19 431
;
param num_partition :=
4
;
param: item partition_index cardinality :=
0 0 18
1 0 17
2 0 18
3 0 14
4 0 1
5 0 18
6 0 15
7 0 15
8 0 15
9 0 19
10 0 10
11 0 1
12 0 13
1 2 17
2 2 18
3 2 14
4 2 1
5 2 18
6 2 15
7 2 15
8 2 15
9 2 19
10 2 10
11 2 1
12 2 13
13 2 18
14 2 10
