param num_bundles := 15;

param num_cust := 20;

param price_reserve :
   1 2 3 4 5 6 7 8 9 10 11 12 13 14 15 :=
1 96 308 296 368 224 419 291 137 393 316 378 329 419 448 252
2 147 53 316 292 322 112 292 247 261 245 288 287 195 217 298
3 519 353 162 575 494 398 342 140 573 552 527 293 310 450 439
4 189 174 184 308 271 306 311 330 329 313 248 169 197 167 271
5 339 430 157 471 311 287 398 160 252 362 253 269 389 43 127
6 496 472 549 456 305 493 482 476 428 529 272 383 485 474 224
7 416 259 235 350 393 121 84 325 397 88 185 110 327 313 389
8 468 461 311 307 224 501 252 174 497 429 347 321 509 492 445
9 415 123 474 369 148 363 354 160 113 406 277 426 454 325 129
10 286 290 262 485 395 232 222 552 322 460 497 169 252 532 407
11 519 407 327 460 442 491 357 372 373 560 426 225 309 517 521
12 342 247 259 422 398 173 417 350 420 459 370 432 404 178 470
13 83 102 48 283 331 131 249 263 272 160 277 129 312 82 317
14 167 330 121 186 308 211 43 150 198 229 315 263 213 150 328
15 121 106 115 76 88 74 88 56 94 68 115 75 89 14 79
16 411 125 369 415 336 407 225 419 12 348 289 382 233 272 426
17 172 398 104 419 291 386 361 282 356 112 226 226 252 125 402
18 353 194 558 383 534 302 579 428 420 542 577 338 380 119 485
19 220 268 17 223 382 386 381 97 216 178 215 263 353 364 373
20 204 375 197 291 335 359 17 396 65 285 304 319 332 190 331
;

param:   cost_bundl  marginal :=
1 70 91
2 77 103
3 108 86
4 82 106
5 83 83
6 121 118
7 83 26
8 51 40
9 59 87
10 29 41
11 90 103
12 14 84
13 117 117
14 114 44
15 35 83
;
param: buyer budget :=
  0 1623
  1 1401
  2 833
  3 471
  4 881
  5 472
  6 1492
  7 1538
  8 1276
  9 969
  10 518
  11 904
  12 700
  13 69
  14 1727
  15 1671
  16 647
  17 409
  18 881
  19 1388
;
param num_partition :=
4
;
param: item partition_index cardinality :=
0 0 18
1 0 17
2 1 17
3 1 5
4 1 10
5 1 9
6 1 16
7 1 13
8 1 6
9 1 16
10 1 19
11 1 8
12 1 11
13 2 18
14 2 11
