param num_bundles := 15;

param num_cust := 20;

param price_reserve :
   1 2 3 4 5 6 7 8 9 10 11 12 13 14 15 :=
1 279 255 314 237 304 234 318 301 325 74 309 296 322 116 332
2 321 480 488 474 382 405 504 420 159 366 449 167 41 148 333
3 105 115 519 435 536 523 473 381 362 511 527 512 205 505 441
4 92 240 53 26 41 271 126 281 65 267 80 69 201 261 168
5 105 102 60 80 107 103 55 80 89 34 99 98 36 119 112
6 170 316 200 272 330 422 284 222 252 364 235 358 275 98 268
7 305 254 282 290 356 241 333 101 292 277 224 212 305 277 337
8 89 415 333 323 501 13 178 462 480 283 465 279 331 394 363
9 522 362 332 480 564 521 367 498 526 504 241 431 489 578 485
10 363 182 557 460 335 468 407 508 355 549 532 397 297 142 312
11 235 293 256 302 295 284 326 287 191 85 328 304 125 304 301
12 135 159 88 175 302 167 266 189 209 235 312 330 233 217 189
13 316 315 346 396 383 225 345 173 352 361 281 381 254 406 134
14 242 72 140 125 289 103 85 188 291 153 263 63 285 69 263
15 422 236 300 391 193 219 224 392 76 171 380 219 398 321 236
16 66 107 73 107 100 58 112 89 82 108 82 54 93 95 20
17 159 199 158 208 152 320 233 292 240 52 315 267 91 285 231
18 23 56 66 10 115 61 88 98 110 100 104 102 88 80 96
19 144 325 276 307 231 254 231 292 328 227 248 300 300 37 266
20 140 291 297 159 169 115 269 300 86 228 177 217 251 208 267
;

param:   cost_bundl  marginal :=
1 117 79
2 74 90
3 120 60
4 80 121
5 42 79
6 94 50
7 117 90
8 97 58
9 115 112
10 60 94
11 68 95
12 115 110
13 100 37
14 97 59
15 50 88
;
param: buyer budget :=
  0 643
  1 641
  2 1124
  3 1411
  4 992
  5 1062
  6 904
  7 189
  8 482
  9 956
  10 1477
  11 458
  12 578
  13 1318
  14 1652
  15 610
  16 190
  17 729
  18 812
  19 80
;
param num_partition :=
4
;
param: item partition_index cardinality :=
0 0 12
1 0 7
2 1 17
3 1 9
4 1 5
5 1 4
6 1 8
7 1 12
8 1 1
9 1 4
10 1 5
11 1 4
12 1 1
13 1 3
14 2 12
