param num_bundles := 15;

param num_cust := 20;

param price_reserve :
   1 2 3 4 5 6 7 8 9 10 11 12 13 14 15 :=
1 414 408 98 510 473 161 538 397 222 413 324 58 349 392 48
2 161 222 123 239 94 102 92 179 180 109 95 138 172 93 173
3 76 114 108 45 73 45 112 67 97 85 122 96 17 98 36
4 393 360 481 159 356 369 199 387 252 468 497 495 342 286 491
5 516 530 255 318 467 181 216 404 486 484 413 450 544 398 522
6 295 313 353 456 451 231 525 208 543 571 556 241 361 444 176
7 8 116 103 122 65 24 107 109 66 70 41 32 90 39 31
8 263 441 387 381 316 413 150 55 219 115 375 256 275 207 246
9 479 476 207 420 340 299 457 87 248 272 99 371 446 507 373
10 199 104 174 196 244 155 147 160 212 129 157 166 206 165 150
11 505 395 294 430 63 517 546 481 363 547 483 459 556 561 364
12 401 385 399 180 138 401 304 93 397 346 358 411 311 327 387
13 451 329 209 439 298 308 261 471 457 512 145 108 406 440 269
14 352 302 455 136 397 398 316 415 159 291 497 391 427 347 447
15 474 210 488 433 397 136 309 267 78 245 383 449 379 508 255
16 356 257 348 307 321 360 137 206 334 295 252 286 203 65 143
17 157 470 178 269 501 404 123 293 199 479 385 424 290 275 124
18 325 428 151 466 79 164 168 285 252 199 319 97 335 425 196
19 329 492 472 340 267 480 119 493 482 487 478 479 540 474 461
20 379 335 279 364 141 249 398 276 229 403 62 326 344 40 314
;

param:   cost_bundl  marginal :=
1 98 101
2 58 113
3 87 42
4 120 46
5 48 120
6 102 49
7 118 82
8 73 107
9 120 60
10 89 103
11 116 114
12 42 76
13 35 71
14 104 107
15 60 102
;
param: buyer budget :=
  0 600
  1 927
  2 1088
  3 1653
  4 1123
  5 602
  6 321
  7 1513
  8 1234
  9 1646
  10 1498
  11 1570
  12 557
  13 1580
  14 635
  15 160
  16 295
  17 211
  18 918
  19 1015
;
param num_partition :=
4
;
param: item partition_index cardinality :=
0 0 19
1 0 7
2 0 17
3 0 14
4 0 4
3 2 14
4 2 4
5 2 4
6 2 2
7 2 10
8 2 18
9 2 16
10 2 11
11 2 19
12 2 2
13 2 10
14 2 14
