param num_bundles := 15;

param num_cust := 20;

param price_reserve :
   1 2 3 4 5 6 7 8 9 10 11 12 13 14 15 :=
1 110 63 96 100 26 46 84 59 47 103 95 66 35 91 118
2 279 418 519 342 542 417 246 112 507 535 100 14 374 375 510
3 34 132 122 149 78 221 42 53 25 118 173 124 165 73 120
4 365 213 162 282 322 308 224 388 255 145 86 357 343 300 191
5 147 513 466 519 83 504 291 471 446 453 378 327 70 276 197
6 445 134 388 499 129 301 338 261 529 516 281 330 442 81 506
7 457 503 288 514 454 109 232 435 413 487 304 497 382 251 193
8 395 171 265 196 300 362 368 306 420 409 434 265 427 302 265
9 246 367 215 213 334 289 168 307 347 383 206 236 232 127 235
10 386 391 321 222 475 320 236 547 502 337 513 562 481 555 306
11 348 176 255 394 307 360 347 238 234 252 207 211 393 286 246
12 198 355 290 423 387 277 400 472 422 224 361 394 208 417 492
13 473 309 280 210 308 270 483 341 454 159 152 265 357 294 247
14 322 472 453 258 446 354 343 262 234 474 277 293 264 418 328
15 246 186 163 262 243 271 184 226 221 226 144 297 327 86 218
16 249 266 244 109 86 179 269 292 198 80 289 246 289 197 205
17 238 255 282 344 400 316 409 235 57 409 360 178 452 201 304
18 404 191 243 274 262 243 304 401 330 399 401 369 212 188 151
19 322 356 110 344 231 300 214 294 210 299 91 351 295 319 56
20 374 261 351 341 395 56 97 366 395 417 209 403 375 362 196
;

param:   cost_bundl  marginal :=
1 116 52
2 79 119
3 94 103
4 98 99
5 69 118
6 117 86
7 119 48
8 85 93
9 100 116
10 31 111
11 45 58
12 57 53
13 23 41
14 87 121
15 100 112
;
param: buyer budget :=
  0 1626
  1 1620
  2 753
  3 1362
  4 955
  5 1000
  6 130
  7 829
  8 146
  9 1649
  10 1068
  11 1214
  12 1366
  13 137
  14 665
  15 718
  16 1349
  17 666
  18 359
  19 1638
;
param num_partition :=
4
;
param: item partition_index cardinality :=
0 0 17
1 0 9
2 0 3
3 0 1
4 0 9
5 1 17
6 1 14
7 2 4
8 2 4
9 2 14
10 2 3
11 2 2
12 2 3
13 2 15
14 2 1
