param num_bundles := 15;

param num_cust := 20;

param price_reserve :
   1 2 3 4 5 6 7 8 9 10 11 12 13 14 15 :=
1 293 233 318 262 392 133 167 352 395 401 217 123 332 440 401
2 276 317 130 224 313 250 176 181 255 127 273 62 204 258 219
3 398 304 300 321 542 434 305 436 524 502 195 500 503 415 571
4 179 107 170 94 179 124 176 220 81 46 175 168 53 239 219
5 239 446 166 299 97 79 271 376 192 163 415 181 332 283 173
6 370 389 196 139 347 260 238 334 364 270 211 187 332 245 157
7 277 194 203 184 221 333 81 210 129 332 107 209 306 219 253
8 112 357 367 267 270 208 277 234 293 102 331 220 350 102 384
9 506 433 291 181 495 124 168 419 178 492 89 215 252 344 237
10 191 308 340 191 120 318 326 181 165 302 292 314 307 226 344
11 276 243 269 99 184 198 110 125 144 252 220 233 208 134 212
12 257 182 242 287 263 211 159 189 287 268 122 243 205 273 241
13 172 275 331 200 349 375 251 339 169 292 255 213 274 333 115
14 483 503 163 328 343 515 520 314 475 472 302 435 530 452 48
15 329 359 288 130 260 239 319 233 221 288 246 289 276 325 291
16 0 273 183 220 281 178 7 163 169 224 270 295 40 283 133
17 170 209 119 57 140 77 54 140 95 205 44 204 37 244 81
18 228 516 389 227 463 394 323 528 441 293 504 203 550 249 541
19 134 127 315 307 279 145 251 253 205 209 243 261 291 289 325
20 440 390 152 344 498 203 405 445 461 545 367 503 196 336 188
;

param:   cost_bundl  marginal :=
1 107 31
2 118 69
3 90 103
4 110 60
5 79 78
6 110 115
7 64 38
8 120 105
9 107 108
10 91 101
11 108 18
12 58 101
13 34 97
14 109 112
15 101 118
;
param: buyer budget :=
  0 1010
  1 1263
  2 109
  3 163
  4 388
  5 836
  6 1093
  7 395
  8 249
  9 1555
  10 1145
  11 343
  12 923
  13 1267
  14 68
  15 1680
  16 1265
  17 1338
  18 1231
  19 1556
;
param num_partition :=
4
;
param: item partition_index cardinality :=
0 0 17
1 0 13
2 0 10
3 0 8
4 0 6
5 0 12
6 1 4
7 2 12
8 2 1
9 2 15
10 2 16
11 2 19
12 2 5
13 2 13
14 2 8
