param num_bundles := 15;

param num_cust := 20;

param price_reserve :
   1 2 3 4 5 6 7 8 9 10 11 12 13 14 15 :=
1 267 189 316 328 367 453 447 133 277 380 345 368 407 439 436
2 525 419 513 225 244 541 445 545 412 364 502 485 256 225 415
3 61 45 120 104 62 80 80 50 112 30 100 115 117 116 81
4 426 96 313 208 234 434 306 146 329 97 291 92 340 154 135
5 187 280 119 507 505 38 472 174 205 238 498 184 497 344 509
6 137 277 273 127 112 106 222 207 256 161 105 277 122 44 79
7 267 454 284 252 417 445 428 286 157 200 318 346 223 339 291
8 546 481 237 174 195 293 411 402 525 538 513 475 417 368 288
9 222 267 189 223 82 85 168 179 286 169 243 173 136 91 258
10 122 232 326 450 450 513 244 391 323 269 531 235 420 350 527
11 260 188 338 254 182 320 155 353 259 282 89 230 322 364 354
12 258 283 340 339 355 343 346 243 395 155 334 147 343 266 238
13 323 218 301 122 263 282 343 268 344 278 307 318 260 308 258
14 221 246 209 293 242 253 72 154 125 237 219 280 263 287 80
15 87 116 99 108 317 240 214 379 101 106 262 186 351 135 390
16 238 139 320 260 318 258 185 408 389 318 374 190 436 74 296
17 569 340 243 539 547 299 526 229 399 579 367 348 253 465 550
18 461 456 220 285 485 126 316 507 485 189 488 316 414 439 289
19 379 324 253 302 298 386 355 356 384 336 377 137 306 185 197
20 280 497 446 326 439 357 101 259 408 331 450 251 519 379 516
;

param:   cost_bundl  marginal :=
1 121 95
2 43 61
3 72 91
4 28 106
5 31 111
6 98 116
7 46 115
8 30 37
9 96 93
10 31 65
11 12 102
12 53 119
13 112 104
14 103 52
15 34 93
;
param: buyer budget :=
  0 1582
  1 179
  2 730
  3 127
  4 1025
  5 575
  6 329
  7 1032
  8 491
  9 470
  10 1042
  11 1377
  12 944
  13 877
  14 1199
  15 159
  16 1594
  17 1249
  18 1005
  19 1596
;
param num_partition :=
4
;
param: item partition_index cardinality :=
0 0 13
1 0 9
2 1 15
3 1 7
4 2 12
5 2 4
6 2 13
7 2 6
8 2 2
9 2 9
10 2 5
11 2 11
12 2 9
13 2 3
14 2 11
