param num_bundles := 15;

param num_cust := 20;

param price_reserve :
   1 2 3 4 5 6 7 8 9 10 11 12 13 14 15 :=
1 220 332 56 358 334 203 348 209 216 311 285 343 298 176 250
2 106 84 35 67 76 87 84 62 96 111 82 120 69 71 73
3 430 387 188 196 245 260 83 414 228 355 174 203 83 389 305
4 195 240 396 258 471 195 483 348 506 217 252 305 345 418 516
5 212 491 397 541 494 428 456 424 253 536 511 448 361 508 425
6 149 263 348 54 316 382 388 75 28 214 126 322 25 386 301
7 305 281 283 318 213 162 97 190 304 209 215 288 324 270 321
8 368 519 491 504 257 492 528 491 418 255 513 289 473 446 190
9 306 415 328 251 310 61 180 429 391 110 329 147 172 235 417
10 473 515 461 323 235 524 289 399 500 424 422 543 441 388 502
11 463 117 313 392 169 473 408 394 289 283 486 212 386 246 337
12 391 439 459 349 196 178 287 309 203 507 433 340 312 415 281
13 511 300 393 469 239 353 268 282 499 452 445 213 469 505 412
14 387 118 302 314 301 300 380 381 167 335 346 213 351 345 212
15 420 411 440 138 445 188 76 433 489 470 253 382 322 266 199
16 223 172 231 167 195 206 297 196 218 246 258 325 130 216 331
17 227 354 297 384 228 331 155 308 120 261 189 241 316 305 243
18 557 544 326 223 537 494 225 387 193 479 212 514 199 371 394
19 250 274 154 222 209 222 279 289 37 309 317 165 254 280 218
20 382 124 404 307 304 334 236 136 421 419 406 306 265 341 338
;

param:   cost_bundl  marginal :=
1 100 110
2 89 94
3 105 100
4 43 37
5 25 17
6 83 115
7 85 56
8 99 90
9 101 108
10 77 81
11 41 23
12 81 117
13 98 59
14 65 28
15 30 75
;
param: buyer budget :=
  0 1650
  1 1199
  2 1057
  3 1302
  4 494
  5 216
  6 1411
  7 714
  8 377
  9 1107
  10 1287
  11 169
  12 1355
  13 696
  14 1420
  15 245
  16 650
  17 908
  18 338
  19 1346
;
param num_partition :=
4
;
param: item partition_index cardinality :=
0 0 12
1 0 18
2 1 19
3 1 4
4 1 1
5 1 14
6 1 18
7 1 11
8 1 6
9 1 19
10 1 10
11 2 10
12 2 4
13 2 5
14 2 17
