param num_bundles := 15;

param num_cust := 20;

param price_reserve :
   1 2 3 4 5 6 7 8 9 10 11 12 13 14 15 :=
1 273 175 276 153 201 274 104 136 211 235 272 131 78 179 239
2 294 225 233 45 91 274 237 220 200 165 251 206 148 158 260
3 366 396 392 364 398 320 271 217 276 405 453 400 436 366 455
4 467 389 88 463 363 405 208 161 319 209 457 21 316 484 144
5 214 463 226 362 312 323 309 334 280 381 432 426 348 397 93
6 407 362 428 308 348 326 462 395 472 437 476 456 367 449 378
7 447 337 188 438 479 405 290 168 256 474 457 469 358 254 416
8 413 307 304 478 289 472 514 391 362 380 429 494 498 316 385
9 358 316 308 332 146 356 357 141 302 278 0 243 281 182 261
10 377 503 421 264 47 228 508 370 324 202 504 393 470 232 370
11 327 173 370 365 177 55 43 202 321 405 169 322 397 319 263
12 413 163 377 90 208 215 223 367 161 415 476 449 480 386 289
13 312 440 201 290 261 364 326 292 418 408 482 213 336 348 480
14 119 66 77 52 103 95 68 122 73 45 105 61 43 71 26
15 215 150 297 164 320 92 331 342 346 290 362 84 315 71 342
16 114 146 243 218 117 121 51 250 122 280 252 292 248 168 214
17 85 106 91 157 170 283 238 144 364 164 223 211 218 284 226
18 385 395 158 338 386 334 373 75 218 357 240 165 271 115 208
19 107 117 20 210 120 209 222 234 238 168 173 198 222 34 185
20 476 158 463 413 130 467 390 528 23 311 432 364 437 426 325
;

param:   cost_bundl  marginal :=
1 89 91
2 97 60
3 28 86
4 97 122
5 114 82
6 117 96
7 100 114
8 57 72
9 80 35
10 53 41
11 73 67
12 72 68
13 65 109
14 37 29
15 122 64
;
param: buyer budget :=
  0 1341
  1 254
  2 40
  3 628
  4 537
  5 987
  6 298
  7 1439
  8 813
  9 436
  10 1320
  11 1162
  12 58
  13 979
  14 763
  15 1444
  16 1218
  17 704
  18 582
  19 1468
;
param num_partition :=
4
;
param: item partition_index cardinality :=
0 0 18
1 0 18
2 0 6
3 0 1
4 1 10
5 1 8
6 1 11
7 1 9
8 1 15
9 1 1
10 1 14
11 1 14
12 2 11
13 2 15
14 2 3
