param num_bundles := 25;

param num_cust := 30;

param price_reserve :
   1 2 3 4 5 6 7 8 9 10 11 12 13 14 15 16 17 18 19 20 21 22 23 24 25  :=
1 1077 1709 2117 2757 3105 3206 3677 3857 4005 4276 4682 4808 4956 5173 5325 5586 5783 5909 6066 6293 6406 6508 6678 6908 6937
2 2078 3960 4060 5643 5769 6450 7462 7579 8030 8579 9016 9550 9871 10461 10628 10991 11648 11825 12060 12471 12881 13097 13500 13799 13874
3 3175 5126 6600 8314 9411 9786 10700 11572 12571 12897 13722 14636 15238 15600 16421 16939 17045 17990 18288 18926 19219 19700 20249 20733 20819
4 3298 5824 9156 10673 11482 13242 14444 15758 16914 17509 18330 19333 20096 20892 21674 22242 22782 23529 24265 24735 25637 26436 26725 27399 27736
5 5745 8185 10724 12884 14353 16912 18055 19468 20025 21378 23409 23854 24658 25515 26495 28160 29000 29513 30545 31209 32342 33106 33853 34293 34684
6 6119 8485 13735 15084 18278 19312 21128 22957 24090 26263 26967 28372 29614 31200 32222 33320 34446 35191 36060 37508 38419 39527 40588 41239 42171
7 8163 11459 15715 19196 20045 23635 25624 26637 29166 31274 31336 33366 34775 36157 38110 38697 40745 41175 42579 43894 44887 46073 46769 48173 49319
8 9466 14751 18659 20615 22796 26964 28262 30777 33447 34428 37352 38798 39808 41011 42753 44542 46096 46812 48292 50419 51200 51945 53307 55264 56091
9 12471 15274 20837 25264 26880 30441 33627 34624 37412 38226 40967 43237 44783 46592 49130 50110 50943 53609 54060 56607 57290 59482 59781 61147 62871
10 13416 17664 23152 26907 29120 32187 37310 38367 42190 42895 46303 47371 50398 51342 53703 55606 56815 59867 61579 63056 63781 65361 67380 68615 70654
11 11218 21216 26764 30642 32631 37658 38358 43055 44000 47440 50886 51968 55132 56647 59196 62109 63496 64291 67737 68235 69570 72132 73131 74832 77470
12 15367 22642 27153 31200 36556 41430 44771 45663 48892 52307 55200 58739 60858 61937 65595 65814 69268 71679 73033 74284 76160 78799 80140 81811 84034
13 14936 22214 29301 33900 38913 41110 47016 50817 53348 56307 59118 62237 64320 67400 69911 71346 73906 76203 79460 81600 83646 85957 87362 88170 90479
14 15078 24410 32533 36292 40090 47600 51553 52756 56349 61854 63047 66555 69155 73230 74871 77343 79935 82493 84974 86710 90644 91118 93790 96020 98916
15 19442 23812 31321 39912 45200 48187 55803 57706 60671 64969 68476 71750 73668 77071 82049 84481 87413 89750 90648 93579 95200 98727 101514 102922 104010
16 15347 29503 32318 43289 49780 53546 56433 62297 65189 68707 71840 77662 80447 81835 85925 90396 92579 94332 96902 100838 102799 105600 106949 108612 112228
17 20959 32612 37400 47234 52453 56689 58988 63790 68508 74723 76178 81883 84728 88922 91800 93299 96467 100055 102170 106111 108161 110382 113021 116447 119049
18 14843 31590 39271 46243 53518 60775 64399 71820 74129 78295 83268 85798 89928 92835 97732 101185 104524 105142 110843 111890 116542 117428 119507 122823 125433
19 25491 28689 40395 50841 59479 62209 65928 73978 79164 84886 86403 90325 93390 97698 100754 104275 109609 113619 115385 118594 121124 123952 128359 131416 132292
20 27129 34409 48332 51069 60133 63246 71106 76733 80200 87909 89621 95247 101114 104077 109032 110851 114263 117712 120599 124129 128187 130966 133026 136938 140456
21 16800 40503 49339 55561 63558 71892 74543 81873 86687 91344 96417 100274 106667 109684 111439 115252 120049 123025 129043 130876 134531 136419 142181 144885 146519
22 29516 40804 47185 54956 62690 73098 80172 86334 92818 96600 100142 107328 108672 114991 119693 122807 124451 130747 132585 138093 139418 144264 146593 150052 154188
23 23902 43639 54815 59267 69914 76282 82928 88243 96600 100360 106000 109920 115367 118712 125387 126813 132764 135134 138993 143118 146407 150540 153049 158350 160737
24 25849 38099 50571 64577 73583 79018 87196 94183 98136 102949 112263 112570 118939 124892 129600 131803 139365 143599 145907 148723 154049 155612 161283 166000 167931
25 22913 47434 52678 64807 75333 82158 92736 97340 103562 110905 112250 119583 122678 129132 134350 140446 143962 146458 151493 156365 158272 165151 166283 171901 174356
26 35268 36770 57200 67800 81060 84809 96305 102560 110063 113808 120389 123164 128746 134398 139821 142882 150171 152848 158066 161451 165095 171048 173012 179155 181330
27 20205 45501 54000 67662 84178 89059 97798 102884 111062 117442 123376 129262 137143 141228 147688 151393 152926 160463 164235 168009 174396 177954 182964 183441 189770
28 27434 39598 67200 69041 87116 94040 100332 110165 112000 124969 125470 134633 142443 147313 149006 153465 161626 167345 171510 173690 177794 183352 188330 191304 194474
29 27204 51877 62737 71742 83649 97743 105202 110200 119147 123037 132260 138716 142070 149568 155738 160000 167499 173225 178203 181569 183504 190519 194278 199237 201002
30 31177 49840 63781 74699 89599 103402 106320 117115 126285 132680 139427 145492 152381 158405 159875 168107 170552 175750 182088 186483 191906 196815 202049 206891 208797
;

param:	cost_bundl	marginal	:=
1 10 10
2 50 54
3 100 105
4 150 167
5 200 229
6 250 263
7 300 335
8 350 386
9 400 428
10 450 463
11 500 513
12 550 573
13 600 624
14 650 672
15 700 749
16 750 767
17 800 840
18 850 888
19 900 905
20 950 981
21 1000 1037
22 1050 1097
23 1100 1104
24 1150 1154
25 1200 1239
;