param num_bundles := 25;

param num_cust := 30;

param price_reserve :
   1 2 3 4 5 6 7 8 9 10 11 12 13 14 15 16 17 18 19 20 21 22 23 24 25  :=
1 825 1536 2182 2661 2871 3458 3622 3852 4214 4350 4660 4741 5024 5177 5459 5571 5678 5875 6109 6197 6387 6505 6720 6832 7034
2 2623 2828 4195 5586 5727 6812 7189 7787 8419 8542 9287 9499 9887 10331 10800 11171 11475 11717 12205 12452 12943 13090 13273 13705 14131
3 3118 4762 6867 7823 8980 10235 11128 11305 12528 12952 13603 14249 15060 15635 16122 16789 17369 17769 18347 18532 19162 19608 20285 20733 21026
4 4800 7920 9191 11285 11342 13482 14730 15636 16570 17008 18313 19016 20048 21030 21496 22500 22740 23365 24462 24658 25886 26144 26797 27493 27885
5 3873 9165 11832 13379 14491 16882 17493 19647 21048 21354 23302 23664 25377 25749 26683 27821 28931 29428 30790 31305 31875 33030 33377 33926 34843
6 5755 11321 14450 14988 17223 20680 21996 23392 25257 26454 26940 28498 29735 30665 32378 32951 34613 35456 36378 37814 38099 38958 39908 40941 41931
7 8042 12678 16267 19298 21140 24127 24729 26857 28862 30512 32623 33890 34832 36346 37514 39100 40479 40984 42992 44250 44690 46348 47207 48030 49438
8 5543 11866 18659 20365 23839 27106 29285 30273 32790 35345 37008 37694 40319 40824 43022 44225 45817 47437 48478 50394 51574 52751 53379 54611 55794
9 12471 14952 19963 22337 26147 29467 33142 35181 36224 39106 40928 42634 44928 47145 49196 50368 51764 52940 54389 55887 57233 58521 60642 62067 63026
10 11662 18655 20199 24658 29732 34293 36551 39648 40988 43681 46861 48249 49234 51614 54185 55100 58275 59025 60033 61806 64312 66302 67764 68118 69570
11 15400 18142 22000 29761 33000 37529 38984 43335 46148 48350 49488 52062 54647 56305 58290 61953 62690 64779 66439 68941 70366 71458 73164 76019 76401
12 13145 20785 27047 32199 36791 39363 44513 47091 50514 52745 56029 56794 59518 61564 65287 65989 67925 70586 72677 74477 77249 77991 81140 82722 84069
13 11915 24111 27145 36027 40363 42801 45556 49944 53348 57377 59003 61197 65724 67450 68888 72567 73631 77957 79672 81434 82793 84610 87090 88667 90553
14 14000 23593 31430 38289 42832 46264 50166 52458 58466 61981 64704 67549 69494 72800 74766 78998 81296 81633 84326 88499 89425 92273 93118 95979 97398
15 11619 24372 35623 37947 45200 51264 53329 59017 61919 63992 67683 70420 74940 76837 81333 84694 87103 89247 91192 92952 95812 98453 101425 102966 104010
16 15009 22853 38533 41600 48425 53927 57243 61052 67504 68856 71554 75523 80701 83323 85805 89999 92302 95519 97219 99252 103395 105406 107427 110666 110851
17 18310 25443 36619 42737 51676 54929 62969 65312 70422 75339 76783 82235 84796 89181 91232 95624 97776 101204 103575 107033 108906 111425 113531 116992 120112
18 19718 32400 43200 45821 52417 58382 62354 71185 74129 76959 82643 85647 91002 94838 95790 100090 103214 106489 108180 112410 114693 117979 119886 123192 126616
19 20108 30400 43988 52791 59842 61626 69862 73783 78523 84031 86152 89199 94160 97327 103441 106400 108882 111243 114253 119322 121481 125458 127739 130755 134135
20 13856 39395 44181 48990 59059 66813 71442 76733 84475 87909 90244 94826 100479 105603 107033 109836 115169 117576 120532 123353 128250 129861 135470 137870 139542
21 25200 41578 45624 59099 61153 67462 77444 80351 87699 89293 98409 100274 105670 107162 111201 116545 121437 123740 128083 130943 135511 137642 141247 142491 145553
22 20163 33509 48798 61600 67019 71627 82081 84177 92295 96399 100335 105966 110351 115662 117242 123357 126304 129856 135474 136258 141075 144799 148626 152103 152420
23 22061 37933 51016 59445 66342 76421 85812 86671 93029 101200 103679 110592 114539 121095 124540 127063 131884 135758 138153 144663 148203 152009 153188 159282 160342
24 18590 47759 58197 60905 69724 80463 87064 90693 98136 101823 110608 112570 122188 125536 128887 135595 139034 142795 147243 149418 155018 157963 160280 165930 168957
25 16583 46368 60828 66332 74666 82006 92466 99750 101612 111131 112694 122168 126886 128160 136107 138834 143701 149583 150499 157718 159765 163631 168671 173133 174857
26 34493 37498 53030 69571 75892 86545 96024 103609 108205 114518 116624 125448 128641 133489 139337 146156 148815 151872 158237 161368 166968 168579 173247 178171 183480
27 31947 41828 64575 75985 84696 88567 98393 101025 109475 120021 123139 130385 136610 141538 144494 148574 155103 161640 164146 166877 172716 175230 182565 183600 190460
28 34063 40382 64339 75962 80764 91161 101420 108009 112000 121017 125844 134750 138423 145277 150576 158095 162978 166217 171601 175665 177441 182495 186237 191958 196000
29 32810 57709 68135 81200 84648 99618 103591 110961 118155 124261 133274 141596 143367 148212 158628 159051 164561 171468 177256 182216 186504 190696 193498 197029 201002
30 30594 47624 68411 73485 90399 101292 105128 113049 122963 128125 138261 144997 146969 154026 163768 168214 172650 179399 184347 188786 192562 197089 200350 206194 208538
;

param:	cost_bundl	marginal	:=
1 10 25
2 50 71
3 100 144
4 150 179
5 200 240
6 250 281
7 300 335
8 350 369
9 400 438
10 450 483
11 500 532
12 550 592
13 600 622
14 650 686
15 700 713
16 750 792
17 800 832
18 850 869
19 900 914
20 950 964
21 1000 1013
22 1050 1090
23 1100 1122
24 1150 1153
25 1200 1200
;