param num_bundles := 25;

param num_cust := 30;

param price_reserve :
   1 2 3 4 5 6 7 8 9 10 11 12 13 14 15 16 17 18 19 20 21 22 23 24 25  :=
1 632 1600 2425 2466 3118 3219 3510 3975 4040 4285 4539 4720 4915 5284 5433 5543 5667 5940 6000 6216 6444 6502 6708 6864 7006
2 1649 3578 4833 4964 6286 6633 7321 7505 8419 8836 9042 9423 10119 10500 10636 11042 11607 11926 12033 12611 12806 13158 13523 13647 13954
3 3550 5400 6378 7869 9139 10375 10850 11696 12456 12980 13603 14537 15155 15438 16144 16497 17002 17769 18415 18513 19433 19442 20017 20462 20957
4 5367 5879 9330 10307 11593 12750 14533 15388 16040 17853 18295 18931 20254 20521 21615 21909 23145 23987 24013 24684 25587 26071 26725 27165 28205
5 4690 9539 11180 12450 15067 15811 18000 19391 20688 22226 22782 24393 24799 26211 27166 27441 28408 29411 30150 31432 32031 32955 33705 34438 35014
6 3795 10598 14097 16100 18000 19900 21365 23207 24651 26698 27782 28700 29540 31108 32820 33814 34321 35068 36180 37432 38193 39709 40641 41465 42222
7 4850 9899 14208 17983 21324 22400 24808 27860 28451 30157 31833 34006 34606 36855 38084 38899 40672 41436 42625 44094 44493 46115 47103 47805 48880
8 10119 13670 17083 21166 24318 27667 28666 31313 32279 35490 35813 38566 39646 40980 43377 44600 45621 47491 48530 50139 51648 52068 53211 55403 56251
9 12471 17910 18619 23812 27827 30916 32099 34153 36933 38564 41944 42443 45215 47145 48733 50656 51544 53609 55069 55974 57740 59263 60722 61385 62639
10 12649 17889 24000 27857 28705 32496 35270 39900 40050 44045 44900 47032 49071 52077 54148 56462 57966 58754 60926 62386 63435 64962 67439 68498 69311
11 13382 17462 22110 28769 34435 34785 38484 42031 44925 46669 51501 52570 55569 57831 59846 61796 63267 65853 67307 68730 70709 71627 73396 75636 76906
12 11257 23759 24710 32110 34026 39872 44707 46908 50514 52636 54040 57600 60048 62814 64443 66163 69559 70095 72993 74516 76762 79236 80140 82757 83242
13 9007 22062 30983 33800 40530 44353 48223 50617 55032 57905 59573 61965 64948 68049 69862 71677 74725 76025 78043 81517 82425 85642 87284 88247 91074
14 15839 24729 28000 39100 40769 45408 49616 54077 56000 61089 65367 67954 70890 72692 76579 78749 80910 83579 84326 88278 89862 91932 94290 95693 97840
15 10817 26325 33941 38884 46087 51614 52735 59473 63356 64622 68935 70739 75478 77013 81664 83516 87103 89599 91439 94297 96047 99091 99860 103836 105513
16 14311 30526 34465 42453 47247 53832 58395 62379 64399 68108 72549 77331 81522 84422 86518 90453 91074 95143 96585 100533 101899 105842 107950 110063 111358
17 17000 24042 41082 44591 53001 58199 59378 65665 69180 72684 77904 80459 84523 87612 90596 94652 97658 100975 103015 105783 108906 110330 114242 116099 118318
18 22768 31177 40729 49753 52663 59699 62974 68115 75170 76791 80820 84427 91216 95043 97466 99049 104648 107096 108956 113214 114013 118144 121976 122241 126922
19 25773 31793 44640 50982 59842 64712 67657 72996 79164 82031 88875 91358 93236 97550 102951 104483 108815 113046 114442 118289 120527 124185 127059 131141 131746
20 26533 34871 47329 52307 62992 63875 72222 74833 80697 89353 93552 95833 99519 103692 107107 111929 114682 117507 122180 126238 128934 132242 134581 137113 139657
21 24127 33600 43849 51610 61441 70530 74068 81007 86890 93821 94942 99390 106749 109119 112698 115938 119313 122594 126698 130064 136031 137386 141933 143170 147180
22 14593 39355 47389 61757 65263 75828 80413 85659 88439 95187 100239 103283 111919 114061 119935 121060 127296 128658 135403 136613 141075 144866 148561 149665 154000
23 15256 38760 46000 57454 70216 75446 83310 89316 96600 98444 107781 108856 115184 120657 122312 129619 131161 135681 139752 143340 145465 151451 152980 156129 160473
24 32907 37181 50113 61470 70708 80319 85327 95156 100800 106361 110087 113994 118259 124615 128170 134486 137702 141009 145512 149803 151789 157671 160280 163693 167794
25 30414 49749 52202 62048 75166 80000 89722 96437 102835 109659 115758 119791 125200 131053 136107 139014 142741 147648 152151 155322 158509 163325 168819 171683 173566
26 31630 47942 56725 67400 79375 87632 93166 97699 105292 111891 117317 122393 129896 133995 140111 143354 150171 152228 157981 163779 165830 170889 173792 176417 182445
27 24150 51229 63894 69364 79180 89059 100591 102742 113400 115059 125949 129375 136183 138623 147589 147885 153592 157806 164235 169649 172631 175645 179991 186515 187139
28 34063 51629 65307 69494 83813 88897 104617 107572 112419 123581 125720 135562 139776 146780 149636 158194 158392 164129 171419 173690 178674 182495 188163 190153 197117
29 29574 43789 64846 75400 82229 99280 103754 113360 118013 127600 134405 139923 147073 148552 155522 159474 168899 169396 176305 179800 184692 188120 194278 197626 201837
30 27495 45695 68147 83138 89599 102528 112089 115724 126428 127703 134700 144375 151076 158632 159424 167786 171079 179900 181692 188308 190872 196632 202049 204088 208019
;

param:	cost_bundl	marginal	:=
1 10 24
2 50 72
3 100 132
4 150 161
5 200 211
6 250 266
7 300 305
8 350 383
9 400 404
10 450 476
11 500 510
12 550 567
13 600 627
14 650 678
15 700 716
16 750 782
17 800 836
18 850 877
19 900 902
20 950 972
21 1000 1030
22 1050 1083
23 1100 1107
24 1150 1161
25 1200 1231
;