param num_bundles := 25;

param num_cust := 30;

param price_reserve :
   1 2 3 4 5 6 7 8 9 10 11 12 13 14 15 16 17 18 19 20 21 22 23 24 25  :=
1 693 1855 2417 2676 2966 3262 3622 3909 4171 4331 4669 4817 5040 5208 5295 5535 5660 5845 6013 6206 6465 6591 6759 6917 7031
2 2742 3795 4118 5643 5865 6337 7310 7899 8030 8523 9077 9666 9879 10454 10711 10991 11586 11805 12126 12630 12844 13060 13440 13582 13908
3 3980 5532 7275 8379 8716 9822 10461 11940 12369 12827 13774 14412 15120 15356 16155 16843 17108 17636 18307 18697 19200 19818 20232 20382 20880
4 4525 7715 8000 10998 12159 13023 13994 15263 16551 17195 18417 19267 20096 20738 21257 22599 22726 23799 24265 24697 25911 26193 27106 27353 28000
5 4899 9747 10247 12767 14866 17000 17578 19494 20396 22159 22361 23495 24880 26153 27350 27532 28320 29614 30249 30919 31906 32573 33496 34322 34943
6 7099 10461 13309 14746 18040 19498 21533 22546 24913 26454 27100 28194 29807 31015 32533 33557 34924 35354 36338 37814 38550 39253 40339 41535 41897
7 7408 11024 14882 17598 21462 22574 25701 26820 28963 31211 32170 33716 35418 36588 37878 39275 39992 41907 42047 44161 44427 45881 47249 47559 49339
8 10969 15009 18796 21045 24000 27106 28442 30231 32000 34871 37318 38633 40128 42150 42723 45170 46096 46976 49107 49986 50723 52824 54022 54705 56455
9 12471 15897 21068 24615 26638 29024 32450 33675 37499 38940 41517 43012 45394 47316 48998 50784 51007 53850 54299 56234 57769 59236 60105 61200 63000
10 12961 16248 24331 27276 29052 33526 36661 37789 41761 43313 44766 47833 49437 51420 53254 55426 57585 58412 60332 62578 63655 66182 66543 68352 69340
11 9071 21330 22650 26944 32258 35062 39722 43779 44709 46773 49780 51782 54068 57537 60048 61953 62458 64779 66874 69081 70228 72533 73921 75187 76210
12 10461 20923 29098 30829 36791 38699 43066 45663 50685 53504 54200 58690 59566 62215 63815 67499 68432 71115 73190 74940 77323 77806 79671 81671 84751
13 15160 19282 26259 34395 37678 43194 48502 49673 54476 56427 58601 63314 64057 67899 69084 72985 74407 77391 78389 81393 82670 84250 88055 88323 91000
14 16327 27002 30800 38392 40479 47682 49931 55508 58867 61917 62860 66555 70502 73603 75027 77343 80424 82493 84419 88322 88809 92527 94746 95323 98240
15 16432 23431 32311 39459 47244 51527 54827 57550 61262 63640 68147 71120 73729 78345 81166 84267 86273 88589 90000 94631 96514 98818 100130 103489 104010
16 13576 30019 34465 44225 45705 51300 58482 61885 66588 71339 72408 77991 81333 83446 87402 89600 91466 94441 97639 99406 102400 104184 107902 110481 111128
17 23556 32076 34338 43275 52453 56280 58890 67830 68255 75416 78274 82024 86282 87744 90404 95745 98130 100573 103015 104960 109224 112303 113328 117041 119146
18 19718 25709 42443 47351 51039 58382 65397 71820 75942 78129 81459 85344 89277 93184 95722 98984 102078 106793 109193 111600 115144 117152 120264 122241 127177
19 26327 28437 39491 52791 58253 63700 70684 75524 76474 84886 88467 89118 94619 100323 101111 104275 107614 112019 116009 117739 122428 123193 126146 130147 134027
20 14422 36222 47159 51069 58788 64250 72111 79599 82753 85604 90333 95415 99840 104766 108370 112285 116550 116893 121984 124708 129430 131879 132846 136996 139485
21 23759 33336 42832 55242 65740 66408 76528 80021 87295 90373 96782 99744 106336 107162 113711 118645 118794 123454 127669 132150 132882 137706 139425 143907 146097
22 30165 41510 50168 62070 62381 70400 80653 87559 89851 97100 100046 107598 109205 112178 118474 124295 126380 130005 133023 137037 142304 145533 147777 149600 152801
23 29454 37371 54428 58367 70366 76973 83563 88960 92687 102240 107092 111639 115276 120041 122052 128141 131563 137923 140883 143709 146768 151451 155382 158015 161983
24 27989 45537 52581 59178 73583 76198 89156 94305 99303 104393 108080 115997 120000 123873 129511 135084 136947 140927 145828 148412 154646 158763 160064 163200 168957
25 31623 36401 59791 66332 78422 85732 90416 97852 101242 110000 115000 117260 125897 129904 134257 139463 142741 147224 152151 157639 161323 162250 166132 172482 174929
26 18013 45333 57200 67400 78862 87786 93020 102031 107075 111891 121729 122614 131242 135898 141646 142976 149630 154345 157638 161284 164685 172151 175957 179607 181926
27 25897 43200 59889 66576 80458 87573 97649 107730 108539 116945 124786 129487 136930 141949 144998 151200 156507 160916 164766 170250 174061 175562 180396 184629 190384
28 25662 47846 56000 71933 79591 90297 99548 106400 115311 124718 129770 135098 140336 146780 148268 156600 160653 166970 172240 174321 178762 183095 186489 191386 196160
29 37138 43014 69115 80367 87193 98087 102940 112466 121662 126408 134905 141833 145116 151911 154110 160315 167298 173225 175156 182677 186233 190696 195056 198729 202585
30 27495 50557 65727 84214 91978 102352 106489 116962 124274 132951 140584 145121 151314 154376 163878 168642 174516 175237 183270 186387 193680 198182 201514 205932 211792
;

param:	cost_bundl	marginal	:=
1 10 33
2 50 76
3 100 112
4 150 164
5 200 233
6 250 270
7 300 318
8 350 397
9 400 443
10 450 455
11 500 540
12 550 574
13 600 609
14 650 652
15 700 735
16 750 779
17 800 808
18 850 895
19 900 906
20 950 999
21 1000 1030
22 1050 1078
23 1100 1119
24 1150 1173
25 1200 1235
;