param num_bundles := 25;

param num_cust := 30;

param price_reserve :
   1 2 3 4 5 6 7 8 9 10 11 12 13 14 15 16 17 18 19 20 21 22 23 24 25  :=
1 632 1908 2000 2706 3072 3353 3594 3789 4171 4317 4609 4800 4960 5235 5322 5571 5703 5838 6079 6274 6428 6579 6738 6902 7034
2 2040 2966 4308 5028 5879 6905 7310 7767 8237 8699 9278 9516 9960 10522 10881 11157 11648 11933 12113 12605 12875 13017 13511 13688 14011
3 3059 5265 6406 7892 8980 9968 10444 11803 12471 13390 13839 14199 15012 15784 15987 16736 16971 17657 18179 18764 19200 19571 20276 20733 21026
4 4733 5879 9295 10673 12471 13576 14244 15677 16952 17673 18278 18762 20016 21030 21481 22214 23103 23772 24000 24658 25625 26009 26701 27481 27977
5 4472 9695 11619 13038 14866 16155 18111 19545 20149 21331 22405 24474 24658 25652 26608 27767 29103 29665 30676 31177 31812 32802 33615 34278 35029
6 4327 10933 13309 15321 18238 20151 21466 23238 24120 25765 27073 28900 30476 31704 31840 33899 34258 35960 36040 37200 38494 39673 40392 40712 42154
7 6714 10288 14208 18307 20528 23635 25586 27327 28244 30448 32623 32863 35028 36211 37120 38341 40600 41294 42832 43961 44360 46242 46664 48417 49020
8 6974 12998 18031 20112 22796 26339 29241 31799 32907 35309 35991 38864 40540 41136 42663 44513 45733 46702 48027 50216 51350 52679 54164 55403 55771
9 10800 17076 18000 22839 25519 30653 32199 35181 37843 39804 41789 43312 45785 46904 49097 50013 50943 53366 54478 55771 57769 59400 60561 61200 63000
10 8944 19391 23833 25690 30854 33764 34756 38575 42000 44091 45651 47413 50279 52688 54589 56036 57550 59833 60332 63151 63812 66242 66993 68411 70171
11 10551 18142 22000 29761 33073 37594 40025 42432 46617 47185 50119 52062 54158 57915 59522 61521 63952 64178 67487 69535 71118 72366 73593 74962 76748
12 15554 23020 27989 30263 37181 38921 43532 47275 50742 52527 55564 56896 60573 63407 65331 67243 68726 70300 72359 74748 77360 78689 79671 81987 84547
13 16648 19971 26515 31949 36953 43194 47942 50147 52517 55338 60586 61252 65104 67949 70440 73263 73860 77172 79757 81517 83767 85563 86662 89464 90254
14 18991 20191 33130 34407 42372 48335 52233 55578 57178 61854 65006 67200 69212 72800 76579 78500 79196 82160 84790 88322 89600 91075 93161 95816 97519
15 19209 26153 34337 37470 44800 49930 56045 56285 63143 66746 68608 70548 75895 77305 80554 83409 86012 89900 91537 92952 95624 98362 101380 102879 104700
16 17233 28622 35054 44686 47893 55055 59265 63518 65346 71267 74016 75658 80192 83935 86281 88044 91857 93460 98267 101041 101849 105987 106277 110713 112638
17 23556 32612 34506 42737 52453 55452 61105 67659 71400 74257 78495 81671 86416 88269 92177 94285 97658 101032 103239 104795 108267 111009 114293 115999 118220
18 22192 31590 39926 48833 56578 58271 65891 67446 73249 76622 83579 85798 89784 93600 95451 101505 102014 105327 110256 111832 115031 118363 121176 124656 127228
19 24332 30400 45600 51964 58129 64151 70274 75044 79164 83080 87812 89361 93853 99019 102811 104897 108150 113174 116877 118045 122546 125515 126089 129869 133000
20 24331 28566 45078 49800 58924 65483 73539 78384 80100 88724 90421 97734 98224 102450 108738 112641 116276 118186 120399 124386 126744 132303 134878 136352 140570
21 19247 31986 47887 55082 61870 67853 77558 79468 87799 91729 94290 102707 106915 110245 111912 116697 118868 123311 128770 130132 133214 137578 139614 144214 145976
22 14593 31422 46148 62070 63152 69848 76590 82902 91028 96500 101200 105049 111919 113465 117489 124139 127752 130154 134182 138792 139140 142712 147318 151784 153370
23 16586 33803 49330 59800 71411 73023 81382 91539 96600 98013 104289 111259 116190 120832 121965 128059 130999 137462 139828 143856 146552 151591 154289 157210 160737
24 18590 44771 48000 65463 74361 76198 85462 91200 98838 104503 107331 115200 117771 125261 130574 135680 138120 140272 146538 151409 152622 157452 159198 164255 169025
25 18028 47697 58095 70178 77942 79530 92871 96307 105000 108397 113578 119373 124298 131149 134350 137477 143178 148829 150665 155161 158981 162019 167854 171391 176068
26 27020 46219 57436 68197 81060 87013 92291 101766 104260 111163 117202 123384 131756 134699 137874 145878 148360 154957 159004 163035 166887 169539 175418 176341 183332
27 24746 51795 65694 71639 79547 90681 96598 106093 111193 118800 125136 128015 135754 139671 144292 150427 156414 159825 165120 170421 172969 175147 182485 186671 190842
28 34063 43377 64339 76374 86755 90817 100332 108876 112140 120367 126714 132046 142663 147526 151614 154787 160848 167252 170225 173781 180942 184375 189409 193099 194716
29 22463 41012 67140 81613 84449 97226 107418 114099 120271 127204 130080 139562 142307 149905 157029 163432 165478 173322 178108 179425 187404 190519 195056 198645 202170
30 31749 54332 73239 77769 89800 100399 108499 113208 123548 128265 134833 143875 147092 156346 159424 167893 173482 176873 184152 185321 190683 198182 202406 205407 210000
;

param:	cost_bundl	marginal	:=
1 10 25
2 50 60
3 100 128
4 150 158
5 200 225
6 250 279
7 300 338
8 350 390
9 400 413
10 450 468
11 500 517
12 550 551
13 600 620
14 650 653
15 700 724
16 750 764
17 800 846
18 850 865
19 900 914
20 950 953
21 1000 1038
22 1050 1073
23 1100 1118
24 1150 1192
25 1200 1233
;