param num_bundles := 25;

param num_cust := 30;

param price_reserve :
   1 2 3 4 5 6 7 8 9 10 11 12 13 14 15 16 17 18 19 20 21 22 23 24 25  :=
1 1200 1887 2236 2608 2898 3280 3572 3752 4089 4450 4565 4758 5075 5235 5415 5611 5776 5933 6020 6280 6347 6487 6648 6853 6980
2 2433 3899 4060 5075 6079 6835 7077 7663 8020 8836 9016 9533 10096 10553 10940 11243 11426 11717 12179 12535 12943 13115 13375 13647 14091
3 3341 5231 7275 7754 9040 9804 10767 11494 12514 13390 13590 14199 15285 15600 16032 16497 17034 17565 18238 18888 19200 19470 19972 20541 21188
4 3919 7155 8872 10940 12106 12949 14511 15960 16356 17871 18313 19448 19839 20999 21496 21938 22754 23597 24449 24684 25424 26521 26999 27388 27736
5 6083 8944 10440 13491 15395 16000 17944 19261 20712 21424 22494 23558 25199 25923 27000 27386 28948 29292 30659 31209 32094 32496 33793 33941 34713
6 4948 9449 12060 16410 17181 19349 21733 23300 24268 26181 26993 28875 30405 30641 32422 33255 34384 35109 36358 37103 38269 39454 40160 41099 41828
7 7000 12755 14882 17653 20906 22180 25966 26489 28520 30768 32473 33483 35611 36238 37852 38848 40236 41766 42093 44094 44427 45516 47332 48356 48920
8 9600 15094 18031 19920 22627 27574 28034 30104 33600 35018 35849 38199 39549 41538 43081 44427 46040 46948 48583 50368 51698 52288 53975 55008 56205
9 10949 13227 18879 23261 27120 30227 31896 35593 37585 39518 42098 43012 44274 46800 48097 50045 51607 53062 54863 56378 57825 58465 59997 61041 63589
10 12000 17776 22000 24900 31369 32496 34986 39090 40546 43589 46000 47539 49558 52383 53926 55534 56675 58344 61547 62514 64218 65909 66963 68029 70456
11 13739 15711 24498 30004 31268 35200 39722 43335 44329 48350 50886 52892 54780 56390 59806 60849 62922 64291 67666 67916 70021 72833 73231 75892 77251
12 14400 21332 27989 32907 34195 39872 41569 45092 48596 52636 54991 56438 60000 62122 64800 65902 68347 71074 72558 75552 76160 79091 80140 82198 83138
13 13257 23687 30209 33700 38564 42325 47231 50147 53663 56367 60753 62292 65104 67500 70728 71299 75355 76336 78389 81268 83200 84410 87902 88400 91703
14 16085 20576 31802 35084 41436 46601 49537 53932 56279 60053 63972 66201 70724 72422 76322 76987 81393 82636 84882 86935 89644 91633 94290 96061 98558
15 11619 25807 30000 40025 44598 48929 55480 58172 61774 67015 67750 71435 74579 76544 81829 82704 86116 87977 90250 93675 96933 99000 100220 102352 104871
16 18102 28977 34465 40350 47893 52484 55426 60123 65970 70254 74154 77398 81396 81710 84724 88681 91354 95304 97639 99715 102949 103938 106901 108517 111863
17 14425 25669 39211 45616 49153 58000 58890 66278 70422 72763 76481 82516 86483 87744 90340 95321 98659 101716 104629 106545 108959 110696 113481 117730 120064
18 24680 26208 38940 44964 54120 61517 64499 69341 73072 80176 80579 87295 89132 93946 97000 98656 102268 105081 110433 111193 116320 117097 120048 123978 124915
19 15668 34620 45758 50413 57630 60323 68294 75905 80521 82031 88222 91200 95076 98873 103998 106264 107883 112726 115134 117370 120287 125860 126089 129758 132674
20 25612 28844 45607 56285 58515 67409 72443 78384 80994 86626 91126 95247 100000 102917 108885 111068 115516 117439 121128 124322 128374 129677 133985 136938 141138
21 25548 40285 47518 58499 63419 69902 73109 79579 84940 91921 94009 100887 104579 109925 114561 117450 119016 123454 128770 131481 134203 137770 139614 144641 146820
22 22863 33509 51688 56175 67737 74281 77719 84521 91875 96097 98976 103189 111746 116330 118718 120499 124529 130747 134398 138233 141486 145267 145931 149276 154940
23 24772 44361 46458 60852 65540 73887 79674 90843 96928 99619 106696 110400 115367 119688 124285 128059 133954 135524 141707 142674 147272 149624 155518 156670 162374
24 19791 37795 58197 65463 74206 77695 83828 92330 99303 105053 107439 116592 121147 122659 128619 134400 137702 143680 144798 149803 152924 158036 159848 163059 166899
25 28284 39370 59582 62450 73655 82310 92736 95000 104283 108051 115758 119791 125000 130192 136839 141244 142039 146373 152561 154110 160546 162558 166808 170514 175000
26 29416 50949 53537 64530 73906 87478 95318 100294 105932 114282 116740 126308 127586 136791 140111 146249 149087 151961 157295 160443 167776 171679 172543 177715 181554
27 34996 42175 65248 71231 82250 92117 99571 106093 108539 119899 123020 130049 136930 139671 145800 151777 155572 159551 165296 167574 174730 176143 179667 186045 189616
28 39200 42279 56000 75755 84928 89775 99390 108732 118265 123454 129043 134866 141781 145492 151511 157000 161043 167064 169394 176022 178499 183352 186237 190070 196320
29 34800 46036 66889 77382 87770 98770 102776 114834 121800 129042 130080 139321 146500 148099 157136 159368 164969 172544 177919 182031 187044 189012 193671 197796 203744
30 19900 55642 64062 75419 86533 103053 110309 114158 120599 129244 136689 143499 147946 156000 163988 167571 172858 177178 182384 187061 192655 195990 200798 206456 211111
;

param:	cost_bundl	marginal	:=
1 10 26
2 50 78
3 100 148
4 150 154
5 200 242
6 250 263
7 300 332
8 350 375
9 400 413
10 450 458
11 500 527
12 550 576
13 600 608
14 650 680
15 700 707
16 750 780
17 800 844
18 850 882
19 900 906
20 950 988
21 1000 1011
22 1050 1086
23 1100 1100
24 1150 1166
25 1200 1229
;