param num_bundles := 25;

param num_cust := 30;

param price_reserve :
   1 2 3 4 5 6 7 8 9 10 11 12 13 14 15 16 17 18 19 20 21 22 23 24 25  :=
1 1342 1709 2163 2538 3137 3298 3567 3955 4030 4377 4512 4874 4903 5115 5433 5561 5713 5872 6093 6190 6471 6536 6747 6791 6980
2 1649 3418 4716 5122 6145 6645 7354 7547 8333 8681 9130 9708 9920 10206 10733 11078 11614 11832 12133 12335 12949 13151 13422 13565 13874
3 2400 5848 6089 8050 8980 10218 10632 11588 12105 12798 13994 14487 15179 15367 16144 16649 17181 17565 18278 18639 19340 19691 20196 20637 21128
4 2993 7632 8429 11229 11920 13506 14555 15451 16743 17233 18031 19300 19694 20459 21570 22156 23228 23759 24093 25146 25349 26242 26557 27388 28114
5 3317 8185 12166 12570 14353 16401 18276 18868 20736 21564 22583 24166 25436 25807 26889 27785 28896 29698 30414 31464 32202 32680 33317 34088 35327
6 5367 11128 13787 15554 18552 20470 21766 23454 24030 26698 27443 29049 30215 30992 32311 33643 33984 35395 36830 37064 38736 38958 40570 40871 41656
7 4427 12205 15652 17486 21689 23343 25966 27577 29433 30959 31647 34150 35056 36373 37488 39350 39918 41578 42923 44072 44866 46221 46874 48030 49418
8 10852 15430 17889 21938 23732 26436 28977 30484 33676 35236 35884 38400 39679 41631 42753 43934 45255 47920 49289 50394 51000 52508 53642 55310 55748
9 12471 15588 20205 22265 28404 29080 33336 35593 37282 38773 40610 42748 44420 46938 48097 50624 51795 53970 54893 55974 57964 58410 60374 61596 62923
10 9592 17776 20494 24739 31177 34000 34814 37947 41952 44452 45166 47159 50557 51225 54074 56249 56745 59161 60000 62674 63812 65452 67528 68264 69828
11 11218 18538 22000 28936 31113 37335 40447 43279 44438 48250 50360 53393 55220 56305 59563 61127 63534 65225 67307 69431 69813 71964 73264 74929 76369
12 12238 22895 25171 30453 37025 40088 43664 47759 48774 53558 54728 57999 61141 62951 64711 66207 68389 70341 72399 74090 77398 77806 80032 81741 84205
13 14708 19971 28482 32785 39000 44123 45999 51280 54102 57846 60307 62183 64425 67199 69911 72985 73585 76158 78647 81600 82506 85839 87439 88705 90404
14 19399 22224 30416 35307 40769 45322 51857 55719 58867 59397 64704 67723 70447 73336 76630 76987 79591 82683 85892 88144 90080 91333 93790 96468 97880
15 19442 28142 35242 40472 46669 48744 54909 56125 61188 63640 69520 71561 74095 77071 80944 84107 85907 87464 91831 94250 96187 99227 100220 102220 105811
16 16317 25197 34316 40980 50495 55333 57866 62625 65032 69004 72266 78187 78449 84422 86518 88912 90905 94603 96373 100074 102700 105163 107474 108564 110990
17 11778 33658 39358 47600 48799 57298 62416 66191 69679 73159 76102 83213 83491 86950 92989 94346 96885 101716 102790 105892 108054 112714 113786 115550 119630
18 16100 34153 39271 47895 53880 57937 66185 68684 76283 76875 82014 86774 91641 94427 97466 100607 104895 106733 109312 111484 115929 117649 121390 123034 126667
19 19376 32019 40573 51964 59601 64600 68189 74658 78431 82557 86570 90005 96658 99310 102459 105240 110462 113619 114569 117309 122310 125917 127229 129479 131800
20 25298 38158 47666 52000 58788 64498 70993 76629 83042 88724 90067 95582 100876 105451 107107 112285 113772 118254 120797 125028 128686 130721 133686 135706 140057
21 23759 39175 46200 55719 62579 70780 73829 81224 85869 92304 96142 102363 104495 107654 111518 118049 121510 124663 126280 130606 135446 139045 139804 142800 147718
22 29516 38358 49780 58040 66729 71220 76717 83947 88548 95795 101200 104030 110527 115746 120258 123983 127600 128733 133386 138023 142440 145732 146461 149988 154690
23 27214 43639 56150 56526 66182 73023 81122 88722 95609 100991 103167 109050 114262 118534 124540 127810 130757 135681 139525 144809 146912 152357 154905 156670 161000
24 21466 45028 55771 67542 68893 80463 86533 91578 97548 102949 110608 113182 121526 125261 128439 133454 138952 143680 144718 148955 152320 158545 159198 165861 166346
25 20000 40620 52915 67082 71764 79215 92060 93808 105948 107121 113688 118427 125797 127671 136565 138022 144914 146373 154029 156205 158588 163018 166208 170807 176068
26 32474 40945 63261 69765 80390 82711 96165 97976 109940 115926 117202 126948 130726 134297 138851 144949 150351 154782 157209 164274 164767 171363 174336 179682 183259
27 37021 41125 61094 67229 84868 90036 96296 107865 108404 120142 122546 129487 133698 139776 143278 150620 156879 158911 165208 168355 173306 177215 182405 183362 187139
28 17709 54582 58733 78400 82683 90297 97156 107427 113668 123327 127945 132875 142663 147632 151200 156098 162110 163459 168931 176378 179637 181461 187412 192611 196160
29 37588 53473 66384 75400 87770 97053 107261 113508 120690 128257 132133 140403 146615 152905 157350 159895 164867 173031 175923 179144 184965 188031 195142 200834 203992
30 38419 54000 62642 82922 94678 100399 106658 116034 122963 130491 134566 143122 147458 154026 163438 167786 171919 179198 183761 186483 192562 198907 201246 205757 211537
;

param:	cost_bundl	marginal	:=
1 10 47
2 50 94
3 100 108
4 150 167
5 200 224
6 250 268
7 300 325
8 350 360
9 400 426
10 450 452
11 500 522
12 550 565
13 600 631
14 650 681
15 700 748
16 750 792
17 800 837
18 850 865
19 900 902
20 950 965
21 1000 1003
22 1050 1067
23 1100 1115
24 1150 1177
25 1200 1221
;