param num_bundles := 25;

param num_cust := 30;

param price_reserve :
   1 2 3 4 5 6 7 8 9 10 11 12 13 14 15 16 17 18 19 20 21 22 23 24 25  :=
1 632 1697 2088 2728 3046 3162 3666 3990 4176 4450 4477 4716 5087 5134 5400 5532 5762 5896 6093 6264 6403 6573 6693 6867 7009
2 2498 3394 4472 5215 5797 6741 7277 7663 8168 8598 9148 9567 9863 10484 10673 11136 11363 11723 12013 12464 12687 12961 13375 13833 13914
3 3499 5367 6708 7800 9468 10270 10683 11603 12252 13390 13443 14071 15203 15772 16267 16606 17369 17595 18100 18629 19181 19764 20053 20488 21034
4 4157 7632 9261 10151 11648 13764 14489 15980 16608 17177 18608 19167 19726 20999 21585 21967 22782 23597 24370 25006 25361 26181 26987 27655 27931
5 4123 8307 11314 12884 14248 16000 17521 19339 20298 22023 23259 24000 24637 26115 27019 27875 28653 29462 30000 31528 32171 32696 33571 34409 34986
6 6462 11696 13309 14988 17055 18974 22354 23759 24651 25793 27834 28219 30239 31544 32400 33342 34759 35658 36733 37489 38699 39161 40052 41396 41777
7 6567 13930 15272 17653 20623 24127 24249 27860 29533 30222 31678 33804 35112 35748 37173 38999 40455 41743 42809 44205 45257 45859 47020 47785 48558
8 8908 15758 18728 20239 23732 26916 28125 31920 33752 35345 36591 38367 39711 41384 42933 44080 46096 47220 48266 50292 51524 52873 54235 54939 56523
9 6971 13227 20125 25328 27298 29247 31281 34105 36135 38648 40289 43350 44311 46348 48333 50303 50943 53427 54508 56176 57740 58797 59835 62120 62691
10 7211 16125 23152 26382 28844 33407 37094 38471 40645 44632 45651 46904 50080 51069 53028 55462 57271 58549 61254 61806 64187 65299 67052 68323 70086
11 8800 18668 23592 28936 32408 34924 39478 41916 45461 47185 50600 52892 54023 57411 59603 60530 63952 64667 66183 68624 69570 71930 73856 75380 76559
12 8653 22257 25625 30641 34862 40446 43796 46040 49068 52472 54146 57650 60952 61750 64622 66467 68094 71357 72558 74593 76311 78872 79888 82058 84649
13 13000 21440 28482 35554 37407 44047 45556 49468 54102 56126 59118 63421 65363 66338 69377 72474 75086 75847 79545 81517 83847 84690 87400 88285 90740
14 8854 23089 30157 35195 40188 47269 50478 52682 58466 59397 64825 65666 68871 73763 74240 78049 81345 83203 84836 87116 90123 92442 93329 95241 97679
15 18735 29547 36497 36986 44900 48374 55561 56763 60225 66204 69195 71435 75598 76485 81664 82541 86377 89398 92125 93338 96328 97535 100310 102966 105769
16 19726 22853 38798 40350 49263 54306 59178 62789 67504 71052 74292 75183 78579 82272 86518 87694 91522 95893 97692 99817 101496 104870 106373 110620 112456
17 14019 30788 37861 45106 52121 57499 62601 64331 68929 73867 77904 80387 85136 88791 91989 94285 97242 100746 104131 106274 108427 110225 114998 116049 118367
18 22482 26454 41517 49883 55187 57937 66478 67829 73249 77630 84120 86625 89567 95179 97067 98787 103214 105019 108896 111018 114636 117649 120909 122400 125639
19 26600 32244 43824 48067 56235 61273 67657 74755 79619 84374 85816 90005 94467 100395 100682 105171 109014 111697 115072 118777 121897 124010 126774 131031 133000
20 20000 28566 45255 52000 58652 66453 71330 76420 83331 86902 91038 96250 98874 103846 109252 112071 114193 119867 120266 125411 126554 132000 132725 138506 141138
21 13282 36615 50575 58045 65874 67983 76181 81873 84628 91921 96965 100975 104579 109361 114791 117450 119902 125579 126628 131682 135185 138600 141497 144397 146940
22 13914 42886 51875 61757 63305 73363 81251 85433 91028 97795 102907 104123 110614 114654 118881 124295 126457 130821 133023 139001 140594 144933 148822 149923 155002
23 31870 42659 49544 62904 71114 76835 84944 87279 93709 101304 106795 112489 115092 119246 124115 128636 131884 134506 139069 143561 148346 150751 154768 157814 161590
24 26291 42933 49419 62951 70871 76349 86400 94549 96240 104834 111024 115000 120861 125720 127177 133367 137702 142229 145433 150952 153825 156055 160064 164185 168957
25 25495 46904 54544 69282 72801 84558 87034 95000 101612 110114 116190 121450 127377 129904 136839 139374 141421 147986 151493 156445 160702 163172 166208 171756 175285
26 18013 46800 58601 64530 78690 84809 91997 99889 107201 114163 121729 125664 132472 134799 139434 143543 147262 155044 156950 162869 164521 170810 174103 177715 183185
27 25897 51795 64348 67662 81717 87407 94616 106778 109475 115312 123257 128129 137462 141332 144494 148868 155291 158175 163879 169821 173642 178036 179260 184945 189462
28 31678 51018 61600 69494 84373 90297 99232 109880 116394 123581 129286 136484 141670 147844 150472 157797 159870 167252 171693 172604 178674 183779 189326 192611 193990
29 32293 42225 65363 81200 86418 98770 102284 110657 121523 124396 129692 139079 145232 152022 154981 160105 168200 172544 175636 182031 186143 191312 192364 197285 204568
30 34467 50912 63214 84427 90399 100040 109654 116499 124996 132408 137870 141732 149760 153088 163768 165517 173897 177482 184445 189262 192935 196357 202317 204880 210599
;

param:	cost_bundl	marginal	:=
1 10 40
2 50 60
3 100 112
4 150 182
5 200 242
6 250 268
7 300 307
8 350 375
9 400 449
10 450 485
11 500 505
12 550 599
13 600 635
14 650 666
15 700 749
16 750 795
17 800 832
18 850 865
19 900 909
20 950 989
21 1000 1015
22 1050 1066
23 1100 1143
24 1150 1161
25 1200 1234
;