param num_bundles := 25;

param num_cust := 30;

param price_reserve :
   1 2 3 4 5 6 7 8 9 10 11 12 13 14 15 16 17 18 19 20 21 22 23 24 25  :=
1 663 1587 2341 2653 3020 3175 3470 3970 4167 4294 4508 4720 4923 5126 5374 5600 5703 5963 6040 6210 6425 6579 6675 6861 6931
2 1497 3940 4176 5485 5879 6621 7277 7899 8285 8718 9113 9749 9863 10385 10911 10962 11461 11730 12080 12419 12906 13097 13494 13618 14114
3 3934 4327 6815 7684 9119 9914 11177 11819 12685 12966 13643 14110 14880 15309 16267 16779 17317 17667 18199 18532 19303 19562 20196 20619 21145
4 4382 6093 9191 10822 12238 13482 14664 15094 16238 17083 18400 19133 20380 20984 21362 22571 23006 23987 24593 24710 25886 26497 26928 27411 28171
5 6245 8367 11314 13038 15460 16852 18221 19723 20000 22181 22450 24352 24860 25495 27221 27893 28948 29597 30529 31417 32094 32481 33257 34482 35256
6 7777 10733 13735 16233 18474 19237 21060 22832 24505 25960 28014 29247 29832 31407 31817 33299 34779 35191 36437 37643 38531 39618 40676 41361 41845
7 5772 10844 14549 18835 21689 24168 25586 27363 28726 30254 31616 33746 35307 36265 37566 39175 40236 41389 42832 43174 44625 45859 47082 47908 49418
8 5987 13097 18728 22228 24580 26821 28352 30652 32120 34981 36800 38032 39711 41692 43730 44022 46538 47193 48741 49857 51623 52141 53114 54845 55748
9 7846 15379 18964 22265 28232 30334 33336 35638 37021 39845 40289 42214 45466 47179 47962 50239 51387 53518 54448 56320 57628 59318 60775 61094 62691
10 6633 17889 20881 26230 30659 33347 36661 38523 42095 42895 45607 47582 49518 51962 53254 55209 57550 58652 60067 62161 64498 65115 66693 68848 69685
11 6957 21779 23898 29352 33000 35746 40447 42203 44438 48400 50360 51641 55176 56262 58991 61874 63838 64965 67630 68235 69605 72400 74248 75700 76210
12 8980 18745 27885 32555 37489 39799 43532 47153 49361 52909 54834 57400 60573 61329 63860 67200 69268 70912 73111 74284 77211 78579 79707 82373 83484
13 18200 21282 28835 35933 38389 43584 48153 49057 52774 56546 58486 62724 65827 67450 69668 72241 74453 76557 78303 80893 82874 86115 86467 88972 90366
14 18361 27719 32412 37252 43105 44360 49140 52533 56418 61473 64885 68529 70669 73710 76528 78049 79295 82967 84280 87295 89205 91719 94290 96630 98160
15 16432 24920 31890 41785 43578 47906 55561 59169 60374 66611 69390 72125 76013 76485 81000 82323 86845 88792 90995 92466 95153 98087 101292 103053 105896
16 18659 31190 32790 45142 48636 50596 59437 62707 67731 68333 74499 78318 79034 82582 87519 88565 91634 94927 96744 98683 103593 105065 107474 108612 111404
17 20115 24281 37861 42602 49271 58298 59281 67488 70586 75339 77830 80960 85204 88661 90914 93237 96586 101716 102396 106219 109805 111425 114747 116546 117779
18 16100 32599 38606 50271 56234 60775 64197 69621 73161 77880 83966 85571 91287 92556 95315 100220 103590 107278 109431 113214 114069 117869 120156 123664 124708
19 13701 29921 40573 47003 53874 64376 67764 73193 76662 81146 86986 92692 96732 100035 103650 106806 110134 110918 115447 120106 121243 124881 126603 129200 131746
20 26230 39395 47329 52915 63119 67409 72222 77872 80796 87544 91126 94064 99035 103923 106883 110562 115655 119800 120266 124386 129182 130537 134521 136880 141308
21 14549 32261 44449 52121 63279 72260 76873 83684 84105 92686 97780 100362 106003 107572 114252 118124 120196 123882 128975 129861 134137 137386 139993 143416 145735
22 26400 42432 50743 57537 65853 70262 81132 83252 92714 93649 100142 107147 109116 113124 116496 121220 127676 131412 133893 138862 142440 143524 146527 151912 153181
23 15256 34729 46458 59977 66022 78335 79807 89552 95388 101929 102859 110783 116099 121356 123345 129945 131563 137231 141632 143635 147272 151311 153119 157344 161394
24 23515 34613 52581 62030 74361 79164 86932 94183 96479 106793 109562 117477 117869 123034 127900 132065 137786 142553 145986 150187 154199 156055 160136 163975 167794
25 35000 40620 50498 68557 75664 85147 89861 99624 104881 106888 114455 122372 125599 132004 135554 136931 145000 146031 152807 156125 161864 165680 169485 170734 176564
26 34883 44123 53789 69182 80558 86545 93744 102560 108080 111649 118920 123054 128851 133388 141168 144668 150081 155131 160106 162203 165586 171521 174491 176570 183185
27 35410 48600 64121 68943 77505 88731 94770 105404 108404 117814 123965 132162 132932 138202 143176 151777 154349 161369 164235 168960 174646 175479 180960 183679 188614
28 30157 44094 67896 76168 84743 92865 99705 108154 118132 123327 130733 135562 137628 144844 149846 158194 158392 163842 171510 173148 177530 181806 186489 191795 194635
29 31234 55024 69358 72905 89290 94950 100793 114688 116000 126939 135651 141952 145463 152243 156922 163844 168200 169594 176686 181846 186774 189279 194970 197966 204074
30 41569 51962 64062 76131 87567 98224 106320 116808 127138 131727 136953 144872 149278 156461 161555 165843 170763 177685 183957 186097 191906 198182 198997 203735 209055
;

param:	cost_bundl	marginal	:=
1 10 21
2 50 91
3 100 142
4 150 152
5 200 226
6 250 285
7 300 327
8 350 396
9 400 421
10 450 466
11 500 518
12 550 580
13 600 644
14 650 696
15 700 719
16 750 798
17 800 819
18 850 857
19 900 929
20 950 952
21 1000 1040
22 1050 1095
23 1100 1107
24 1150 1169
25 1200 1205
;