param num_bundles := 25;

param num_cust := 30;

param price_reserve :
   1 2 3 4 5 6 7 8 9 10 11 12 13 14 15 16 17 18 19 20 21 22 23 24 25  :=
1 1183 1497 2135 2538 3059 3412 3677 3980 4074 4317 4552 4833 4984 5208 5459 5625 5769 5970 6027 6177 6334 6603 6776 6861 6971
2 1744 3418 4363 4996 6079 6847 7211 7980 8266 8935 9191 9499 9887 10268 10852 11150 11454 11953 12139 12484 12662 13041 13547 13711 13954
3 4157 4450 7175 8050 9159 10340 11112 11742 12105 13186 13930 14312 14940 15473 16322 16432 17452 17616 18278 18581 19228 19627 19999 20611 21145
4 3200 6974 8504 10733 11947 13145 14489 15116 16040 17121 18313 18796 19710 21014 21196 22585 23048 23813 24384 25057 25487 26376 26869 27388 27770
5 6708 8124 11045 12649 15588 16062 17436 19975 20518 21840 23108 23979 25020 25923 27185 28036 28373 29223 30100 31048 32156 32939 33615 34307 35285
6 6573 11063 14046 15965 17055 19012 21365 22450 24030 26153 27338 28725 30215 31567 31885 33016 34488 35047 36752 37470 38193 39290 39872 41309 42103
7 9073 12443 15464 19700 20623 23882 25316 27255 28035 30704 31647 33100 35000 35885 37409 38366 40090 41789 42186 43715 44822 46348 47062 48214 48780
8 10852 12290 17008 19661 24159 25600 29197 30273 33752 34241 37146 38199 39872 41538 43525 43964 46400 47030 48583 49548 50698 51871 53927 54588 56296
9 9859 14400 19963 25006 27944 29080 32550 34624 36135 40088 40410 44054 44783 46313 47929 50528 51982 53427 54000 55684 57853 59373 60722 61253 62742
10 8718 14283 22978 26458 31432 34176 35384 37842 41376 43863 44900 47371 49679 51575 53814 55245 57131 58822 60498 62450 63498 64807 66993 68235 70569
11 15082 18797 24987 27566 33146 36083 40863 41393 45407 48200 50934 53754 55176 56946 59522 60968 63800 65559 66366 68200 70982 72866 73560 75828 77470
12 16628 22257 25512 32110 34279 39799 41845 46414 50798 51306 54253 58098 60763 62122 64577 67371 69393 71155 72240 74129 77398 79236 80534 82128 84751
13 15160 23687 26387 34493 37498 41110 46872 48642 55032 56546 58543 63527 65156 67550 70536 71251 74134 77913 79204 80726 83847 85484 87516 89804 90702
14 15336 26857 28279 37041 42740 44272 51401 53274 57791 59792 63727 66673 71166 73443 75548 78450 81393 81729 84651 87385 90341 90946 94497 96793 98280
15 13748 24187 31464 39000 46957 48559 52479 59017 62209 63992 68279 70484 73851 77942 80498 84587 86064 88233 91044 93242 97026 98544 100846 103271 105300
16 14311 31190 33255 39452 50088 54682 59695 60884 65267 70327 74499 75658 81144 84240 86578 90056 92579 94332 97744 100074 103098 105260 107760 109924 112911
17 16657 24985 40229 47112 49035 56074 60440 64331 68424 74877 77383 80387 85677 89569 90020 93732 96467 99184 103127 105455 107625 111942 113582 116843 118318
18 23051 32400 38269 48567 56234 58935 66381 67350 72269 79445 80740 87961 88475 93323 97466 98721 103965 106672 108598 113785 115312 116709 119670 123297 124760
19 13701 28437 41800 50698 57504 63359 66146 74658 78523 80968 87483 89361 93313 99673 102318 106332 108948 112854 116320 118289 122192 123134 127059 129032 131800
20 26230 38781 45607 49315 62225 65970 70314 75789 81486 88904 91214 95750 98793 102995 108591 111857 113772 119130 121128 125411 128000 129615 135410 136294 138795
21 24848 40065 47518 53457 61870 72015 77330 81333 87194 89884 95035 102018 103221 109684 111439 117375 119902 123097 126140 132417 135250 138664 142243 142923 146097
22 28174 35746 53165 59846 67880 72700 79078 86670 92190 95896 100817 104587 109471 113721 119693 122728 127676 131633 134686 139071 141759 144666 146527 150503 154877
23 18966 42659 49969 56526 67449 76973 85441 88123 93709 100991 106696 110687 115184 117277 124625 126646 130433 137154 138077 143561 145755 151031 154836 157210 160934
24 26291 47759 56794 59373 71196 81175 88247 91955 99535 104943 111542 117085 120288 122471 131102 131453 136526 143680 147322 151409 153825 156350 161924 162917 169502
25 29155 42720 55678 67454 78899 86313 87321 94604 104523 108972 114673 120623 125599 132098 134257 137113 141510 146116 150499 157003 159138 162404 165907 170660 174428
26 29416 46219 62832 64948 78690 86701 91111 103609 108205 110920 117433 123930 129165 133894 139531 144107 149720 152583 158152 162703 164685 168900 174258 176494 180733
27 31021 45821 61332 68091 80277 90681 98393 102173 111324 116445 122069 128243 136397 138623 143482 149552 156879 160372 164501 167835 172884 176886 180638 183997 187373
28 26857 55437 62359 74292 85846 95035 100332 108444 116931 122562 125220 133933 137969 147844 151096 155696 158491 164606 169302 176378 181374 184460 187746 193504 196878
29 30138 43403 64325 77164 84050 99618 102940 115273 116723 126939 130210 136639 147644 148099 154110 162917 167398 171075 177446 183137 185509 190519 192714 199321 201753
30 29394 52650 70484 82049 91978 98041 105811 118491 126996 132000 137215 142113 152735 155653 162886 166060 172337 175031 183467 188690 191625 198182 203381 203470 211111
;

param:	cost_bundl	marginal	:=
1 10 11
2 50 72
3 100 104
4 150 152
5 200 232
6 250 282
7 300 315
8 350 364
9 400 436
10 450 465
11 500 514
12 550 566
13 600 608
14 650 693
15 700 726
16 750 786
17 800 838
18 850 897
19 900 903
20 950 962
21 1000 1002
22 1050 1052
23 1100 1138
24 1150 1164
25 1200 1220
;