param num_bundles := 25;

param num_cust := 30;

param price_reserve :
   1 2 3 4 5 6 7 8 9 10 11 12 13 14 15 16 17 18 19 20 21 22 23 24 25  :=
1 632 1844 2145 2646 3143 3162 3555 3826 4030 4400 4508 4862 4919 5223 5355 5596 5824 5967 6129 6306 6412 6560 6756 6905 6994
2 1327 3072 4040 5169 5946 6705 7397 7980 8050 8681 9243 9398 9847 10229 10583 11307 11363 11993 12033 12567 12737 12980 13428 13799 13903
3 3341 5940 6378 7566 8859 10022 11161 11955 12179 12756 13576 14071 15274 15588 15931 16821 17108 17708 18120 18926 19331 19873 20080 20418 20888
4 4596 5713 9633 10461 12264 13023 14686 15839 16685 17177 18365 18982 20270 20800 21317 22083 22839 23853 24318 25159 25361 26205 26749 27224 27736
5 6481 9165 11533 14071 14799 16000 17664 19672 20075 21817 22825 23664 24556 26173 27313 28107 28566 29783 30610 31081 31623 33091 33511 34583 35285
6 4327 9822 12924 15646 18629 20680 20957 23546 25428 26400 26886 28750 30120 31613 32644 33557 34174 35960 36080 37890 38773 38977 39962 40712 41638
7 4427 12043 16446 17317 19947 22661 26004 27506 28589 30990 32139 33219 35473 36481 37199 39350 39746 41032 42117 43468 44690 46306 47124 48477 49299
8 10245 11426 16551 22571 23515 25650 28889 30061 32040 35705 36556 38233 40223 41784 42663 44283 46179 47947 48846 50139 51225 51969 53331 54400 56365
9 10022 14843 20444 23607 28001 29741 32250 33962 36845 39926 41944 43387 45323 45997 49130 50045 51920 53275 54567 56435 58271 59373 60642 61121 63205
10 13266 17550 23495 24658 28636 31812 35270 37947 41280 42708 45563 48580 50319 51264 54111 54955 57550 59599 61156 61709 64250 64931 66663 68673 69426
11 12249 16316 22219 29434 31957 36615 39965 42603 44274 48350 51076 53074 54336 56647 58414 61443 62690 65188 67127 68730 71220 71492 74248 76178 77188
12 16100 23020 24000 30829 36000 39069 43862 47940 50855 51250 56029 58739 59856 61797 63995 67114 69724 71679 73661 75705 76987 78469 80391 83034 84513
13 18013 18928 26387 36027 39259 42643 48012 51477 53600 56066 58138 62400 64844 67148 69717 72707 75220 76689 79289 81683 84210 85326 87786 88209 91037
14 17709 24570 33366 34972 44183 46264 49379 53421 56765 59726 65126 66555 70447 72584 75184 77038 79837 82825 85159 87295 90471 91676 94290 95897 98359
15 20785 28460 35114 41785 43267 50912 54332 56763 61992 66880 67350 71435 73851 78518 81000 82323 87207 88640 91192 93483 96840 98818 100757 102308 104312
16 13948 23296 33101 43642 47893 50698 59523 63920 65736 68033 74568 75047 79872 83752 86755 89885 92524 95840 96532 100838 102799 105891 108470 110759 112183
17 23556 25669 34673 42330 51339 55139 61951 65400 69596 72125 78200 80602 83905 87744 92177 93237 97776 101432 104408 107248 107732 110800 114797 115300 119146
18 12471 32599 43796 48567 54120 59808 62665 67638 75342 78872 82014 86250 88328 92905 98063 99571 103277 106307 110374 113443 114466 119290 119832 123244 126359
19 12603 33775 45600 53200 53740 64039 68926 72897 78247 83600 88140 92770 94314 99601 103789 104275 107547 112406 114632 119262 123017 124475 127739 130147 134135
20 26833 29933 42708 53516 59599 64622 70654 77769 81093 86533 93124 95499 101193 103228 106132 110851 114193 119331 122246 125921 127499 131757 133746 137753 140855
21 23759 34378 48254 55242 59397 68113 77672 83895 87194 93066 94477 102707 104326 109764 112227 115786 121292 124804 128701 129929 133081 137000 139362 143355 146820
22 23695 42203 44438 58040 64965 74411 81489 82668 89635 93442 99366 106057 109912 114485 116413 122491 127144 131412 135331 136613 139973 144331 148952 150696 153937
23 16586 44122 53645 61372 66819 75586 83182 86793 93596 100676 105098 110687 115276 120041 123859 126980 133638 136690 141333 144736 148559 149624 153739 158283 162244
24 28397 34279 56183 67200 69227 75895 88897 92703 99419 103172 107973 113487 121051 123873 128350 134999 137786 143519 147478 148800 152168 157159 160639 164396 168274
25 25981 39686 51478 68007 73824 83367 92466 98869 103682 111018 116190 120830 123187 130958 135923 139014 143265 146202 153297 158035 161864 164165 168449 172409 176706
26 35268 43816 56486 70728 78000 84490 92729 100698 108828 116159 118464 122724 132064 136593 141455 143354 149720 153290 156692 162536 167695 171915 173247 179155 182667
27 20914 49492 62974 70820 83831 92591 99131 105127 110535 117194 125717 131499 135646 141846 146000 150620 156879 161459 163701 168095 174730 176391 182565 186045 187917
28 32170 51018 63357 70168 85480 95857 104015 111439 112000 121147 130613 133698 139101 142773 149532 157797 159280 164701 169579 175039 179462 181633 187328 190235 195760
29 35280 54099 62468 71272 90227 94595 102284 113360 118155 129042 134029 140043 143367 153124 154437 159368 166895 173710 175252 180174 183962 188745 193932 196773 201920
30 18974 49112 67617 74458 94106 102879 110635 115100 120748 130353 139814 143374 151195 156576 159424 166709 170446 176465 180798 186580 189926 195069 202938 207759 208451
;

param:	cost_bundl	marginal	:=
1 10 21
2 50 58
3 100 108
4 150 183
5 200 211
6 250 254
7 300 337
8 350 386
9 400 409
10 450 461
11 500 537
12 550 561
13 600 609
14 650 686
15 700 705
16 750 782
17 800 840
18 850 854
19 900 918
20 950 965
21 1000 1018
22 1050 1073
23 1100 1104
24 1150 1160
25 1200 1218
;