param num_bundles := 25;

param num_cust := 30;

param price_reserve :
   1 2 3 4 5 6 7 8 9 10 11 12 13 14 15 16 17 18 19 20 21 22 23 24 25  :=
1 1114 1649 2078 2728 2898 3274 3533 3774 4162 4345 4656 4729 5075 5231 5422 5582 5685 5899 6043 6290 6334 6560 6776 6856 7068
2 2683 3418 4382 4899 6093 6337 7099 7920 8119 8699 9304 9499 9992 10222 10940 11300 11482 11866 12277 12554 12700 13254 13464 13758 14046
3 3286 5660 6867 8421 8859 10200 11193 11879 12629 13104 13483 14586 15012 15297 16200 16907 17024 17789 18464 18513 19368 19488 20205 20733 21094
4 4382 5769 8727 10643 12624 12850 14153 15758 16933 17817 18745 18898 19710 21030 21600 22514 22867 23515 24436 24774 25550 26376 27118 27643 28262
5 3317 9274 10863 13638 15395 16941 18193 18788 20248 21679 23087 23495 25259 25554 27000 27839 28931 29563 30578 30822 31733 32726 33347 34176 35157
6 5367 8736 13200 15461 17223 20365 20923 22832 24446 26043 27730 28750 29614 30805 32266 33212 34613 35880 36752 37006 38606 39509 40605 40959 42205
7 5048 13574 14482 17317 20094 24168 24769 27965 28589 31117 32593 33100 34944 36184 37330 38646 40261 41554 42395 43535 45127 46242 47020 47723 48960
8 9466 12598 19399 22457 24993 25948 29372 31149 32279 35127 36591 38367 39485 41661 42753 44714 45452 47437 48319 49445 51050 52606 53474 55403 56046
9 10800 15692 20285 24350 27417 31125 31997 33962 36977 38522 40249 42937 45714 46418 47861 50464 51920 53940 54893 56578 58243 58769 60240 61411 63051
10 11832 17088 21354 25219 31305 34467 35889 38262 41713 43359 45695 48785 50478 52345 53404 56249 56851 59967 60465 62097 64498 66030 67409 69109 70626
11 14758 18925 26216 29434 31729 35610 39844 43558 46252 47593 50408 53029 55263 58082 58950 61600 62381 64254 67451 68695 70503 71492 73231 74768 77094
12 12238 21733 25399 31749 36713 38023 44578 47153 50798 53126 55304 57700 59178 61376 63679 67371 69060 70259 73111 75362 76349 78762 79852 81671 83519
13 17825 21753 28718 36585 38913 42484 48012 49400 53977 57141 60586 61527 64425 68395 69668 72661 74407 76997 79545 81476 82588 85167 86857 88629 90217
14 15336 20384 29233 38084 44094 44272 50865 54222 58667 59726 65247 68471 70391 71606 74923 78849 79788 81825 85572 87071 89993 91975 94539 96183 97720
15 17234 24739 30150 40361 43886 49568 54663 56763 62137 65590 68213 70930 74940 78918 82104 83193 85012 87516 91389 93000 95671 97257 99589 102044 104010
16 19465 26581 33255 41353 45481 52092 58307 60377 67124 69669 72266 77066 79551 82085 85267 89600 92579 95465 96902 100125 101345 104528 108187 110805 111082
17 16657 30788 35005 46370 51564 54612 59960 66972 69762 73396 76783 83005 83767 88857 90851 95745 97835 99243 102226 106111 110068 111373 114998 115300 120016
18 21298 26454 39106 49492 52786 57712 64800 70361 74911 79852 82878 87147 90144 91923 96732 101505 102205 105081 110608 112640 114975 118418 121550 122453 126154
19 20813 35240 45282 48366 59358 61508 66364 75905 80521 82207 88304 90245 94160 99383 101325 106332 109872 112598 116009 117984 121659 123134 126546 130036 133163
20 24658 34176 44181 55281 56710 65848 69857 77149 83427 86441 91564 94826 99277 104614 106433 109618 114123 119532 120133 123935 126870 130599 133686 136646 140627
21 16800 38033 42209 52960 64110 67593 72867 83895 84523 91537 97960 100186 105335 107982 114098 117750 120196 125228 127392 132150 135381 138854 141871 143601 148374
22 27478 35200 52062 58868 67594 72299 78710 83136 92818 95085 100335 106240 109471 114146 119369 122807 124529 130599 132073 137390 141554 143524 149146 150503 152738
23 27981 42906 47360 59623 67762 73600 79807 89671 93029 102240 104593 109534 113239 120920 125556 127313 131804 135992 139828 144663 147056 151521 154289 158283 162244
24 27574 44513 58395 60526 68726 81459 83553 93815 99997 102949 111645 113791 118648 126724 128798 132675 135934 140190 145354 148024 154348 155834 160208 162917 166968
25 25000 45277 52440 68374 78899 84261 91241 99624 100125 108858 115434 119373 126984 128744 132853 137568 143353 146031 152480 155965 158981 162558 169337 169779 173349
26 34883 45925 56247 64320 80053 83686 93455 101633 108080 112011 116740 126948 129479 132676 141264 142598 147720 152228 158834 163697 164931 171679 175649 179758 181777
27 20205 42861 56378 72449 84351 88402 97947 106641 109475 114806 122902 128923 135861 140088 144998 147885 153971 159002 163701 168009 171530 175147 181122 183997 189616
28 35418 47846 60053 69041 83250 91333 100488 111298 114766 124844 126342 136943 142553 144952 152748 155091 158689 165934 170409 176467 177794 181461 186573 192448 197673
29 33820 51552 62198 81613 86028 96182 102612 114688 120411 124666 130210 140882 142425 148552 155089 160839 168200 170484 177446 183320 184874 191927 195573 197456 202834
30 33941 58788 66000 75419 88386 100040 109818 116808 124129 129661 139169 143248 148674 156691 160885 167678 171394 175852 182877 188499 192000 195438 199900 204353 208969
;

param:	cost_bundl	marginal	:=
1 10 40
2 50 74
3 100 140
4 150 155
5 200 248
6 250 282
7 300 326
8 350 394
9 400 433
10 450 467
11 500 511
12 550 554
13 600 614
14 650 697
15 700 745
16 750 768
17 800 837
18 850 875
19 900 916
20 950 990
21 1000 1017
22 1050 1053
23 1100 1128
24 1150 1165
25 1200 1225
;