param num_bundles := 25;

param num_cust := 30;

param price_reserve :
   1 2 3 4 5 6 7 8 9 10 11 12 13 14 15 16 17 18 19 20 21 22 23 24 25  :=
1 1281 1562 2163 2498 2987 3231 3726 3789 4064 4427 4490 4858 5012 5099 5463 5495 5699 5930 6132 6321 6384 6624 6657 6867 7026
2 1697 3323 4195 5091 6079 6847 7189 7483 8400 8570 9355 9449 10088 10346 10844 11157 11363 11730 12257 12573 12937 13017 13375 13606 14080
3 3000 5817 6000 8314 8736 9804 10581 11463 12485 13132 13735 14524 14928 15704 16211 16541 17379 17697 18268 18571 19181 19681 20107 20750 21188
4 5485 6788 8352 11171 11370 13097 14902 15554 16219 17158 18745 19267 20159 20831 21211 22185 22909 23960 24186 24722 25361 25997 26821 27586 28137
5 4123 9327 10198 13153 15330 16279 18276 18788 20445 21517 23367 23516 25417 26211 27000 27785 28653 29513 30282 31193 32296 32863 33705 34015 34928
6 7299 9372 12296 16928 17880 19900 21399 22863 25114 25541 27206 29369 29952 30899 32798 33920 34446 35395 36000 37890 38494 39088 40517 41169 42341
7 9180 12043 16327 19196 20240 22268 25928 26229 28520 29830 31430 33890 34803 36075 37774 38773 40163 41907 42372 43287 44427 45795 46643 48335 49140
8 11200 15595 17745 20984 23786 26581 28262 30019 33562 34576 35813 38367 39257 41291 42392 44513 45677 47437 48160 50037 51648 52386 54211 54728 56000
9 11803 17636 18619 22626 26454 30066 31177 35729 37757 39804 40888 43648 45714 47248 48932 50432 51701 53427 54329 55713 57233 58659 60105 62328 63563
10 11314 18655 20199 27423 31113 31686 36551 39345 41713 44362 46347 48744 50754 52877 54074 55317 57306 58412 60299 62578 64187 65879 67528 68527 70143
11 15400 18668 23797 27301 32408 36016 39293 42203 44383 46824 50839 52154 55220 56946 58414 60610 63534 64329 66910 68306 70537 71627 73330 75668 76495
12 13145 19791 27364 29686 37643 40088 44707 47880 49594 51864 54040 57550 61000 62584 65199 66641 69102 70218 73856 75781 76122 78175 80784 82930 84308
13 18200 23544 28835 33296 40945 42801 46944 49605 55032 56367 58196 61307 65000 68543 70344 72707 74950 77609 79799 80768 83159 85128 88017 89313 91777
14 19600 21140 31179 38697 43014 46937 49774 54077 57519 61473 62797 66378 68985 71879 75288 78250 81103 83485 84000 87385 89073 91975 93664 96224 98876
15 11225 22249 36125 37590 46476 51875 52735 57862 61041 67015 69260 72746 75000 78804 80331 84534 86533 88436 91635 94345 96747 98453 101602 102308 104183
16 16000 28262 34761 42933 50394 50698 59005 63518 65424 70400 71911 78122 79615 83262 86222 88796 91802 94386 96902 98631 103395 103889 108470 108988 111680
17 23309 30220 35497 42330 52342 58595 62230 64957 71319 75416 76557 82375 86416 87149 91674 95139 98306 101603 103519 104905 107679 110487 114848 115450 118171
18 20991 26208 37928 44820 56234 60024 64399 71185 73338 77127 80900 86923 90144 94906 97798 99571 104462 105450 108180 112352 114296 119236 121603 123349 126206
19 23425 34200 45441 53471 54408 64934 66037 72897 76190 82732 86152 90245 96583 97919 102459 104344 108882 113237 116630 118959 121600 124010 126089 130479 134135
20 27423 34176 40398 51536 63119 66332 73212 77974 84000 85604 93381 96000 99840 102059 107703 109982 115447 118524 121062 126428 128437 132121 133327 136938 139427
21 26893 36855 45817 52290 59545 68113 78350 81115 86890 89687 94383 98767 106336 108063 113166 117450 120490 123168 128427 132150 135901 138218 139298 144336 145674
22 25656 41276 49974 59196 65853 70811 80051 83831 91769 97795 102907 103377 109294 114061 118881 123357 126150 130747 134901 138303 141075 142848 148822 151593 152420
23 21576 40102 46458 57638 70816 78874 85935 87521 95830 97905 106100 110496 116644 117907 125303 126144 130837 134506 139979 141931 147056 152357 154426 159083 160276
24 21466 34945 54728 65463 74516 78579 88116 95398 98136 107009 107546 115898 119519 123221 129066 134913 136863 143037 146459 149187 154646 157232 159776 163764 169570
25 26926 43589 59372 65192 73144 85440 92736 94340 103562 110905 114237 117580 123288 131053 136657 137477 144827 146202 153297 156045 159060 162481 166208 170880 173781
26 32055 51214 57200 72053 81227 88400 95601 102823 108330 112253 119600 123712 131242 136494 141551 146156 147812 152317 157895 164027 167856 171521 175418 179758 181330
27 28059 45821 57909 69992 83132 93218 93842 101313 112107 116320 121470 131166 132822 141228 146000 148279 153307 159277 163612 166614 172716 176886 182724 186045 187061
28 22400 52830 63604 75755 82683 88544 97156 106253 115039 119058 129891 132757 140893 144411 152542 154076 158491 167533 168373 176378 180508 181547 186153 190153 196240
29 20092 50895 61927 73822 82841 95832 102612 111263 121108 123582 132895 138716 146730 148666 157990 159051 165985 170977 174386 182769 187762 190166 193758 196773 201085
30 26153 55964 60299 79145 88994 98041 111929 115568 124852 132951 139943 145245 151552 156346 162333 164864 170974 176873 183270 186097 194237 198182 200888 205232 208969
;

param:	cost_bundl	marginal	:=
1 10 45
2 50 54
3 100 119
4 150 191
5 200 239
6 250 261
7 300 346
8 350 389
9 400 428
10 450 484
11 500 549
12 550 587
13 600 611
14 650 696
15 700 711
16 750 769
17 800 825
18 850 882
19 900 940
20 950 987
21 1000 1027
22 1050 1080
23 1100 1128
24 1150 1199
25 1200 1222
;