param num_bundles := 25;

param num_cust := 30;

param price_reserve :
   1 2 3 4 5 6 7 8 9 10 11 12 13 14 15 16 17 18 19 20 21 22 23 24 25  :=
1 775 1766 2173 2514 2946 3243 3600 3955 4089 4290 4682 4825 4960 5242 5314 5503 5678 5872 6093 6283 6340 6567 6699 6809 6931
2 2530 3464 4833 5426 5919 6669 7430 7746 8400 8653 8944 9525 9920 10400 10591 11271 11440 11879 12100 12394 12955 13248 13327 13781 14017
3 3175 5091 6378 8139 9237 9712 10716 11510 12355 13295 14020 14412 15012 15658 15942 16789 17338 17616 18130 18936 19200 19764 20062 20646 20819
4 2771 7589 8237 10338 11703 12949 14751 15179 16628 17454 18155 19333 19694 20938 21792 22054 22726 23799 24645 25273 25612 26254 26999 27141 28114
5 6083 7550 10770 13229 14283 15811 18682 19672 20469 21863 22650 23854 24819 25923 27129 28249 28425 29189 30708 30984 32202 32496 33705 34044 35000
6 4490 11572 13090 16541 18936 19972 21533 22450 25200 26071 27469 29320 29711 31015 32820 33471 34258 35109 36889 37662 38381 39180 40410 41169 41673
7 9180 12124 16742 17542 21278 22574 24329 26966 28760 31117 31833 34121 34606 36668 37173 38621 40382 41907 42740 43196 45105 46073 47394 47518 49200
8 8616 14040 18313 19920 23461 27527 29762 30358 33371 35164 36765 38199 40761 40824 42483 44427 46096 46867 48080 50088 50924 52018 53451 54752 56183
9 8818 16200 21222 24015 27120 29136 33142 35273 36269 38480 41789 43237 45180 46557 48866 50174 51387 52756 54180 55829 58132 59209 60668 62328 63385
10 11136 15232 20881 25846 30133 33705 35100 39900 40988 43726 45166 46904 50636 51264 54295 55064 58069 58754 61286 62833 64250 65544 66693 68059 69484
11 7932 21667 26124 27828 33000 37850 40146 41973 44329 48099 50696 51688 54514 56262 58414 61166 62303 64254 67594 69326 70193 71288 73330 75700 77657
12 12700 18590 28397 33169 35679 38099 43927 46846 50228 51864 55926 58296 59856 62951 63995 66597 68094 70300 72677 75514 77360 79127 79780 82617 83828
13 12469 24666 29069 35172 39431 41600 47800 50750 52838 57495 58774 61086 65363 67450 71156 72661 74225 76557 79968 81600 82752 85445 87207 89766 91297
14 11545 25509 31179 37357 40576 47846 51401 53421 58062 60119 65247 66849 69041 71879 76476 78099 79344 81921 84093 87026 89205 91505 94705 96793 97076
15 17234 24739 32031 41134 43370 48466 55399 57315 60819 64062 69714 72684 74155 76779 81388 83301 84959 89398 91439 93290 95671 99136 99544 103359 104355
16 12394 29503 34465 43759 48951 54588 58395 61719 67731 69816 73878 76399 80891 82520 87284 89543 92247 94169 97482 99148 102700 104724 107712 108706 112456
17 18310 26772 38915 46618 51451 55243 61951 66278 72045 73159 77606 79737 85204 87414 92490 95866 98483 101773 103127 105674 108534 110539 113379 116695 118416
18 12980 28574 41361 46383 54952 58382 63282 69621 72538 77211 83190 84963 88402 93323 97067 100155 102268 107278 108539 111948 115144 117869 119453 123244 124967
19 18616 30637 39491 53471 55719 63130 66146 71091 77038 80878 87565 90644 93930 97772 101539 105651 109806 112726 115260 117677 121064 123251 126888 131471 131746
20 22627 29394 40398 51691 62225 64000 72883 75260 83714 85323 90686 95079 100558 105376 107778 112641 114682 118592 120599 124964 126554 130169 134343 135882 138852
21 21416 40721 50922 55082 63696 67069 76758 79134 85147 89194 98050 102449 105837 108471 113788 116318 119608 125790 127600 129657 135185 137450 140245 143907 146097
22 21102 37335 47998 55307 67737 75316 78955 85546 90602 93649 98485 107328 108672 113380 117407 122095 125226 131927 134254 138163 139557 143658 146923 150889 154126
23 26425 43396 54233 59623 69306 73887 80467 86671 93709 100991 105700 112112 114354 119246 125640 129046 131483 134820 141408 144076 145610 152079 154289 156805 162374
24 15179 34613 51250 59373 69227 78726 87328 92952 97666 104724 111542 115100 120766 126542 129778 132675 138786 143278 146852 149109 154049 157012 162493 164396 166968
25 32404 47434 55678 61237 71937 86458 89722 94340 103923 107471 111803 121450 123288 130384 133041 137931 143962 146116 152807 155965 158666 164317 166433 171464 173925
26 18749 36770 52000 68986 77826 88705 93455 103348 105035 116043 119147 125771 129792 133793 139143 142976 149901 155392 157724 163779 166237 170176 173169 179230 181554
27 35820 44856 64348 71231 82073 91002 97947 105127 113913 115943 120868 131609 133479 140296 145299 151200 153307 160099 162808 166527 172716 176556 181041 183203 188382
28 27434 49774 60314 69719 86574 88544 100955 111579 114355 123200 127577 132283 139551 146887 151924 156199 162786 166123 172149 176999 181028 183864 188829 193828 193990
29 37588 53787 62468 71272 84449 94239 104882 115127 117584 129302 132133 137498 146270 152684 155089 160000 168200 169495 176591 181383 185509 189190 194018 199827 204650
30 22450 46861 63498 82049 90995 96187 107499 113525 122376 130629 136821 140968 152263 155074 159085 164645 171604 178292 182975 185224 192094 198091 202938 206630 210343
;

param:	cost_bundl	marginal	:=
1 10 48
2 50 53
3 100 122
4 150 165
5 200 241
6 250 275
7 300 312
8 350 395
9 400 406
10 450 495
11 500 527
12 550 581
13 600 602
14 650 654
15 700 742
16 750 752
17 800 839
18 850 881
19 900 927
20 950 985
21 1000 1037
22 1050 1051
23 1100 1132
24 1150 1150
25 1200 1222
;