param num_bundles := 25;

param num_cust := 30;

param price_reserve :
   1 2 3 4 5 6 7 8 9 10 11 12 13 14 15 16 17 18 19 20 21 22 23 24 25  :=
1 1265 1980 2307 2506 3111 3423 3736 3945 4152 4450 4543 4825 4936 5208 5340 5600 5667 5930 6017 6229 6450 6597 6636 6859 6991
2 2800 3666 4648 5246 6079 6400 7178 7684 8256 8551 8971 9765 9806 10484 10866 11271 11391 11717 12073 12426 12731 13097 13416 13682 14029
3 3286 5660 6997 7566 9334 10022 10547 11257 12685 12952 13981 14450 15238 15356 15942 16563 17441 17657 18030 18706 19125 19727 20169 20689 21128
4 4079 7879 9666 10307 11812 12875 14511 15137 16278 16971 18031 19349 19855 20506 21777 21924 23159 23420 24554 24722 25637 26144 26916 27188 28103
5 5477 7483 12083 12728 15460 16643 17833 19105 20100 21954 23065 24310 24617 26038 26851 28249 28914 29155 30116 30903 31937 33000 33823 34307 35270
6 7397 10253 13035 16497 18040 19087 21332 23910 24150 25737 27206 29222 30405 31315 31885 32951 34530 35068 36378 37566 38325 38903 39908 40765 42239
7 4427 11200 14549 18254 20953 22618 24329 27038 28244 29961 31554 34207 34944 36722 37278 39150 39845 41199 42900 43849 44405 46179 46957 48010 49239
8 10733 11758 17380 21347 24787 27153 29719 30901 33409 34204 36730 38566 39646 41384 43081 44943 45537 47437 48133 49445 51425 52945 53546 54985 55977
9 6490 14734 18793 23121 28117 31021 31692 35456 36135 38606 41400 42596 44928 47179 47827 50720 51039 53214 54686 55742 57290 58907 60642 62041 62794
10 7211 14560 24413 26000 28284 31937 36715 39497 41665 42474 46690 47539 50517 52726 54185 55353 57550 59867 61514 61838 64374 64900 67112 69166 69914
11 8232 19800 23695 27212 31957 36083 39844 42432 44492 47796 49193 52846 55088 58082 58662 61874 63458 65522 66439 69186 71254 71424 73462 75796 77000
12 7589 23145 27574 32732 34696 38250 44254 45852 50400 51418 54728 58444 58935 63407 65375 67797 69060 71196 73700 75400 77286 79382 79707 82582 84137
13 17441 22062 26642 33499 38123 41843 48502 49673 53411 56725 59346 61965 65363 68494 70392 72381 75534 76645 79630 81434 82342 84809 87671 89954 91037
14 16327 22400 32170 35084 40382 44360 51095 54797 57383 60444 64704 68529 70835 72151 75236 76885 81152 82778 85892 86529 89249 91505 93245 95282 98717
15 14697 29547 31321 41352 42426 51264 52134 58711 62570 66746 69000 71246 75180 79145 80443 83301 85276 89196 90648 94297 95530 97350 101292 102835 105470
16 16933 30526 36345 41600 47786 53832 55794 62379 64558 67882 71554 76265 78579 84118 86044 87985 91578 95893 98475 100074 101647 106084 107997 110296 113001
17 18623 27830 35170 44591 50430 58099 59767 66452 70175 75262 77830 82656 85339 86950 92864 94469 96167 99417 102565 107464 109647 110748 114848 116447 120160
18 25200 26698 37757 47351 53397 57262 63691 68966 72894 77043 82486 87295 88621 94427 95857 100284 102268 104957 108240 111542 115425 116931 120264 123559 126000
19 23425 28437 43824 51964 58129 60203 67336 71799 77132 84545 86820 90325 95606 97105 102670 104344 109014 112019 116815 118045 120706 123310 127456 131031 132129
20 19183 34641 46303 50596 62738 64250 69857 74833 80100 87086 90067 95079 99840 103615 109325 109909 116207 117167 121128 125411 126491 129677 133387 136118 138622
21 28174 37800 43849 53950 60281 70028 73590 79468 88798 93821 98409 102707 105837 109764 112070 116318 119165 125930 128152 129453 135250 138981 141871 144275 145674
22 19677 38105 46148 56003 64216 75828 77968 83600 88439 97993 98682 104772 112092 115746 118718 123279 127448 131780 133676 137531 140042 144197 148039 149406 152674
23 28356 34729 54038 63739 71707 73456 83436 89552 96271 100781 106398 108466 116554 117368 122571 128471 132285 134584 138306 144516 146912 149199 154220 157479 162179
24 26291 45028 57800 61470 71840 78138 84513 92952 101256 105163 111851 116196 121905 125994 127449 132414 138120 140272 146538 150340 153900 158473 162422 163059 167863
25 26926 40927 59372 63246 77298 80000 90000 97596 100000 110000 112472 120104 122577 129035 134536 140000 142478 148913 152725 154839 159531 164165 169337 172192 175642
26 20800 43816 62400 64110 73539 82874 92437 101500 109076 115459 119939 124475 127903 133286 137874 146526 147812 155044 157552 163779 166725 170889 174955 176570 182593
27 32847 50368 61569 73844 78995 93375 95688 105680 113400 118185 122783 128243 135754 138518 146995 150910 155009 160008 163968 168788 171785 176804 179586 186124 187762
28 37981 54582 64825 78600 88011 90644 99232 106988 116663 119321 127945 136024 142002 145061 153055 154076 161820 166688 171601 172876 177265 183523 186321 193828 194313
29 30691 53787 65620 78675 84449 98941 101955 115127 121523 126408 134530 137008 145348 150577 155522 163123 168799 170780 177541 181291 187044 191312 196345 200415 202170
30 38884 57550 62929 83138 90598 100578 106489 114787 124708 128406 135632 141732 148674 155422 160885 166169 169706 176567 180100 186676 190589 197454 198997 206456 210171
;

param:	cost_bundl	marginal	:=
1 10 18
2 50 73
3 100 104
4 150 168
5 200 231
6 250 297
7 300 329
8 350 358
9 400 445
10 450 498
11 500 524
12 550 574
13 600 612
14 650 676
15 700 727
16 750 789
17 800 815
18 850 866
19 900 923
20 950 958
21 1000 1021
22 1050 1091
23 1100 1109
24 1150 1172
25 1200 1200
;