param num_bundles := 25;

param num_cust := 30;

param price_reserve :
   1 2 3 4 5 6 7 8 9 10 11 12 13 14 15 16 17 18 19 20 21 22 23 24 25  :=
1 800 1811 2135 2458 2960 3262 3493 3852 4055 4331 4669 4796 4932 5273 5363 5564 5692 5957 6056 6299 6372 6609 6687 6850 7034
2 2154 3555 4543 5528 5838 6609 7099 7642 8109 8800 8953 9732 9887 10469 10793 10954 11531 11839 12303 12452 12762 13041 13309 13612 13931
3 2078 4874 7250 7869 9295 9600 10800 11985 12000 12756 13787 14186 15120 15806 16344 16853 17076 17789 18169 18677 19153 19727 20241 20462 20819
4 4308 7288 9533 10793 11370 13833 14642 14967 16666 17270 18745 19100 20016 21030 21865 21953 23089 23569 24265 25018 25512 26083 27118 27176 27943
5 5477 9950 11402 13711 14248 16000 18628 18868 20494 22293 23152 23833 24718 25554 27276 27477 28460 29967 30364 31464 32311 32634 33615 34307 35100
6 5755 10040 12355 16885 18317 20365 21799 23114 24970 26181 27756 28270 29976 30641 32400 32951 34945 35047 36418 37432 38568 39381 40410 41046 42103
7 7275 13355 15527 19749 21462 22356 25161 26710 29367 30351 32139 32982 34832 36802 37566 39524 39598 40865 42855 43827 45192 45538 46957 47476 49160
8 10369 11426 16704 21287 24423 25997 27897 31516 33409 34724 36730 38132 40350 42181 42543 44857 45311 47920 49133 49626 50596 52897 53927 54845 56091
9 9859 17359 19882 22410 26147 30864 33482 35502 37628 39065 41595 43350 44384 47589 48932 49818 51102 52817 54922 55596 58188 58742 60961 61753 62484
10 9381 14967 22978 25377 28355 33705 36932 38523 40890 42568 45431 46947 49960 52839 53852 55317 58172 59933 60399 62738 63340 65146 67231 68264 70086
11 14593 21779 25750 30957 33146 36549 39722 43502 45087 48897 49974 53574 55482 57242 59400 61718 63876 64965 66584 68058 70021 71424 73297 75252 76590
12 15554 20646 25849 33342 36160 39872 43200 45283 49998 53289 54146 56387 60240 61517 63589 66856 69930 71397 73426 75819 77360 78799 80032 82757 84751
13 12737 25073 31200 35554 40945 43970 47800 49605 53348 56247 58370 63314 64110 67600 71109 73493 74905 76557 78043 80851 82219 84330 86232 88476 90740
14 18573 23089 29367 38187 42923 47103 50088 53347 56765 60703 62984 65785 68928 73176 76322 76681 81103 82730 86029 87206 90210 92017 94207 95570 98080
15 16155 26833 35623 40472 42743 49568 54332 58864 60075 65658 67283 70993 76072 77421 80944 84374 86429 89448 90050 92563 96374 98362 99770 103880 103923
16 20490 26964 37181 45142 49780 54588 56251 61052 65032 69448 73251 75183 78840 84422 87519 90283 92855 94819 96532 99303 102749 104919 107331 108941 112865
17 19233 32788 41082 42466 51564 56074 59378 67402 68845 72763 77978 80674 83491 87480 91926 96106 97004 99184 103964 105290 109699 111061 114444 117485 119340
18 15274 34530 37064 44675 55304 61094 63691 69341 72449 79852 82486 86024 89567 93600 96397 101760 102458 106063 110374 111600 114296 116820 120156 124500 125846
19 20813 26870 44962 51124 59236 60681 66581 71193 79981 84031 87730 90803 96133 99890 103441 105309 109279 112982 115009 119564 121541 124185 126603 129312 132511
20 22627 34871 40596 50438 62738 64992 73865 74940 82849 88453 92347 96250 99840 104384 107555 112357 116482 116893 121589 124064 128374 132544 134283 138449 140171
21 26563 31148 49160 58499 63558 69776 74661 82410 85251 90666 95590 102363 103306 108389 113711 116318 119682 123668 129316 131279 135771 138026 140056 144152 146760
22 15242 42886 45514 60008 66293 75058 78832 85546 90922 97993 98485 104587 109647 112265 120097 120900 126380 131043 132950 138023 140042 142915 148887 150953 152420
23 29093 38760 49969 57454 66022 77929 82928 86426 93483 101513 106100 108369 114076 117907 124964 128059 132764 134898 139297 142229 145755 149977 152565 158750 159813
24 29197 39582 58395 67542 68893 79018 83553 90311 96000 103060 109352 117183 121621 123408 127358 134486 139448 140025 147556 151257 154199 156203 160710 164606 168957
25 27839 37749 53619 65955 72284 86168 87034 96825 103320 109087 115000 121140 123693 129518 135000 137204 142653 147986 151987 156045 161710 165454 168967 170953 173853
26 32888 51214 55032 64530 73906 85918 90217 100294 105292 113451 118121 121951 130415 136791 139337 144762 150621 153730 156692 161786 165422 171600 174723 178474 183774
27 34996 43200 60855 69574 77316 88402 98244 104011 108941 116695 126411 131609 135539 140088 146598 149552 154066 159277 163612 169649 174228 177626 182565 183759 189000
28 33600 54294 64582 77999 87654 88544 102497 111860 113391 124466 130373 135793 142333 146993 151614 153362 159674 164224 169672 175844 180595 185054 186657 191386 195840
29 26579 53473 64063 79947 84648 97226 106474 114099 116290 123310 133652 137376 142070 148666 158734 162814 164458 173516 178297 180919 187314 188834 194018 197285 203909
30 22450 44900 73239 80050 94488 101114 104441 114787 123110 127421 138651 146847 149158 153206 160212 169281 170129 176567 183270 186097 193959 197180 199720 205407 210428
;

param:	cost_bundl	marginal	:=
1 10 37
2 50 95
3 100 102
4 150 154
5 200 235
6 250 254
7 300 311
8 350 351
9 400 416
10 450 480
11 500 537
12 550 579
13 600 611
14 650 656
15 700 702
16 750 776
17 800 831
18 850 893
19 900 907
20 950 975
21 1000 1043
22 1050 1066
23 1100 1105
24 1150 1161
25 1200 1235
;