param num_bundles := 25;

param num_cust := 30;

param price_reserve :
   1 2 3 4 5 6 7 8 9 10 11 12 13 14 15 16 17 18 19 20 21 22 23 24 25  :=
1 1265 1497 2425 2482 3130 3359 3611 3873 4205 4341 4648 4854 5048 5273 5352 5568 5828 5903 6079 6200 6478 6508 6747 6917 6977
2 2040 2828 4000 5470 5973 6776 7321 7920 8400 8542 9016 9608 10000 10431 10591 11221 11579 11852 12133 12381 12800 13176 13541 13653 13931
3 3447 4368 6264 8183 9334 10253 10716 11400 12384 13173 13813 14599 15285 15738 15886 16714 17369 17697 18396 18869 19312 19681 20232 20707 21179
4 4525 6145 8542 10852 12394 13266 14859 15778 16297 17233 18031 19100 20286 20583 21733 21938 23241 23866 24645 24761 25774 26303 27106 27411 27840
5 6403 8544 11662 13115 15033 16763 18221 19416 20928 21354 22450 24062 24617 25846 26683 27604 28896 29900 30529 31209 32234 32558 33779 34612 34771
6 5879 10392 12413 15131 17055 19012 22386 23051 24651 26617 27232 28423 29418 31658 31952 33664 34883 35129 36497 37258 38456 39235 39926 40694 41621
7 8400 13133 16506 17819 20906 23510 24329 26192 29500 30319 32352 33248 34492 35994 37383 39325 40793 41008 42000 43242 44449 45516 46832 48092 49140
8 10369 15347 17817 21347 23678 27574 29503 30735 32437 34167 36696 38400 40635 41167 43613 44369 46234 47973 48398 49600 51125 52117 53403 55264 55817
9 8443 15999 20991 22337 27417 29904 32350 33819 38141 38815 40650 43685 44928 46938 48600 50624 51166 53759 54120 56234 57431 59072 60051 61806 63077
10 12329 15620 24413 27276 28636 34351 37041 39749 40249 44362 44989 47624 50557 51264 54406 55100 57061 59262 60564 62450 63561 66242 66573 69138 69397
11 9590 17600 24695 29186 33654 37205 40922 43391 44709 47031 50839 52108 54735 56988 60008 61443 62652 65706 66693 68306 71152 71593 74183 75924 77407
12 8314 19349 24357 33686 37489 41500 42051 46227 48239 51081 55252 57800 59952 61376 63634 67028 68935 70708 72319 75743 77323 77917 79996 83034 84342
13 11333 18385 31630 36027 37407 44200 48082 51674 53663 56486 60419 62237 66134 67850 71014 73447 75176 76158 78690 81848 84089 85839 87709 88705 90067
14 19399 26710 30287 35528 40090 47435 50010 54797 56279 61409 64764 68069 70335 73922 74556 78200 81152 82446 85389 86755 89117 91889 93413 96387 97479
15 16432 26665 35496 41134 44598 49930 53245 56921 62498 64413 69260 71624 73790 77421 81333 83138 86012 88131 90896 93723 96654 97581 100444 101779 105385
16 11973 25197 33714 41229 49159 51994 58307 62297 64399 69079 71840 76800 78384 84604 85865 89828 90848 94981 98371 100176 101496 104919 107284 109176 113092
17 21771 29641 38013 44978 52782 54187 60821 67659 70994 72763 77083 82795 86081 87546 91737 94285 98071 100918 102846 107194 109910 112714 113175 117337 118562
18 21298 35820 36889 45537 51292 62250 65199 70820 75514 76368 82093 86998 88841 93114 97864 98984 102584 107398 110256 112121 116431 118636 120048 122928 125381
19 23731 31336 41800 52928 58253 60083 68611 75905 80251 83600 85648 92380 95832 98946 100897 106196 108948 111826 114379 119262 122958 125630 127965 130921 132511
20 21166 37523 46303 50279 62225 67409 73756 78994 84569 88724 90951 95247 99197 104614 107555 111140 115516 118929 122376 124193 128125 130843 133267 137986 141308
21 15715 31709 50922 58197 62154 72260 76297 83262 87899 89884 97328 102104 106086 110724 113788 116242 119091 122953 128975 132749 134334 138854 139488 144580 146579
22 29516 35474 50360 59359 66584 72966 77595 83600 92085 95085 103095 104956 112006 112952 117242 124217 124917 131117 132877 135974 139834 145732 146461 149341 152801
23 32200 34115 48899 63573 66819 76973 83436 86793 94272 100991 105198 112583 113425 120657 124115 126646 131563 134270 139752 144296 146624 149270 153945 157814 161131
24 28397 46040 53451 59566 69227 79164 89156 93323 98371 103729 110296 117085 118551 125353 126996 133022 136695 143519 144000 148877 154274 158545 159704 164746 169502
25 18028 47958 58949 66895 75000 82765 92195 96177 101858 109772 112694 119269 126590 128938 132853 138654 141598 148577 153216 156045 159687 164848 166883 170587 176423
26 30321 42245 61965 72053 74453 85761 91408 103086 108579 113926 118464 124692 130208 132778 139240 146894 151069 154957 158834 164274 165667 169778 173559 178550 180658
27 37412 45180 55858 72449 79363 92905 96598 107865 113271 115439 123965 128584 137037 138834 147490 150233 157250 158175 162629 167574 174145 178118 180638 185967 188768
28 26266 40382 61345 69494 85846 94373 98598 107427 112837 124592 130613 136369 137969 146137 149741 155293 162593 167720 171144 172785 180855 183095 188413 191304 196479
29 39763 47119 63536 81200 88723 99618 101293 111866 118439 123446 133526 137130 145463 153344 155306 163432 164254 170879 178014 181012 184692 190166 193150 198983 201753
30 38884 53329 66000 73973 87361 95436 111606 116499 120449 129661 138000 143875 152853 155538 162222 167571 173066 179198 184543 187830 191154 195806 199900 204529 210770
;

param:	cost_bundl	marginal	:=
1 10 39
2 50 78
3 100 142
4 150 175
5 200 218
6 250 264
7 300 314
8 350 354
9 400 402
10 450 454
11 500 520
12 550 580
13 600 606
14 650 654
15 700 722
16 750 786
17 800 838
18 850 860
19 900 935
20 950 978
21 1000 1046
22 1050 1085
23 1100 1135
24 1150 1191
25 1200 1235
;