param num_bundles := 25;

param num_cust := 30;

param price_reserve :
   1 2 3 4 5 6 7 8 9 10 11 12 13 14 15 16 17 18 19 20 21 22 23 24 25  :=
1 894 1887 2400 2490 2871 3382 3504 3774 4005 4423 4630 4850 5044 5215 5393 5528 5745 5953 6079 6286 6340 6493 6675 6879 7046
2 1697 3394 4060 5215 6171 6337 7321 7673 8188 8791 9312 9724 9887 10560 10896 11236 11461 11846 12080 12636 12693 12986 13315 13752 13954
3 4200 4648 6893 8314 9391 9877 10564 11400 12714 12980 13774 14648 15203 15309 16421 16779 17171 17534 18229 18668 19387 19535 20338 20672 21017
4 5485 7200 9398 10969 11482 13048 14730 15347 16376 17564 18504 19300 19612 20521 21317 21909 22726 23813 24514 24839 25487 26521 27011 27655 28273
5 6633 8944 12207 12490 15460 17176 18248 19287 20567 22316 22517 23452 25060 26192 26476 27423 29120 29496 30216 31161 31733 32894 33690 34234 35000
6 5499 10461 12060 16757 17758 20329 22159 23970 25257 26071 27469 28750 29976 30665 32577 32863 34279 35068 36000 37432 38061 39088 40570 40765 41587
7 8630 12205 16024 17203 21093 23841 26154 27111 29065 30608 32109 33307 34888 36075 37618 38468 39943 41365 42279 43377 45344 45516 46832 48295 48860
8 5060 11866 19333 22400 25248 26144 27713 31516 32160 35705 36835 37626 39322 42211 43259 44196 45649 47866 48266 50317 51375 52362 54046 54447 56296
9 8632 15484 18268 22910 27535 31125 33044 35820 36801 38522 40410 43350 45180 46869 49097 50624 51951 52940 54060 56893 58160 59645 60855 61858 62768
10 10770 17550 23749 24819 28844 33106 36497 37895 42095 43220 46733 47159 49679 51614 54037 56178 58207 58344 61579 63119 63498 65483 67617 68731 70541
11 14087 20520 26674 26944 32408 37658 38421 42203 44925 47338 50119 53029 53934 57705 58868 60769 63114 65669 67271 69221 69986 71897 73823 75187 76843
12 13994 18590 26400 32378 35679 38550 41845 46785 49361 52362 56080 57700 60478 61657 63815 67755 68221 70993 72359 75055 75933 78396 80855 81565 84274
13 15160 25739 31091 33398 39942 41356 47446 51214 54290 57729 60307 62454 65673 68691 69425 71441 74725 75847 78690 80684 83281 86036 86779 89841 91777
14 10477 20384 28140 38084 41151 47518 48820 55860 56765 60960 64095 68184 69551 71441 76425 77191 80570 82112 84836 88367 89029 92823 94456 95611 98598
15 16971 28931 35369 38184 44900 51439 54991 59775 60150 66204 67882 70866 74940 76896 80331 84321 85223 87516 90598 93290 95105 98772 101292 102703 104571
16 10119 24580 37863 42332 48951 53927 57600 63195 67504 68333 72408 75183 81207 83935 85026 89657 90566 93842 96744 99766 103593 105503 106613 110063 112593
17 23309 27412 41082 46618 52673 55243 62877 64421 70831 73080 77308 80674 84454 89051 91421 96046 96766 101830 104297 106328 108000 111942 113989 115600 118318
18 24942 32400 41361 44820 52293 58824 63282 71276 75514 79933 83346 87813 90000 94358 97666 98984 103151 105265 110080 113329 115031 118855 121710 123769 124812
19 14717 37038 38000 52103 57880 62325 69551 74173 78615 81235 86986 89199 96583 98434 101183 104414 110331 112406 115884 119685 121837 124707 127965 131141 131910
20 24980 32496 46476 54111 58241 65115 73212 79095 80000 87909 89443 97077 99840 102059 108812 113066 116413 119867 121260 123353 128623 131393 132786 137055 140456
21 26563 32533 50225 57280 65472 70780 77102 83050 88400 91825 95683 100712 106253 107654 111676 116318 122162 125860 128564 132083 132816 138281 139362 144946 146097
22 17600 43111 52247 60650 69431 72299 80653 87116 90173 97894 98682 105966 111225 114400 118146 123983 126227 131265 132585 137531 139488 145200 146197 149794 153433
23 28727 42410 46685 62904 70816 76421 83182 88123 95830 99938 107191 109631 114169 120394 121878 126144 130433 136458 139449 143709 148346 151870 155926 157680 161721
24 17960 44513 56183 60335 73111 77546 84785 90820 100112 103840 108612 115000 121147 123034 129778 131891 136610 143760 145036 150110 153975 157817 160782 165652 169638
25 30000 35355 57446 61847 78422 84705 93274 95786 103562 106654 112027 120934 124097 132193 133417 138203 143353 146629 152315 155403 159687 164165 168375 172409 176139
26 18013 42880 56247 68986 75355 88247 94891 102428 107578 112011 116624 123164 127586 132982 138265 145228 151426 153378 156519 162370 166481 171600 176110 177791 182371
27 20205 43870 61094 75019 77505 88895 98984 101887 113014 120506 121109 130049 133479 142052 146299 151585 154538 158543 163166 169821 172884 175230 179342 186359 188614
28 24410 47846 61854 74923 87475 93873 97960 105661 112419 122818 128312 135098 141116 144628 152439 156600 159870 164129 171419 176910 177971 185224 187746 190400 195920
29 33820 42225 62737 74502 90227 92981 104882 110809 122900 128781 131367 138352 143249 151690 158203 161569 164049 173128 178297 182031 185600 190254 194192 198306 204979
30 36986 46087 64343 74216 92563 98772 111445 112889 122523 127703 137084 146479 151314 156806 159424 168107 173066 177786 181692 188786 190021 195254 202850 205407 209657
;

param:	cost_bundl	marginal	:=
1 10 11
2 50 52
3 100 125
4 150 174
5 200 201
6 250 267
7 300 312
8 350 385
9 400 415
10 450 492
11 500 523
12 550 587
13 600 632
14 650 670
15 700 737
16 750 796
17 800 803
18 850 863
19 900 906
20 950 990
21 1000 1000
22 1050 1061
23 1100 1136
24 1150 1178
25 1200 1224
;