param num_bundles := 25;

param num_cust := 30;

param price_reserve :
   1 2 3 4 5 6 7 8 9 10 11 12 13 14 15 16 17 18 19 20 21 22 23 24 25  :=
1 800 1587 2433 2569 2905 3365 3487 3960 4079 4450 4494 4841 5083 5181 5374 5477 5790 5858 6158 6187 6366 6515 6672 6893 6931
2 1549 3394 4040 5381 5824 6870 7167 7787 8400 8809 9077 9432 9831 10261 10933 11128 11426 11717 12179 12611 12718 13035 13506 13775 13908
3 3175 5817 7324 7518 9000 10270 10800 11463 12600 12728 13643 14524 15155 15863 16032 16736 17034 17870 18130 18735 19396 19800 20160 20680 20828
4 2530 6400 8653 10307 12027 12900 14599 15409 16952 17139 18452 18881 20302 20785 21211 21909 23214 23718 24632 24980 25336 26083 26987 27643 28057
5 3464 7280 10630 12961 14142 16492 18439 19900 20616 21401 22891 23875 24980 26268 26870 27821 29086 29530 30397 31016 32156 32894 33897 34598 35185
6 6997 11321 12000 15131 17139 20680 21230 22926 25229 25765 27860 29173 30405 31177 32666 32995 34300 35517 36928 37547 38250 39253 40124 41343 42358
7 7408 12831 14750 19600 21278 23718 25432 26930 28105 30287 31616 33890 35195 36157 38238 39300 40016 41413 43037 43196 45149 46412 46874 47887 49379
8 5060 13482 19530 20048 24265 26916 28307 30273 33409 34945 35849 38798 40350 42241 42813 43934 45705 47947 48793 49729 50698 52969 53379 54424 56410
9 12208 16100 21222 23400 26577 29302 31692 35181 36889 38480 40967 42974 45036 46102 48366 49851 52107 53790 55363 55742 58160 58521 60988 61200 63333
10 14000 16733 21541 24495 31113 34525 37202 38987 42095 44181 45343 48208 50239 52839 54037 54845 57793 59666 61547 61774 63277 65054 67201 67823 70285
11 12445 16610 23074 28769 31422 38042 40981 43167 44492 47847 50216 52937 55395 57580 60048 60968 63648 65522 66657 68342 71220 71930 72966 75988 77719
12 15367 21466 27678 31930 36634 41151 42731 47578 48120 53072 55668 57299 61047 61517 65551 66511 69600 70382 73583 74167 76912 78433 79599 82408 83242
13 14241 21908 29530 33700 39087 41519 45704 48988 53474 57377 60586 61747 64530 68098 70344 72053 73677 75802 79757 81972 84210 86075 86974 89879 90142
14 9699 21507 33833 38697 40672 47928 52158 54582 58600 59660 62860 67839 69212 72151 74503 78450 80424 82112 85618 86664 89161 91290 93329 96590 98598
15 18000 26153 32863 39000 43162 49204 54415 56365 60299 64761 68804 73362 74277 78518 82049 82323 86845 89297 90896 93627 95483 97442 100130 102352 104528
16 20490 24370 32318 43525 49883 50798 57243 62379 64478 68333 74705 75861 80701 81835 86755 89771 92745 95035 97429 99766 102200 105065 107570 109223 112091
17 12722 28649 36777 47721 53543 54080 61200 67317 69096 73238 78274 80459 84317 87941 92677 93916 98248 101546 104131 106274 110068 110905 113531 117337 118220
18 20365 31177 43050 47759 56578 58824 63487 68589 75686 77963 83656 85798 89856 91994 95383 98787 102205 105511 110726 111658 115873 117484 121230 122717 125691
19 20464 36448 42485 46695 54408 60562 67121 74948 79073 81235 87812 89280 96133 99456 100539 106874 110134 112790 115884 119806 120347 123193 127399 130147 131746
20 24331 31241 40200 52000 57689 63875 72111 75789 81976 85977 93209 96664 99679 103846 107331 112357 116138 119933 123158 125220 128499 130599 134224 136235 140968
21 16800 31986 48254 59099 65472 68629 74424 78687 87699 91921 94756 99301 106003 107654 113633 118049 121365 125790 127669 131749 135055 138791 141122 144091 146158
22 28853 37335 45937 56690 68589 74019 80773 84636 89310 97497 99366 104494 108494 115495 117242 122095 125303 130673 133095 137671 140042 145200 146923 149665 155065
23 28727 33489 53447 56338 69611 75586 83310 87883 97037 98337 102859 108466 113612 121007 125640 127230 132844 136922 141408 141782 148488 150329 152773 156535 159680
24 24942 37181 51250 66684 74978 81175 88897 90566 98955 102049 111024 116690 118939 123594 130044 132327 136188 140272 144798 148877 153225 157817 161711 165095 167451
25 27386 49749 57446 69462 74833 86313 92736 97980 101980 107355 115326 120312 124399 131909 133604 140712 145516 148913 153542 157877 159452 164469 169115 169558 174356
26 23829 37135 57436 69182 75892 88400 94606 103870 106568 113570 117777 126093 127797 136988 140014 146064 148542 154957 156950 160359 164438 170969 175187 179908 180433
27 31947 38564 57403 69783 83656 88402 97050 106231 113657 115817 120989 131054 136290 141949 146498 150038 152830 160735 164678 166964 173390 177626 182804 184313 187684
28 31678 51932 56000 69494 79196 88721 102344 111157 118662 121147 129891 134633 142553 145600 152748 153771 162689 164224 168373 175397 178937 184970 186068 191058 194877
29 31768 57417 62737 79737 85832 92981 104882 115419 116867 123037 135029 136639 147187 150688 156707 158840 164765 169891 176781 183229 187852 188299 192975 197200 202834
30 32863 57236 62064 75895 93531 97118 106827 113684 125284 129383 139556 144000 150718 153441 163878 166925 172546 179800 184054 188404 189737 195346 201782 203647 207933
;

param:	cost_bundl	marginal	:=
1 10 42
2 50 64
3 100 120
4 150 157
5 200 220
6 250 272
7 300 338
8 350 387
9 400 419
10 450 454
11 500 501
12 550 581
13 600 624
14 650 695
15 700 723
16 750 790
17 800 813
18 850 889
19 900 916
20 950 955
21 1000 1018
22 1050 1070
23 1100 1124
24 1150 1173
25 1200 1213
;