param num_bundles := 25;

param num_cust := 30;

param price_reserve :
   1 2 3 4 5 6 7 8 9 10 11 12 13 14 15 16 17 18 19 20 21 22 23 24 25  :=
1 775 1428 2236 2561 3085 3311 3510 3929 4233 4405 4583 4746 4911 5099 5322 5528 5776 5831 6017 6181 6378 6554 6660 6873 6971
2 2742 3666 4157 5485 5699 6705 7299 7547 8139 8598 9347 9625 10080 10268 10807 11300 11607 11744 12080 12548 12725 12980 13285 13845 14074
3 3699 5596 6119 8050 8506 9968 10716 11895 12119 13186 13643 14437 15285 15840 16289 16736 17087 17748 18120 18840 19284 19608 19945 20689 21145
4 3394 7332 8158 9928 12106 13458 14751 15758 16551 17362 18120 18999 20286 20615 21407 22054 23006 23718 24357 25070 25399 26107 26581 27632 27920
5 5000 7937 11489 13153 15232 17059 18358 19157 20543 21284 22539 23979 25000 25788 27055 27604 28302 29292 30692 31129 31922 32465 33392 34088 34871
6 7397 11321 12413 15084 17055 20715 21633 23728 24120 26482 27782 28473 29807 30968 32820 33471 34759 35618 36418 36986 38643 39271 40285 41169 42273
7 8743 12043 15013 18307 20480 24087 25122 27541 28794 30672 32773 32893 35528 36935 37409 39350 39672 41860 42579 43580 44931 46051 46916 47990 48719
8 10245 12080 17158 19984 23732 26821 29459 30358 32946 34650 36098 38963 39387 42181 43289 44427 45593 47706 48027 50419 51673 52068 53832 54494 55863
9 7200 12855 21675 23261 27417 30916 31332 33723 36625 38480 42175 43648 44091 46138 48800 49916 51889 52970 54060 56893 57431 59373 60240 62276 63333
10 12649 14422 22091 24739 28705 32062 36715 38367 41521 43589 45033 47666 49315 51769 54332 54918 57827 59397 60828 62193 63246 64900 66423 68935 70000
11 9839 15556 22436 30484 32483 36747 39046 41916 44000 48848 51360 52892 55307 56775 59563 62070 62922 65522 66766 67880 70090 72031 74215 76115 77282
12 12471 20506 26400 30453 35191 41361 44384 46661 50343 51362 54939 57400 59373 61423 63860 65814 69600 70177 72558 75094 77286 79236 81140 82163 83691
13 13000 20472 30543 32578 37678 44581 45925 48711 53094 55885 60082 61747 64215 67800 70584 73493 74271 76025 78043 80809 83605 84250 87245 88285 91555
14 14000 20191 30672 36828 40769 46094 52158 53567 56765 60703 64156 66614 68814 72042 76322 76732 80570 82398 84326 86529 89205 92739 93748 95693 98080
15 15875 27495 34467 40137 45695 48187 54827 58249 60448 63710 70036 72000 74639 78288 80218 83678 85959 89045 91488 94154 95341 99000 99499 103402 104785
16 15009 28977 34908 41600 47247 54022 58657 61470 66741 70181 72478 77398 81459 81897 85447 87811 91017 93788 96585 100686 102849 105939 107712 109644 112820
17 19233 24518 34338 41918 51564 54400 61011 65753 70422 73789 78421 79954 85879 87612 92177 94774 97123 99997 104353 106437 108321 111942 114948 116397 119388
18 21600 32995 43200 50784 51039 59591 65397 70912 75256 79363 83268 87221 88695 93877 96262 98656 103902 106550 110784 113386 116431 117704 119724 123086 126973
19 19000 32467 43824 51546 55719 64376 66581 71899 78247 84630 87565 90883 95606 99673 102035 104897 110265 112084 115134 119564 122664 123894 128752 128976 134081
20 27713 35327 47159 56285 56569 67882 72222 77974 82268 88544 90686 97816 98306 103692 105906 111857 116000 116893 121852 125156 128686 129985 133026 137113 138910
21 27541 29994 46009 52960 63696 67983 73829 78575 86279 93350 94570 99833 104072 108714 111597 115405 122306 125790 127184 132616 133015 136290 141060 143293 147897
22 25656 38610 46357 57873 68730 72567 77094 87338 91769 94472 100239 103189 110614 112437 118881 123279 127903 130228 134830 137742 139140 145799 147843 149471 154000
23 23455 40102 55391 62736 68074 79275 83055 90376 96051 98980 103270 112206 113051 118355 123259 126813 133479 134742 140733 145174 148915 151311 155790 159282 159614
24 23515 43730 50113 61282 72478 82722 85327 91074 101256 103507 112057 115699 117869 124984 129066 131891 138536 141254 146930 151333 152773 158473 161924 162776 168069
25 18708 47697 51478 62249 72973 83964 90554 97211 105830 108858 112805 117367 125399 130192 134071 139284 145602 149499 150914 157242 160702 162096 166433 172119 174356
26 33296 50416 62832 72053 75355 87478 92583 101899 104519 110309 121395 122283 129165 132778 140881 145786 149449 153906 156346 164109 164849 171442 173169 178853 182223
27 32847 43870 63894 74629 82073 92275 99131 107730 109475 119534 124083 130049 133807 140088 143176 150233 156320 159094 162180 168269 172969 175977 181845 183362 189923
28 30672 40382 64095 72368 86393 88544 103107 110023 118265 122178 128800 134750 137628 147526 150889 156600 161043 163555 169579 173419 178674 184290 189161 192936 195920
29 40600 53158 64586 80576 91154 98087 101790 110353 121938 126008 130725 138473 142307 151911 158203 161048 168100 169792 174675 180267 185962 187941 195142 197200 202336
30 26153 45299 69714 75419 92758 102879 109818 119097 120897 132272 139040 141096 149278 156231 160437 168321 172023 178997 183467 189642 193215 198816 202938 205932 209743
;

param:	cost_bundl	marginal	:=
1 10 30
2 50 98
3 100 139
4 150 194
5 200 222
6 250 257
7 300 305
8 350 382
9 400 416
10 450 493
11 500 526
12 550 562
13 600 603
14 650 684
15 700 745
16 750 779
17 800 828
18 850 895
19 900 901
20 950 950
21 1000 1018
22 1050 1077
23 1100 1123
24 1150 1171
25 1200 1230
;