param num_bundles := 35;

param num_cust := 30;

param price_reserve :
   1 2 3 4 5 6 7 8 9 10 11 12 13 14 15 16 17 18 19 20 21 22 23 24 25 26 27 28 29 30 31 32 33 34 35  :=
1 1342 1709 2163 2538 3137 3298 3567 3955 4030 4377 4512 4874 4903 5115 5433 5561 5713 5872 6093 6190 6471 6536 6747 6791 6980 7091 7275 7454 7521 7710 7813 7970 8015 8207 8297
2 2227 3774 4290 4915 5933 6536 7408 7746 8198 8495 9364 9642 10008 10198 10606 10998 11628 11682 12198 12484 12900 13048 13404 13606 13885 14389 14604 14913 14999 15357 15595 15849 16035 16385 16565
3 4200 5265 6920 8117 9295 9562 11080 11400 12685 13035 13878 14462 14976 15738 16032 16519 17307 17554 18040 18754 19134 19836 20187 20409 21111 21247 21849 22062 22626 23121 23246 23751 24357 24431 24782
4 4308 7332 8237 10733 11730 12900 14621 15940 16317 17399 18278 19349 20112 20785 21762 22443 22881 23461 24159 25273 25424 26364 26916 27341 28160 28744 29164 29740 29944 30932 31221 31860 32338 32663 33226
5 6782 7211 10954 13856 14283 17088 17436 19824 20248 21331 22361 24000 25000 25612 27203 27893 29052 29799 30692 31448 31796 33091 33571 34278 34886 35917 36235 37175 37947 38613 39077 39875 40262 40951 41785
6 8139 11572 13416 16454 17799 19827 21733 22863 25257 26427 26913 28800 29759 31223 32065 32951 33941 35940 36967 37795 38250 39381 40231 41483 41811 43066 43681 44513 44948 46460 46646 47895 48611 49171 49681
7 6102 11200 14616 18783 20480 23882 25355 27965 29031 30254 32443 32922 35000 36265 37618 38671 40309 40937 42070 44117 45127 45430 46643 48295 49379 49695 50594 52177 52495 53877 54958 55207 56436 56868 58264
8 8466 13482 18931 20552 23678 26095 28666 29933 32907 33941 37112 38798 40382 41042 43259 44513 46345 47464 48133 50165 51150 52679 53761 55101 56478 56727 58131 58983 60080 61031 62297 63820 64200 65209 66703
9 11241 16200 21749 22981 28346 29577 32896 35955 37671 39313 40690 42672 44420 46243 47725 50592 50943 52848 54299 56378 57544 58576 60240 61279 63000 64600 65224 67085 68139 69597 70591 71367 72314 73514 74716
10 13856 14283 20785 25690 30659 32062 36878 39038 40694 42849 46690 48497 49518 51691 53254 55209 56991 59766 61514 62992 63246 65848 67380 68790 70314 72083 72277 73702 75419 77227 78511 79624 80349 81780 83355
11 12445 19922 25844 30165 33509 37594 38984 43167 44000 47491 49193 53302 54735 56519 58621 61364 63610 64891 66000 69116 70845 72232 74411 75123 76559 79139 79809 81192 82756 84177 86586 87972 88739 90254 91054
12 12000 18590 29098 29492 37643 40231 43066 45347 49419 51306 55148 57800 60240 62492 63543 65858 67967 71920 73347 75743 76122 79018 80927 82408 83828 85293 86567 89768 89896 91515 94427 95096 96359 98809 99361
13 14241 20140 31737 33900 37226 44123 45778 51346 53221 56785 59517 61472 65673 66997 71156 71488 74407 77172 80053 81724 83565 85484 88132 89275 90889 92254 95069 96165 98560 99618 101965 102889 104680 106060 108361
14 19600 23759 32653 37146 41719 45923 49379 55790 58264 61153 63665 68299 71056 71879 74240 78500 81537 82636 84512 86438 90427 92017 94580 96671 97760 99627 101343 103449 105401 107755 109951 110485 112733 114971 116965
15 15588 28142 31321 39573 43681 49930 54909 57550 61262 63710 68804 73239 74820 78632 80554 83570 86012 89196 90449 93627 95718 98727 100578 103663 104743 106363 108374 111848 113723 115451 116344 118756 121491 123548 123984
16 12800 29848 38266 43525 48107 53355 57600 62379 64953 68183 72549 75387 79936 83384 85207 89428 92855 95840 98319 100736 101496 104626 107760 110759 113001 113499 115909 119133 120797 123522 125943 126025 128280 130063 132366
17 19233 30788 39063 42056 49505 55556 60248 66539 69845 72763 77532 81174 86081 88007 92926 95200 96766 100573 102565 106870 109383 112663 113072 116843 119000 120879 123200 125386 128617 129736 133469 135190 136678 139068 141744
18 15692 28574 37239 49753 50912 61727 62458 67925 73426 77379 82878 84887 88255 94496 95383 101760 102395 106002 108658 112870 113956 119181 120048 124187 125071 129750 131091 132566 135324 137320 140215 143549 145299 146763 150513
19 24033 35849 38566 52654 54408 65488 70786 71899 80251 83427 86403 90165 95152 99528 103091 105034 110658 111048 116258 118594 122782 125573 128134 129312 133163 134619 139466 141061 143094 147124 147320 151762 152711 155522 157276
20 21909 29394 45255 55714 58788 67646 71777 77974 82656 88634 89711 93894 97980 105451 106583 112854 114403 117303 120067 124451 127248 131757 133985 136411 141365 143944 145822 148432 151684 152420 155435 159599 161443 162481 165892
21 27541 36855 48254 57126 63834 68885 76181 81873 88300 92304 96965 101931 104495 110005 114175 118422 121437 123168 126559 132150 134137 136355 140371 142491 147419 151375 153573 156587 158880 161632 163153 167527 170553 172149 173983
22 25656 36813 48798 54425 65114 70124 77345 87116 91452 95491 102436 106694 109205 114738 120419 122491 126457 131486 134686 138722 139696 143726 147515 150374 154000 156185 160223 161786 165921 168411 172163 174952 178620 180989 183380
23 23000 33171 49330 56899 67762 74883 83182 88602 96161 100991 104391 111069 115092 118444 124370 126312 131161 137539 141108 144076 148702 152287 153464 157479 160011 163089 167695 170511 172239 175645 180165 182035 185945 188038 190498
24 19200 44254 54728 64220 68052 77099 87196 93938 96717 102837 108293 113182 118648 123314 127990 133799 137283 142553 145036 151637 155018 157012 162280 165234 166761 172199 173399 177859 179600 184285 186954 189524 192420 195272 199417
25 25981 43875 56569 65765 70711 84261 90692 93941 104403 109772 116082 120208 126095 131244 132476 138834 143265 149416 153216 156365 160312 164165 168523 172844 176706 178396 182825 184120 190132 192808 193907 197737 200811 203286 208267
26 25475 42564 59517 63899 76424 82547 96726 101633 109571 111285 117777 124039 129479 133590 137579 146802 148905 154432 156605 163532 165504 170414 174336 176953 181554 185604 187921 191696 196709 200116 202466 204922 209941 212756 216535
27 18706 52355 59154 71842 80458 92748 98096 101887 112755 119045 122546 127445 132822 138729 147094 148770 153876 158635 163076 170592 173390 176639 182565 186593 189000 191605 194999 201688 203631 208093 211222 215865 216135 221795 225769
28 34972 44449 57109 78400 85846 90123 101420 108444 117866 119714 128678 135214 141891 144193 148268 157000 162978 163746 169394 174591 181115 185308 187077 191958 194877 198465 202066 205757 212136 214853 218256 221749 224140 228299 233460
29 30691 57709 66889 78461 85045 92072 103591 110047 116434 129562 131495 140043 146844 152795 158628 160839 165681 170089 175060 181383 184509 189812 196431 198560 201670 208074 211362 215850 217790 223582 226349 231201 235383 238295 240473
30 27495 54000 62064 73973 84853 96561 109160 113049 120748 127421 140584 140712 149880 157493 163878 167463 174103 176975 180000 188213 190305 198635 203381 205932 211452 216250 219472 223132 224980 228709 232766 236449 241495 246073 250639
;

param:	cost_bundl	marginal	:=
1 10 16
2 50 91
3 100 110
4 150 183
5 200 245
6 250 293
7 300 349
8 350 378
9 400 446
10 450 457
11 500 520
12 550 577
13 600 619
14 650 681
15 700 742
16 750 766
17 800 836
18 850 895
19 900 908
20 950 964
21 1000 1008
22 1050 1092
23 1100 1144
24 1150 1177
25 1200 1212
26 1250 1286
27 1300 1320
28 1350 1396
29 1400 1449
30 1450 1451
31 1500 1543
32 1550 1568
33 1600 1631
34 1650 1682
35 1700 1711
;