param num_bundles := 35;

param num_cust := 30;

param price_reserve :
   1 2 3 4 5 6 7 8 9 10 11 12 13 14 15 16 17 18 19 20 21 22 23 24 25 26 27 28 29 30 31 32 33 34 35  :=
1 1200 1887 2236 2608 2898 3280 3572 3752 4089 4450 4565 4758 5075 5235 5415 5611 5776 5933 6020 6280 6347 6487 6648 6853 6980 7147 7335 7357 7513 7697 7854 7907 8042 8129 8338
2 1697 3298 4682 5600 6299 6812 7111 7568 8266 8782 9355 9592 9944 10307 10889 11257 11461 11839 12309 12439 12819 13066 13399 13665 14057 14411 14494 14751 15226 15367 15564 15778 16030 16283 16608
3 3499 4368 6235 7869 9430 9749 10900 11588 12543 13132 13576 14437 15274 15507 16421 16693 17400 17647 18386 18706 18993 19525 20080 20646 20802 21298 22037 22362 22626 22863 23446 23850 24067 24607 25006
4 3200 6788 8800 10703 11565 12800 13971 15697 16434 17509 17889 19399 19726 21014 21526 22343 22712 23893 24027 24722 25387 26071 26545 27562 27770 28397 29153 29686 30029 30735 31046 31789 32417 32516 33275
5 5292 8426 10296 12961 14353 16340 18193 19235 20567 21564 22694 24145 24759 25671 26889 27404 29052 29292 30249 31353 32218 32741 33867 34205 35086 35637 36414 37283 37470 38626 38820 39459 40534 41146 41485
6 7200 11321 13523 14940 16971 20680 21026 22578 25200 26263 26886 28650 29662 31154 32311 33320 34530 35211 36437 37776 38773 39216 40481 41256 42154 42882 43333 44254 45172 46118 46969 47457 48611 49273 49941
7 7795 10383 15715 17929 20906 23089 25005 27255 29065 30736 31461 33160 34293 36988 37722 39075 40114 40937 43060 43468 44405 46051 46664 47990 49080 49794 50749 52121 52886 53695 54276 55136 56817 57332 58247
8 10852 13482 16551 22112 25095 26725 27759 30943 33409 34016 35991 38400 40414 40980 43318 44829 46040 47193 48186 50317 50975 52288 53162 55333 55495 56862 58701 58962 60716 61616 62502 63579 64716 65736 66028
9 10800 12728 18268 22768 27358 29850 31332 34857 36889 39395 40410 42634 45072 46383 48998 49525 52045 52940 54686 55480 57375 59236 60642 61517 62871 64020 65644 66673 67972 69013 70775 71413 72605 73646 75084
10 6928 18974 21166 25219 30133 33106 34871 39648 40299 44452 45738 47074 50160 51264 53628 55749 57026 59025 60133 61968 63937 65085 67469 68381 70512 70880 73348 74054 75339 76525 78102 79272 80846 81902 83403
11 8521 18925 22000 29352 32705 35881 40685 42660 45301 49144 49683 52386 54691 56132 60008 60650 63152 64517 66183 68695 71084 72600 73494 75058 76906 79292 79990 81786 82786 84033 85885 87143 88000 89446 91373
12 15554 22386 27885 33686 34110 38023 42798 45852 50171 52636 54781 58048 59032 61937 63498 66684 68221 70259 73308 75132 76235 79273 79599 82443 84137 85124 86733 89446 91295 91892 93137 95579 97252 98809 100313
13 16850 22815 27269 33296 41027 44808 47942 51148 52195 56186 58486 62400 65878 67350 69814 71771 75624 75847 79630 80684 83484 85286 86271 88438 90142 93419 93888 97074 97561 99414 101899 102494 104227 106663 108610
14 16800 25044 28279 36828 44183 48417 49774 55225 57791 61089 64278 68529 70391 71715 75652 77596 79394 81729 86165 86347 89249 91548 94165 95035 98200 100878 101498 104166 105809 107864 108804 110910 112663 114321 116293
15 14071 28618 33000 40694 43681 49020 53329 58481 60075 65177 68542 73178 76368 78058 81719 83678 87155 88893 91340 92612 95294 97627 100802 101779 105086 106911 109613 112009 113525 114355 116730 119624 121120 122634 124635
16 12394 29676 35345 41353 46151 54306 56614 62951 66741 68781 72901 77464 80128 81960 84664 90226 93240 94819 96000 98683 102849 105309 107902 110110 112684 113137 115422 119305 120543 123646 124018 126996 128120 130299 131939
17 18310 31895 38165 45489 51226 56893 61294 67830 69513 75950 76933 81529 83836 89505 90596 95926 96586 99823 104629 106762 109594 110800 113021 116298 119146 121595 122636 126761 128886 129602 132469 135318 136974 140021 140597
18 20991 29024 41673 45394 51418 57937 64600 68495 75686 76875 81855 86024 91358 92556 97599 99701 104089 106429 109490 112583 116598 119290 119778 122453 126308 127279 131338 132615 135324 137697 140584 142734 146055 146498 148606
19 13164 34620 44315 49837 55719 63926 66255 75044 76190 84288 87152 92380 94772 97179 101610 104206 110200 113365 114063 118228 121303 124996 126660 131416 132946 136059 139155 141674 143999 144899 149268 150520 153418 156355 157551
20 24980 37947 45607 52612 61579 64869 74512 76315 80697 88272 92347 97077 98549 101980 108296 111714 113631 117644 121787 126238 128748 131514 134462 138043 140000 143220 146205 148432 151789 153101 156869 158291 161096 162776 165021
21 26229 36615 44647 56817 63419 70154 77444 80131 88300 93066 98050 98767 105168 110165 111280 117600 119165 123097 128427 132217 135120 138664 140056 143355 146278 150498 151491 156362 157933 160372 163098 167737 169983 171224 173374
22 21556 36549 48600 55307 66147 75828 79930 85772 90388 95795 100528 106057 109294 113891 119207 123514 125689 130377 135474 135902 142032 143456 148039 150824 153244 156061 160283 163216 165103 169271 170808 174897 178404 180454 181737
23 31870 35927 53645 56338 67606 76835 84820 91423 94272 98980 105098 111639 116826 118801 123688 129128 130108 134427 139601 142896 148915 151661 154083 157948 159349 163930 167253 169452 172423 176726 178395 182441 184345 187813 190886
24 31840 45537 51474 64399 74825 80463 85596 94183 101142 103395 110087 116097 121242 124892 127087 135510 135934 143599 145354 150723 152848 157379 160710 165861 167037 172800 174591 177794 181387 182968 187753 190252 194563 196214 198664
25 32787 36401 56347 70000 73655 80623 90692 99750 103923 109316 112027 119896 123187 131434 135647 139642 144741 148324 153134 155563 161555 162096 166733 170000 175997 178885 180347 184255 190263 191311 195384 198683 200935 204573 208926
26 27020 46219 60864 64530 74271 89615 94749 103479 109940 112253 118920 123274 127797 135000 142313 142598 149991 152405 160106 163035 165586 171679 173559 179682 183480 187272 187489 193381 197463 198351 202667 206827 208455 211673 216972
27 30066 53184 60132 70407 83656 90520 97350 102458 110271 119412 124902 131609 137355 138096 145800 150427 156320 161369 166264 167139 172039 177790 182405 185496 187684 193045 197008 198996 204417 208303 211498 215121 219216 221532 225511
28 30157 55719 65785 73657 82493 88544 97318 109164 116259 123200 130853 134982 141116 145600 148162 156098 158689 166028 169302 173057 179112 184120 188912 190318 194393 199489 204687 208858 209757 214853 219188 222666 225674 230826 231504
29 23200 47475 70082 79526 87193 100291 103266 108508 116290 124666 130854 141833 143835 149005 157243 160210 165173 171174 175827 182216 184874 191312 195487 197285 203248 207264 212473 214365 219789 224333 226349 229448 235025 235740 239772
30 40694 54991 62642 83570 85697 95058 109160 115568 126712 128406 134298 145121 151908 156346 161889 166277 172023 177178 182187 186193 194052 194700 199359 204793 211452 213148 217081 221919 227526 230200 233152 239550 241868 245120 249126
;

param:	cost_bundl	marginal	:=
1 10 20
2 50 70
3 100 129
4 150 193
5 200 228
6 250 255
7 300 328
8 350 352
9 400 437
10 450 495
11 500 534
12 550 599
13 600 610
14 650 690
15 700 746
16 750 797
17 800 805
18 850 857
19 900 948
20 950 971
21 1000 1013
22 1050 1064
23 1100 1142
24 1150 1189
25 1200 1222
26 1250 1280
27 1300 1312
28 1350 1357
29 1400 1403
30 1450 1451
31 1500 1538
32 1550 1592
33 1600 1630
34 1650 1693
35 1700 1701
;