param num_bundles := 35;

param num_cust := 30;

param price_reserve :
   1 2 3 4 5 6 7 8 9 10 11 12 13 14 15 16 17 18 19 20 21 22 23 24 25 26 27 28 29 30 31 32 33 34 35  :=
1 1281 1562 2163 2498 2987 3231 3726 3789 4064 4427 4490 4858 5012 5099 5463 5495 5699 5930 6132 6321 6384 6624 6657 6867 7026 7194 7233 7400 7510 7647 7826 7982 8057 8124 8345
2 1744 3940 4157 5455 5919 6753 7244 7558 8099 8845 9278 9765 9871 10338 10636 11236 11419 11960 12000 12598 12725 13066 13333 13653 14046 14305 14555 14892 15068 15414 15646 15799 16194 16346 16623
3 2546 5091 6735 7892 9411 10340 11015 11572 12134 13349 13443 14300 15262 15623 15999 16541 17483 17799 18347 18764 19002 19617 20080 20759 20906 21256 21675 22094 22642 23153 23523 23970 24052 24644 24768
4 4596 7376 8579 10852 11398 13097 14153 15920 16060 17817 18539 19250 19952 20723 21481 22156 22950 23906 24397 25121 25387 26169 26857 27259 27770 28833 29087 29665 30125 30599 31374 31526 32140 32975 33207
5 4796 9849 12207 13191 14832 15811 18628 19468 20273 22136 22956 24393 25159 25962 27129 28071 28443 29206 30708 30838 31859 32465 33226 34438 34900 35553 36442 36973 37723 38678 38936 39446 40087 40866 41352
6 7777 11572 14148 16757 17920 19791 21500 23269 24357 25512 27885 28574 29418 31177 31794 33212 33984 35476 36299 37547 38061 39399 40552 41081 42392 42764 43681 44626 45632 45805 46600 47487 48433 48744 50113
7 9800 11374 16446 19550 21643 23800 25624 27111 29065 30059 31554 33160 34634 36103 38315 39524 40139 41696 42047 44005 45192 45387 47145 48234 49200 50322 51191 52271 53200 54204 54779 55384 56366 56920 57876
8 9992 14311 18590 22054 23947 26773 29459 30860 32673 34092 36380 38132 39808 41353 42543 43905 46206 46976 48793 49832 50723 52068 53880 54376 56000 56884 58307 59005 60101 61616 62153 63860 64399 65346 66549
9 6490 17636 20444 25264 28346 29958 32048 34010 37108 40088 41439 43648 44856 46904 47827 50816 52386 52663 54329 56435 58160 59263 60748 61884 62949 63995 66087 66649 67972 68872 70820 71322 72022 73249 74760
10 12961 18111 22891 27641 31113 32558 35944 38575 42237 43818 46733 48539 49275 51923 54443 56071 57654 58856 60762 62354 64250 64900 66693 68029 69541 71358 72966 74539 75868 76158 78077 79044 80722 81707 83211
11 8232 16316 26492 27566 34082 38042 38672 42432 44763 49144 50791 53347 55000 57789 58909 61992 63458 64853 67199 69186 70948 72199 74508 75026 76401 78247 80172 81370 83194 85149 85234 87725 89202 89851 91611
12 9295 23515 26181 31930 36080 39436 43133 46165 49009 50912 55977 56489 61141 61657 64309 67328 69102 70341 72200 75400 77658 79054 80140 82791 84581 85090 87756 89671 90024 92236 93969 95579 97281 98283 99013
13 9374 19457 30873 32160 37498 43038 45258 49400 52324 57788 59743 62074 65827 67048 69230 71441 75041 76997 79926 81724 82834 85918 86545 88285 90963 92218 95424 96970 98113 99990 101633 103381 105388 107138 107358
14 9699 23089 28279 36935 40960 45495 52083 53421 57859 59660 63911 67896 70946 73015 75340 77444 79245 83014 86120 87966 89556 90817 93538 96954 98000 100371 102114 104429 105065 108263 109379 111051 112035 114595 115651
15 19672 26495 32311 42320 45596 51176 52906 57862 61115 65795 68869 71561 73790 76544 80106 84747 86064 88893 90300 92709 95011 99091 100040 102879 105300 107037 108582 111647 113842 116073 117461 118110 121157 121971 124563
16 22170 28442 36626 42211 46262 53642 56614 62789 67428 71339 71697 76198 79808 83446 86814 88912 92358 95465 98006 100074 101395 105842 107902 108517 111404 114308 115466 117880 121305 123687 125943 126471 129353 130103 133175
17 20681 32788 35170 47112 48323 54718 59378 65928 68170 73867 79519 81671 86416 87612 90596 93299 97953 101204 104297 105783 109488 112509 113684 117632 117878 121785 123528 125340 128257 131242 132251 135489 137311 138777 141744
18 20680 27417 38437 50656 53275 59808 66478 69247 73249 79852 83966 84887 90288 94701 96732 98787 102331 107217 110784 111309 116041 116931 121550 123349 125330 127584 130049 133151 135084 139102 141503 143007 146100 147160 150254
19 26600 35647 45122 51546 55848 63473 67550 74755 79619 84202 88304 89764 93699 98507 103720 106941 110003 113237 116815 118106 121184 124417 126888 129869 133650 136906 137116 139724 143749 145397 147467 151524 152237 155939 158100
20 14967 29933 43818 51846 56851 66091 71889 79498 83618 84853 89978 97077 100319 104537 107182 109545 113208 117303 121458 123418 128872 130353 134640 136528 140968 141817 144278 149399 149880 154506 156920 157531 160250 162628 166277
21 14549 36855 44844 53457 59988 69395 74306 80570 87699 89491 96234 100449 106253 107654 114407 115175 120196 123811 126280 132350 135966 137706 140308 142491 145613 149026 153573 154375 158491 161030 163584 167895 169099 172302 175246
22 29842 41276 49974 59359 62998 71220 78587 86110 89310 98190 102341 105141 109559 113295 119288 120820 125920 131338 134830 136400 142304 145200 147777 151401 155501 157849 159314 164398 165278 168641 171825 175007 178186 180722 182852
23 29093 40626 56150 60328 66660 75165 80336 88602 92459 98121 107781 110687 116463 120657 123602 129700 133796 134898 138077 142748 146045 150891 153670 155994 160473 163930 165983 170262 174436 176966 181044 182615 185375 188038 191771
24 21466 43466 52362 61282 68726 76800 86799 93323 96717 106361 110817 113284 119808 124800 128260 133281 139034 141172 144000 151105 151941 157159 160567 165513 167175 170045 175971 177340 180304 183156 188121 189706 192778 196683 199128
25 30822 41833 51478 64031 73993 81394 92601 97852 104043 107355 116190 121861 126787 132004 135000 137204 144827 149666 151079 157162 158351 164469 169263 170147 173853 177694 181315 184052 189275 193455 195512 197800 201556 205305 208746
26 32888 38212 62400 64739 80726 88705 92144 103609 104389 110309 118920 123712 131756 134599 139918 146156 149359 155131 160106 161116 165586 172151 175032 176417 180733 184874 190138 193031 195675 199167 203200 206892 208908 212565 215972
27 34996 50078 54000 70407 77505 87407 98244 107051 111977 119534 121230 131720 134892 141435 143786 149357 153687 160190 162539 170079 172969 177708 182804 183123 188768 193121 197008 200019 203917 205838 209768 214578 218817 219415 223628
28 38798 39992 58733 73443 85664 90471 102037 111860 112419 124340 129043 134866 141559 144519 149846 156399 160848 167252 168931 176910 179025 184290 188912 191877 196400 201367 202995 208708 210056 214634 217681 223930 225187 227955 234064
29 33318 54717 65875 81613 84449 96705 103754 115564 121662 129172 135775 138716 142779 149005 158203 160420 167197 171370 175540 181661 185781 190254 193671 199237 204404 205143 210804 215772 219022 222148 227756 229448 234093 237729 241101
30 39799 46087 71498 84214 87567 99860 105981 112250 123110 127844 138651 143625 148674 156231 161555 166277 171394 177482 181494 186965 193308 194515 203204 205582 211197 214075 217495 221594 227605 228788 234921 236753 243056 247241 247532
;

param:	cost_bundl	marginal	:=
1 10 12
2 50 95
3 100 115
4 150 166
5 200 247
6 250 261
7 300 321
8 350 367
9 400 408
10 450 473
11 500 515
12 550 579
13 600 617
14 650 684
15 700 724
16 750 773
17 800 846
18 850 875
19 900 900
20 950 976
21 1000 1025
22 1050 1073
23 1100 1118
24 1150 1182
25 1200 1245
26 1250 1281
27 1300 1310
28 1350 1362
29 1400 1422
30 1450 1466
31 1500 1535
32 1550 1586
33 1600 1613
34 1650 1676
35 1700 1707
;