param num_bundles := 35;

param num_cust := 30;

param price_reserve :
   1 2 3 4 5 6 7 8 9 10 11 12 13 14 15 16 17 18 19 20 21 22 23 24 25 26 27 28 29 30 31 32 33 34 35  :=
1 1114 1649 2078 2728 2898 3274 3533 3774 4162 4345 4656 4729 5075 5231 5422 5582 5685 5899 6043 6290 6334 6560 6776 6856 7068 7203 7308 7411 7537 7616 7828 7877 8037 8227 8275
2 2298 3816 4271 5276 5699 6905 7462 7736 8295 8872 9252 9449 10182 10454 10830 11193 11454 11926 12205 12630 12762 13200 13553 13810 14102 14294 14450 14918 15105 15232 15641 15970 16025 16390 16719
3 2078 5755 6148 8139 9372 10147 10733 11257 12282 13104 14058 14173 14855 15738 16410 16928 17483 17575 18070 18888 19247 19827 20053 20470 21068 21289 21799 22345 22839 23191 23607 23630 24268 24505 24999
4 5485 7462 9156 9895 11593 13145 14599 15009 16743 17027 18400 19183 20191 20769 21689 21909 22726 23610 24159 24890 25750 26046 26569 27376 27897 28352 29263 29437 30061 30620 31200 31840 32239 32585 33072
5 5745 8124 11489 13928 15427 15843 18303 19596 21095 21564 23173 23516 25377 25632 26514 27495 29120 29377 30806 31097 32311 33045 33302 34249 34900 35511 36222 37108 37829 38301 38949 39862 40509 40963 41376
6 6893 11696 13416 15274 18859 20680 22257 22863 25085 26263 27020 28950 29952 31177 31952 33471 34237 35618 36140 37547 38174 38977 40124 41239 41863 43250 43714 44513 45315 46118 46984 47729 48729 48980 49565
7 7920 10662 14000 18200 21913 22790 24530 27506 29098 31242 32230 33948 35611 36130 37566 38697 40261 41413 42533 43468 44471 46327 47414 47928 48820 50186 50865 51857 53218 53986 54851 55349 56713 57006 58549
8 7838 12800 18931 22054 24580 27434 29805 31394 32946 35490 36800 37795 39582 41661 43583 45028 45761 47329 48820 50113 51772 52288 53880 54353 55495 57467 58241 59373 59995 61094 62071 63558 64953 65307 66588
9 8443 15588 20837 22119 28174 30441 33579 35547 37369 39354 40570 42367 44238 47214 48567 49525 51795 53578 54359 56263 57120 58548 59997 62302 63308 64147 65447 67302 67925 68943 70660 71117 72694 73844 75149
10 8944 16000 23833 25923 30397 32802 36166 39294 41569 42849 45738 47582 49477 51147 53666 54882 56886 59498 61579 61644 64187 65574 67498 67971 70512 72056 72993 73593 75260 77279 77769 78842 80846 81658 83259
11 13739 20871 25084 28515 32853 36016 38169 42942 44763 47847 50743 51968 55176 57285 58909 60610 63152 65706 67773 68483 69674 71322 73889 74962 76748 77813 79383 81042 82375 84550 85744 86837 88466 89419 91108
12 15554 17960 28397 31658 34779 40160 42798 45410 48596 52800 55616 58296 59615 62538 63634 66467 69683 71960 72200 75552 76424 78945 79816 82652 84171 85124 86899 89414 90471 91892 93261 95880 96210 98459 99361
13 16027 18749 26515 34296 40945 42959 48223 48642 54909 57788 59573 61197 64635 68247 69523 71535 74634 77216 79417 81890 83443 85682 87284 88247 90889 93564 93960 95601 98800 99990 101367 103413 105292 105836 108080
14 15336 25966 33366 35638 43737 45322 48900 55930 59331 60573 65066 66496 69381 73230 74661 78350 80958 82967 85480 86935 89644 90730 93245 95816 98120 100098 101845 103713 106289 106658 109200 110414 112767 114937 116023
15 17493 23622 32311 40694 43267 47529 53160 59473 60150 64343 67483 71372 74518 77479 81388 82486 86533 87516 90449 94058 95294 97257 101691 101956 105000 107917 108954 111405 112690 115724 117576 118832 121454 122597 125140
16 22400 30860 37998 41600 50394 53451 56704 63195 66279 70545 72971 76399 78840 84361 85686 88796 92358 94332 97219 100482 102650 103741 107617 108564 112000 114710 115997 119690 120585 122062 125046 127479 128240 130692 132597
17 13600 24281 38766 42872 53110 55556 60535 64151 71400 75645 77233 81245 84932 88269 92427 94469 98248 100573 103909 107194 108747 112045 115199 115750 118025 122022 122730 126396 128752 129914 133469 134375 136467 140062 141008
18 17636 25960 36536 46522 51039 60668 62768 68684 72180 77211 81697 86849 88913 94358 98524 100800 103902 107820 108060 112352 115705 117759 121816 122770 125019 127635 130894 132419 136135 138167 139938 142052 146100 146366 148519
19 25491 33561 41103 47003 58500 61155 68294 74270 78982 81855 85310 92770 94619 96956 103231 104206 107949 111243 116071 119625 120527 125458 128359 131361 132837 134565 137694 140086 143698 146879 148054 150999 153888 154870 156770
20 21166 33466 46130 52612 59464 63246 70767 76629 81878 86533 90244 93979 100000 102840 108296 111714 114752 117644 120133 124643 127499 130966 135351 136821 141252 141930 146860 149559 150732 154609 155795 157632 161394 163756 166997
21 17819 29698 44050 56505 65874 69522 76181 80241 88897 91054 96234 99656 106336 109603 112070 115328 121728 122666 126419 130471 134071 138727 140182 144641 148433 149440 154032 156418 157654 161195 163854 167790 169099 171018 174034
22 27123 40566 49974 58703 64816 74670 78710 83947 91452 95288 101391 104679 108583 114654 119450 122412 125303 129033 132731 136542 141212 144197 148561 149535 155439 157542 160223 164280 166562 168526 171035 173452 176768 181257 183802
23 24341 42906 51430 59267 71263 75165 80072 89434 93709 100255 103474 110304 113891 119777 123259 129863 133082 135055 140883 143488 148844 151031 153395 157142 161787 165472 166746 170635 172485 175284 180400 183251 185603 188263 191218
24 15179 43730 51250 65989 72478 80606 87460 92455 97548 105272 110713 115400 118357 125536 131278 134486 137367 143439 146144 151409 151789 157525 161711 166000 166761 171327 175446 177145 181577 184535 187937 189828 192060 196976 199705
25 32016 36401 53151 64226 73655 81394 91378 99875 105475 111131 114455 117473 124097 129132 132571 137931 145086 147054 150333 155403 161245 162481 166583 171391 173781 179722 180278 184323 188746 191442 194358 198305 201494 205305 207244
26 32055 39942 63474 69959 81227 86075 92729 101233 105548 113451 118692 127055 130208 134699 140592 145135 148360 153202 160190 160696 166806 168900 173636 178777 180733 184435 188782 193241 195744 198215 203000 205120 208065 213327 214465
27 32847 51513 63205 68518 77316 91322 95383 105127 108941 120264 122307 128810 136183 142564 145900 150910 155853 160554 164235 168269 171954 178364 181925 184155 188459 193272 198115 199727 204916 208303 210045 215188 219283 219681 225769
28 22400 39992 60053 78998 80764 88721 99074 108732 115854 122562 129043 135446 137969 146673 150889 154280 161140 166500 168187 175576 178762 182838 188247 190153 197355 200117 204534 209383 209608 215364 218687 223790 225535 229532 233997
29 23200 55328 69358 71976 84250 94417 106789 109588 116867 124666 134905 140043 143367 153234 153673 159263 167599 170583 176400 179894 187762 189634 196260 200163 204568 206369 212869 215460 218407 222148 227535 230545 232072 235811 239210
30 39345 56285 70228 78689 86116 95812 107666 117576 120000 127279 139298 144000 150957 155074 161889 168962 173482 179900 180200 187061 189737 194700 202317 206019 208192 214579 218403 222405 226416 229495 235228 236601 242165 244679 249415
;

param:	cost_bundl	marginal	:=
1 10 33
2 50 61
3 100 100
4 150 185
5 200 226
6 250 250
7 300 305
8 350 372
9 400 406
10 450 456
11 500 506
12 550 599
13 600 615
14 650 690
15 700 720
16 750 767
17 800 814
18 850 890
19 900 909
20 950 959
21 1000 1047
22 1050 1086
23 1100 1129
24 1150 1186
25 1200 1239
26 1250 1265
27 1300 1331
28 1350 1355
29 1400 1432
30 1450 1498
31 1500 1505
32 1550 1559
33 1600 1610
34 1650 1696
35 1700 1716
;