param num_bundles := 35;

param num_cust := 30;

param price_reserve :
   1 2 3 4 5 6 7 8 9 10 11 12 13 14 15 16 17 18 19 20 21 22 23 24 25 26 27 28 29 30 31 32 33 34 35  :=
1 894 1887 2400 2490 2871 3382 3504 3774 4005 4423 4630 4850 5044 5215 5393 5528 5745 5953 6079 6286 6340 6493 6675 6879 7046 7094 7272 7357 7537 7715 7749 7962 8045 8171 8326
2 1833 3940 4767 5499 5946 6657 7065 7980 8070 8523 9016 9650 9936 10507 10874 11027 11538 11947 12296 12464 12712 13029 13559 13670 14011 14400 14653 14702 15226 15399 15590 15768 16115 16336 16704
3 2683 5970 7023 7982 9449 10165 10916 11819 12557 12812 13629 14562 14916 15519 16233 16811 17307 17503 18080 18590 18974 19507 20223 20689 20906 21340 22037 22370 22808 23230 23500 23850 24365 24416 25021
4 5246 6788 8872 11257 11510 12649 14489 15718 16020 17008 18728 19100 19807 20723 21272 22371 23117 23624 24331 24800 25625 25935 27070 27353 28137 28744 29383 29858 30168 30714 31231 31739 32030 32858 32985
5 5099 7348 10000 13153 14353 16155 18520 18815 20025 21863 22935 24104 24515 26019 27203 28267 28723 29682 30463 31241 31875 32726 33377 34234 34713 35553 36373 36905 37550 38717 38820 39611 40497 40841 41231
6 4648 11758 14500 16928 17677 18974 22062 22578 25399 26291 26913 28245 30500 31315 32042 33169 34883 35191 36772 37585 38344 39636 39944 41361 42273 42646 43664 44140 45092 46227 47229 47805 48685 49009 49594
7 5238 12522 15962 18678 21869 23882 25548 26747 28070 31274 32653 34236 35500 36534 37461 38823 40261 41789 42093 43332 44800 46073 46622 48356 48840 50400 50594 51762 52682 53859 54922 55947 56017 57690 58499
8 6788 13576 19133 21526 24993 26821 29372 31880 32000 34576 37284 37694 39775 41322 42723 44369 46123 46675 49003 49729 50924 52411 54046 55078 56342 56839 58087 59351 60250 61345 62462 63195 64419 65620 66376
9 7637 13227 20523 23675 27060 30968 32599 35319 36447 38480 42098 42520 45000 46208 48567 49328 51450 53548 54150 56435 58215 58989 60988 62172 62742 64550 64975 66940 68258 69388 70706 71729 72605 73953 75256
10 9592 14832 22450 24576 29394 32435 36111 39749 40694 44452 46733 47074 49112 51029 54222 55353 57896 58447 61579 62000 64000 65544 67617 68323 69311 71972 72388 74243 75100 76629 78638 79019 81216 82171 82849
11 12445 21216 25938 28001 32927 37722 40327 43835 44110 48550 49780 51968 54956 56390 58909 61835 62497 64178 66439 68413 69744 72433 74281 75316 76685 77782 79596 82022 83048 84750 86166 87282 89093 90575 90868
12 11257 17307 28800 32907 34446 40517 41638 45537 48833 52141 56183 58147 59276 62722 65199 67328 68516 71840 73504 75514 76424 79309 79924 82582 83553 85428 86965 88735 90947 92111 94427 94792 97400 98692 99766
13 11333 23829 28952 32474 37767 44123 47303 50817 52324 55824 59118 61472 65878 68296 70871 72893 75579 76909 79587 81642 82466 85088 86428 89502 91592 92693 95176 97040 98389 99073 102197 102527 105452 105612 108392
14 18146 23259 32533 37670 42279 44887 50400 52458 59132 60767 63171 65964 71001 72746 75652 78799 80570 82920 85572 88144 88765 91975 93538 96387 98319 99469 101536 104204 106289 106621 109630 110236 113357 114527 115481
15 16155 21424 34728 40137 42638 49659 54745 59245 63356 65727 67750 73055 75657 78975 81277 84161 87000 89649 91389 93386 96047 99045 99815 102044 104657 108000 110145 111727 113802 114237 117499 118148 121528 122229 123911
16 17527 29676 38132 41723 50088 50899 58131 63114 66047 69448 74636 76600 80954 82085 86281 87927 92690 93514 96479 99458 102650 105406 106277 110249 112547 114308 116570 118313 121178 122773 125699 126714 128638 131356 132017
17 11778 24985 38766 44200 51113 57900 62693 67915 70093 74954 76330 82305 85812 87215 91989 93793 96885 99592 103964 105783 108161 111425 114646 115650 119291 120448 123059 127080 127806 130712 132948 135190 136932 139814 142192
18 21600 25456 41361 44530 56464 60988 67157 68966 74564 76791 80659 87072 89350 95179 96060 99506 103214 105573 109667 111890 114975 118198 121230 124135 126820 127381 130695 133103 135945 137556 141182 143233 145700 147468 149042
19 13701 29679 38378 47157 54672 63586 70888 73094 76568 82819 87069 92223 96658 98287 102670 106941 107749 111826 115760 119745 120527 124359 128077 129200 133704 136906 137169 141164 142740 146780 148832 151429 152900 154917 157276
20 28000 34641 40596 49477 62097 65727 70314 77253 82171 87544 93295 96416 98468 102450 106057 111786 114891 118794 122311 124386 129058 131575 133566 136176 140684 144111 144776 149345 150944 152630 156154 158695 160150 163316 165650
21 17317 36855 45040 59248 65472 68113 75014 79689 87497 93350 96326 98499 106336 110724 113866 116848 120709 123953 127323 132749 134662 136678 140245 142615 147778 149735 154032 154546 158101 160097 163854 167790 169879 172302 173476
22 29516 39844 49780 56861 68165 69986 77345 87227 90388 95491 98485 103377 110000 114231 116496 121857 125381 130895 133095 138583 140731 145067 148039 150503 154752 158400 158827 162443 164985 169842 170411 173842 177969 180239 182693
23 30858 37933 46000 59445 69611 76697 80991 89552 97146 97797 106597 109244 113518 118890 125303 129619 132445 134584 138993 142080 146263 149270 154905 157344 159415 163995 167063 171439 173707 177801 178868 183193 184689 188656 190553
24 24000 40160 51474 63860 70708 75895 89671 95398 101256 102837 111645 115798 120288 123127 129866 133799 137870 140107 147478 149341 151865 157744 159270 165234 168274 170248 174393 177924 182463 184222 186336 191760 192958 195449 198025
25 18708 41533 50498 65192 77136 85000 87178 95525 102103 106771 116512 121037 126194 129615 134907 140801 145086 147394 152480 157480 159922 162096 167929 171391 174213 178816 182962 186548 189209 190919 193907 197927 200062 203408 207545
26 17246 48780 57905 65981 75892 88705 97144 103609 105804 114518 118350 124583 129270 132575 140881 142408 149630 151605 159768 161786 168178 169858 172934 176800 181777 185240 188137 194358 194983 198828 202733 207023 208390 213643 216785
27 30547 40410 59645 73050 79547 86062 94152 104291 111585 116194 121590 130049 134350 141641 146399 151296 155760 159460 165561 168528 173053 177708 182645 184313 189077 190995 195671 199069 205200 207953 210600 213624 218149 220278 224214
28 18573 48497 59529 68814 87295 95365 102497 107281 112140 119583 129770 134050 138310 146780 152850 155595 161626 164033 168187 176822 179724 185393 187579 190647 195118 200273 202066 209158 212653 214195 218902 221678 224280 228573 231098
29 40600 53473 67390 74728 87000 93522 106947 114834 120131 123310 129692 140403 142897 152795 156707 161569 167096 172154 177256 183320 186954 190077 194192 199742 203662 205061 210405 216162 217790 222300 226942 229815 233518 237021 241171
30 42000 48744 71246 83570 89599 103750 108995 113208 126854 130767 135100 145863 151789 155074 161555 168214 173482 177076 182384 185806 191060 194977 202139 205495 209227 215917 219144 223052 226733 232302 234998 236981 240898 244900 250280
;

param:	cost_bundl	marginal	:=
1 10 45
2 50 59
3 100 148
4 150 169
5 200 208
6 250 264
7 300 339
8 350 351
9 400 432
10 450 462
11 500 513
12 550 590
13 600 601
14 650 656
15 700 721
16 750 796
17 800 843
18 850 879
19 900 916
20 950 971
21 1000 1045
22 1050 1089
23 1100 1120
24 1150 1182
25 1200 1241
26 1250 1279
27 1300 1328
28 1350 1358
29 1400 1428
30 1450 1451
31 1500 1514
32 1550 1571
33 1600 1631
34 1650 1660
35 1700 1748
;