param num_bundles := 35;

param num_cust := 30;

param price_reserve :
   1 2 3 4 5 6 7 8 9 10 11 12 13 14 15 16 17 18 19 20 21 22 23 24 25 26 27 28 29 30 31 32 33 34 35  :=
1 632 1697 2088 2728 3046 3162 3666 3990 4176 4450 4477 4716 5087 5134 5400 5532 5762 5896 6093 6264 6403 6573 6693 6867 7009 7153 7272 7416 7537 7642 7833 7952 8042 8166 8275
2 2298 3394 4157 5470 5824 6633 7009 7579 8020 8681 8998 9381 9944 10553 10658 11128 11524 11832 12126 12643 12918 13066 13410 13665 14131 14153 14422 14924 15184 15414 15574 15940 16050 16297 16560
3 3394 5532 6490 7730 9080 9804 11080 11758 12164 12897 14020 14425 15285 15658 15999 16875 17223 17575 18386 18764 19012 19544 20080 20593 21017 21256 21807 22354 22808 22997 23553 23675 24142 24578 24855
4 2884 5987 8275 10553 11648 13506 14773 15513 16139 17564 18417 19217 19936 20677 21166 22542 23117 23583 24357 25095 25600 26156 27070 27399 27782 28307 28844 29901 30379 30693 31108 31880 32030 32839 33380
5 6245 8485 11790 13528 15395 16613 18439 19105 20347 22136 22627 23707 25475 25865 26627 27695 29103 29155 30757 31544 31875 32588 33660 34337 34670 35426 36414 37216 37934 38536 39332 39937 40286 40963 41413
6 4327 10111 14549 16410 17390 19718 21898 22737 25399 26698 27834 28725 30000 30968 32177 33299 34132 35598 36418 37181 38662 39564 40552 41552 42069 43233 43350 44156 45299 46445 46938 47457 48030 48877 49521
7 6416 9998 15962 17486 20432 23047 25471 26229 29065 30254 32047 33687 34775 35830 38110 38671 39672 41175 42786 43693 44449 45987 47352 47887 48759 50439 50884 51439 52886 53347 54276 55455 56349 56989 58365
8 6197 14311 17233 21105 23569 26677 27989 30860 32594 34798 36380 37591 39904 41198 43141 44109 46068 47410 48080 50113 51449 52018 54141 54588 55541 57087 57689 59200 60441 61428 62195 63940 64854 65051 66665
9 8818 14287 18964 24416 27476 29467 32099 34996 36403 39313 42021 42672 45000 46487 47793 50400 51355 52970 54329 56349 57148 58852 60882 61438 62820 64147 65817 66307 68234 68707 69992 71616 72359 73492 75192
10 12961 14283 21166 26608 30594 31686 36661 39141 41952 42942 46043 47032 49719 50990 53591 55353 56851 58515 61156 62450 63372 65909 66332 68877 69282 70852 73321 73566 75551 77305 78307 79196 80449 82122 83427
11 10082 16610 23797 29434 34576 37978 38232 42546 44547 48848 49585 51735 55525 57453 58909 61639 62225 65669 66256 68836 70880 72733 73560 75604 76432 78340 80172 82110 83136 83802 86530 86865 89012 90388 91822
12 16100 23392 28700 32995 34110 38174 42324 46846 48060 51920 56183 57899 59904 61470 64577 65945 69765 71397 73817 75667 76160 78945 80463 82303 84342 86066 87822 88443 90152 92080 93723 94762 96807 98429 99882
13 14001 21440 29416 35649 39173 42484 45108 51609 52966 55885 59800 61197 65415 68395 70488 71630 75400 76025 78604 80768 84089 85405 86974 90029 91074 92034 94534 95565 97803 99039 101166 102955 104906 105804 107767
14 19600 23759 32291 35418 41436 45149 49853 55082 58667 62170 63233 66319 69607 73975 74187 77495 80326 82303 84790 87520 89818 91376 93413 96549 98000 99587 100994 103940 105475 107171 109379 110874 112524 114902 116192
15 15875 26665 31607 39573 47053 50646 53245 59850 60299 65932 67149 72808 73546 79316 81884 82158 86221 89750 92027 94678 95436 98544 100846 102000 105171 107457 109325 111041 113367 116073 117422 118680 121639 122192 124888
16 21703 30189 37181 43170 47893 50596 59437 63114 67656 68408 73530 77794 80128 83323 87284 90340 91074 95035 97534 100176 103593 104968 107760 109176 113047 114083 116920 119476 120202 123563 125781 127519 129432 130613 133367
17 23800 30220 40373 43007 49854 57399 62601 67830 70175 73867 78126 82024 84796 87016 90851 94591 98541 100516 103797 106274 109330 111217 114293 115600 118854 121071 122730 126030 128931 129557 132861 135361 137016 139524 141662
18 12471 30547 39926 48030 53153 61200 65099 68020 73072 78046 83579 85647 90931 93114 98063 99376 104089 105142 108658 111716 115817 118855 121550 124656 126000 129750 131141 132272 135945 137932 140769 143233 144673 146454 149736
19 23731 27402 43493 50556 54275 63473 67550 72400 77784 82819 87647 92925 95682 100467 102106 105377 108283 110918 116444 117800 122015 123193 127682 130036 132619 136536 137694 141776 144300 145049 148589 150184 152332 156263 157184
20 16000 33705 42521 56285 61319 65238 70427 77666 80796 86810 92865 96664 100955 102137 107555 111786 114682 118861 121392 123548 128187 130231 133507 137695 140399 143499 146041 149345 151789 154764 156051 159700 160748 164536 166853
21 13282 34634 47332 58348 64110 66408 77558 80898 84314 91729 98140 100449 106253 107982 112227 117974 119534 122450 127738 131279 135250 137000 140056 144946 147599 149499 153458 156023 159268 159931 163044 167685 169203 171738 173730
22 26764 38860 50934 58538 67307 74541 79687 83252 90495 93442 102719 104216 111312 114315 120097 124061 127068 129856 134686 136754 141349 144599 146593 149988 154439 158155 159739 162085 166096 170354 172388 173507 178675 180615 182268
23 29811 37086 48025 63240 67449 75024 85193 87400 95830 100466 107388 111639 113705 120130 124200 126813 131161 135446 138153 142970 148417 151241 154563 157075 160473 165024 167821 171500 173951 177979 180810 183885 185032 187079 190498
24 30358 39290 51920 61470 69060 80748 87985 91955 98136 104834 111232 112774 118357 126451 128170 131891 139531 143359 147243 151257 154423 155834 160352 165930 166968 172667 174525 176950 182084 183784 188610 189524 194563 195449 199186
25 20000 36401 54772 61441 75498 83367 88318 98362 102470 107121 115650 122168 125797 130192 134071 140268 143091 146031 153867 157242 160779 163554 166132 170734 174069 180208 181521 186414 187350 191181 195512 198494 202114 205670 208147
26 19457 45333 61747 66185 77128 84969 90963 103479 108952 116043 121618 124583 127692 133894 141168 144388 147445 152228 159344 162786 167614 169060 173090 177715 182593 186186 190635 192821 196915 199642 203266 205712 209877 213517 216097
27 37021 42861 59889 72650 85039 93375 99571 102600 112755 114806 122546 127216 135861 138834 146598 151296 156507 159460 164678 170336 171360 177051 181202 183917 188768 192743 194849 200165 204346 208583 210184 213283 218617 221926 223758
28 30672 52233 63109 74081 87654 93203 98757 110591 114355 124969 130613 135562 142553 143102 152542 157000 162689 164510 170869 175665 179287 182666 187663 193666 197276 198543 203150 207805 212284 214195 219260 220472 227404 229737 232585
29 29000 49215 65105 78461 88723 96357 107261 115564 117584 123718 132641 136516 147758 148439 157243 160525 167699 171566 174193 182677 185781 190696 192714 197796 203992 207993 212236 214913 218638 223206 227535 230764 234380 237658 242493
30 27495 51962 66813 74699 91389 95624 105641 113842 124852 132000 139556 140840 151789 155885 158745 166060 170552 175031 182285 186000 193122 195714 200978 205056 209485 216167 219882 222405 228237 229103 232843 237057 242091 244238 248403
;

param:	cost_bundl	marginal	:=
1 10 30
2 50 86
3 100 133
4 150 196
5 200 208
6 250 256
7 300 319
8 350 383
9 400 419
10 450 459
11 500 526
12 550 581
13 600 601
14 650 683
15 700 724
16 750 785
17 800 836
18 850 894
19 900 926
20 950 972
21 1000 1026
22 1050 1089
23 1100 1109
24 1150 1151
25 1200 1232
26 1250 1285
27 1300 1333
28 1350 1382
29 1400 1446
30 1450 1465
31 1500 1516
32 1550 1566
33 1600 1636
34 1650 1693
35 1700 1741
;