param num_bundles := 35;

param num_cust := 30;

param price_reserve :
   1 2 3 4 5 6 7 8 9 10 11 12 13 14 15 16 17 18 19 20 21 22 23 24 25 26 27 28 29 30 31 32 33 34 35  :=
1 1077 1709 2117 2757 3105 3206 3677 3857 4005 4276 4682 4808 4956 5173 5325 5586 5783 5909 6066 6293 6406 6508 6678 6908 6937 7119 7343 7357 7613 7637 7772 7995 8022 8131 8270
2 1697 3347 4176 5426 5741 6387 7462 7736 8089 8690 9269 9567 10111 10507 10606 11085 11475 11805 12277 12624 12750 13072 13399 13793 13926 14272 14670 14940 15105 15487 15733 15784 16243 16390 16709
3 3600 5299 7074 8357 8570 10305 10513 11273 12456 13118 13497 14375 15012 15738 16399 16746 17234 17839 18307 18802 19294 19654 19999 20479 20957 21264 21857 22386 22578 23028 23253 23797 24127 24483 24855
4 3200 7419 8980 10703 11342 12825 14924 15367 16159 16989 17924 19481 20254 20723 21659 22257 23269 23947 24606 24993 25336 26120 26533 27493 27805 28644 28944 29503 30104 30495 31282 31547 32090 32585 33236
5 5568 8426 11136 12649 14248 16643 18028 19621 21071 21932 23130 23958 24839 26000 27166 27477 28896 29749 30199 31369 32388 32419 33437 34161 34886 35930 36249 37376 37616 38406 39154 39724 40410 40817 41641
6 7099 11063 13994 15461 17097 20223 21196 23082 25085 25821 28014 29098 29856 30758 32065 33407 34572 35109 36219 37814 38400 38958 39980 41448 42069 43217 44025 44707 45251 46227 47198 47593 48537 49463 49767
7 9073 9998 15208 18626 20718 23004 26004 27111 28035 30895 31367 33977 34662 36828 37120 38443 40090 41649 42648 43916 44953 45624 46622 48457 48860 50381 50671 52121 52589 53950 54384 55490 56401 56989 58499
8 8314 13194 18590 21287 25197 27294 28442 31719 33866 35562 36486 38963 39322 41815 42332 44254 46234 46867 48741 49652 51200 52994 53856 54353 56523 56839 57689 59330 59973 61073 62789 63619 64775 65541 66337
9 11665 17819 21898 22910 26393 29850 32649 35955 37886 38857 42098 42290 45287 47351 48500 49557 51134 53336 54448 55829 57656 59618 60320 61648 63051 64147 65496 66136 67996 69294 70200 71299 72381 73624 74477
10 11314 17088 20298 25140 28914 33705 36606 39243 42095 43772 44721 47371 50833 51730 53889 56036 57201 58481 61286 62897 63403 64962 67469 68029 69714 70993 73048 73892 75180 76551 77923 79272 80225 82414 82680
11 12445 19179 26764 29680 32108 35406 39783 42716 44438 48996 50168 52015 54735 56988 59114 60370 62613 65927 67558 69535 71118 71728 73725 74832 77251 79169 80142 80893 83571 84978 85574 87587 88055 90254 91822
12 15179 18745 27259 30829 34862 38250 44189 46908 48239 52086 56183 58147 59711 61983 65419 67114 69517 70668 72080 75132 76950 79309 80355 82896 84445 85798 86567 88247 89992 92423 93014 95398 96628 98488 99795
13 9374 19282 28003 32160 38913 42085 45333 48988 53474 56725 58543 62454 64687 67048 69814 72846 74453 77913 79033 81102 83646 84969 87168 88743 91445 93383 95282 95636 98937 99550 102296 102823 104065 106060 107641
14 18783 21140 29764 37461 43827 45838 48578 54510 58331 62547 63665 66555 68814 71988 74240 76834 80764 83720 85020 87385 89249 91333 94580 96833 97479 100410 101883 104617 105252 107572 108444 110804 112628 113805 116562
15 10392 24556 35369 39912 46765 49112 53329 57393 60671 64552 68869 71750 73851 77769 81222 82486 87103 89398 91241 93867 96887 97903 100846 102879 104914 107205 108995 112049 113525 114394 116306 118756 120300 123475 124455
16 19200 23732 38666 44109 47139 54869 58570 62870 65189 68333 71769 76800 80447 83752 87343 89486 91522 95733 96532 100329 103197 105114 106132 110063 111220 114710 115555 118659 120160 122397 125087 126673 129590 131629 132559
17 21771 29445 38013 44069 52782 56485 61858 65489 70422 73396 79228 80459 85542 87546 90787 94224 96945 100343 102396 106708 108641 111165 113430 115850 119291 121879 123575 126304 128797 130269 132120 135872 136000 138693 141294
18 22482 26454 43050 50271 53880 58048 65397 67446 74564 80176 82408 85268 91074 92556 96464 100349 103088 107639 109726 112640 116208 116875 120587 122188 125588 128394 131732 133686 135084 137932 140723 141824 145833 146498 149822
19 19376 35240 38000 49691 56363 65046 67550 75332 79619 84800 87400 91988 93930 97845 101823 105651 107816 112982 114883 118594 121005 123602 127852 129256 133650 135207 137222 140703 142183 145049 149268 150664 153324 154964 157734
20 22978 33941 44362 55857 61188 69051 73321 75047 83235 87178 91038 97406 100876 105679 106132 112071 114123 116619 122898 123418 129120 131575 133925 137811 138564 144111 144333 148486 152158 154506 155332 157531 161642 164584 166757
21 19700 31986 46391 56505 61870 67200 78012 79910 87093 90763 94196 99212 105753 109442 111991 116697 118794 123882 127531 129453 133808 137450 139993 144519 148016 151083 153170 154375 158769 161140 164284 165407 168890 171584 173831
22 17041 37594 53347 56347 66874 75316 81013 86893 92085 97894 102907 104123 110877 112867 117076 122174 125689 130005 133893 138023 141828 143321 145931 149471 152738 156618 160404 162443 166678 169614 171994 173953 176714 179970 182693
23 26022 45769 49757 63407 70965 73456 83690 90493 97255 98013 103270 111639 115459 119246 123345 127230 132365 137462 138459 145101 147917 150961 154563 157411 162309 164317 166683 170882 173463 177264 178157 182267 186740 189328 189942
24 32907 41845 57999 60716 72637 82163 86533 91074 97429 102500 107439 117379 119133 123687 127177 133281 139117 142472 146065 149726 154423 156498 159270 165443 166277 171730 174854 178764 180687 183345 187937 191218 194800 196390 200626
25 22913 41533 53151 61847 72973 86313 91104 94472 101242 108513 115217 118638 126984 129904 135093 140357 143962 147054 150000 156764 159844 165454 168893 170807 176139 177904 181315 185540 188282 191768 195128 199186 202176 205122 208926
26 29416 38212 58138 69182 73723 84650 90366 99753 107327 112493 118464 125664 130519 135799 142123 145693 150441 154432 160021 163449 164603 172308 174491 177411 183185 186766 190280 192470 196709 199574 202400 206106 210263 212565 214842
27 37800 48299 59889 72650 77880 86400 95992 104571 112496 118061 125949 132052 136076 142768 144998 152448 154160 159277 166088 170592 173390 178364 182485 185103 187451 191833 195373 201688 202338 207250 211567 214238 216000 220674 223628
28 27434 46517 67200 72151 83061 91333 102037 111860 115854 124214 129770 136828 138536 142882 150992 153567 160360 163842 168559 176555 180421 184885 187161 192040 197355 199803 205605 209158 211470 216453 218041 223790 224489 227955 233259
29 38908 50563 67639 71742 85832 98429 103429 114981 117584 128257 133148 136393 145000 151023 157670 161985 165376 169098 175923 180080 185237 190960 194278 200667 204815 206288 209684 215148 217558 222527 224932 229522 234595 236310 241589
30 40694 54663 62064 81388 89196 98955 106320 114315 120449 129938 134432 143625 149037 157379 161889 165409 173274 175545 180699 188213 190210 198454 201604 207326 209227 213148 220291 222405 225858 232147 235533 236373 241868 243721 249776
;

param:	cost_bundl	marginal	:=
1 10 25
2 50 68
3 100 120
4 150 179
5 200 203
6 250 252
7 300 300
8 350 393
9 400 422
10 450 454
11 500 546
12 550 571
13 600 613
14 650 685
15 700 707
16 750 765
17 800 810
18 850 882
19 900 916
20 950 963
21 1000 1028
22 1050 1051
23 1100 1119
24 1150 1182
25 1200 1246
26 1250 1283
27 1300 1309
28 1350 1353
29 1400 1427
30 1450 1490
31 1500 1503
32 1550 1559
33 1600 1626
34 1650 1679
35 1700 1721
;