param num_bundles := 35;

param num_cust := 30;

param price_reserve :
   1 2 3 4 5 6 7 8 9 10 11 12 13 14 15 16 17 18 19 20 21 22 23 24 25 26 27 28 29 30 31 32 33 34 35  :=
1 775 1766 2173 2514 2946 3243 3600 3955 4089 4290 4682 4825 4960 5242 5314 5503 5678 5872 6093 6283 6340 6567 6699 6809 6931 7155 7280 7473 7574 7666 7818 7987 8062 8224 8290
2 1265 3274 4290 5307 5671 6859 7133 7818 8149 8579 9372 9773 9879 10484 10793 11085 11468 11751 12225 12567 12725 13078 13375 13705 14091 14400 14571 14838 15131 15263 15661 15925 16060 16312 16714
3 3499 5532 6518 8139 8570 9525 11063 11321 12252 12924 13576 14574 14819 15669 16167 16595 17327 17554 18347 18898 19068 19507 20214 20776 21196 21424 21857 22362 22458 23121 23446 23675 24120 24556 24768
4 2530 7960 9364 10400 12080 12974 14288 15305 16434 17636 18728 18898 19629 21060 21317 22443 22712 23813 24120 24980 25349 26448 26761 27597 28273 28588 29087 29394 30368 30693 31231 31970 32130 32673 33447
5 6164 8062 10296 13964 15330 16523 17776 19596 20664 21354 23087 23979 25357 25632 27037 27568 28320 29513 30364 31528 31890 33076 33332 34438 34713 35511 36497 37363 37842 38105 39217 39787 40571 40645 41653
6 6462 10530 13735 14940 17595 20646 22321 22768 25028 26373 27574 28650 30571 30618 31862 33320 34572 35150 36060 37566 38193 39014 40088 41064 42137 42663 43779 44723 45347 46118 46661 47835 48507 48833 49579
7 9800 12285 15962 18200 21553 23301 24848 26526 28209 30092 32623 33775 35307 37014 38084 38874 39795 41032 42395 43760 45018 45538 47435 47887 49060 49695 50478 52215 52514 53986 54366 55877 56227 57536 58348
8 10369 13764 16933 20112 23020 27667 29762 30061 33828 35454 36133 38367 40666 41815 42753 43993 46040 47491 48053 49677 50698 51969 53618 54306 55495 57556 58635 59178 59867 61157 62666 63920 64359 65189 66741
9 10022 12980 20914 24217 27769 29412 33336 35547 36977 39763 40690 42974 44274 46173 48198 50592 52138 53609 54150 56492 57487 58687 60775 61701 63205 64399 65050 67061 68091 68849 70614 71117 72045 73822 74716
10 12806 16125 21633 28000 30659 32435 36332 38730 42048 43955 45033 48291 49960 52077 53292 56285 57862 58788 60992 62000 64591 65422 66573 68088 70597 71498 72194 73648 74887 76577 77846 79196 81093 82341 82511
11 12638 18142 23490 30165 31805 35542 40626 42031 44601 46979 51123 53302 54381 56305 59685 61087 62303 65559 67055 68413 70159 72700 72999 75796 76527 77937 80383 81311 83397 84750 86362 87531 88603 90655 91399
12 15738 20080 28296 30829 37489 40374 43664 45915 49652 51474 55252 57349 60383 61376 65066 66554 68389 71236 73504 75094 76424 78945 80677 83104 83588 85563 86533 89091 90152 92641 94336 95669 97370 98078 99419
13 14001 19630 27516 34688 37946 41356 45999 50817 53030 57141 58889 61472 64948 66592 69279 72800 73860 75936 78948 81268 83200 84530 87709 88515 90702 92766 94534 95565 98044 99176 101166 102856 104260 107138 107673
14 16800 20384 28000 35528 39894 46937 50010 53200 56834 60314 64034 67723 70279 72476 74556 77444 79295 82350 86165 86393 89512 90903 92950 95652 98678 99232 102190 103031 106179 106804 108948 110768 113114 115243 116326
15 16971 26665 31321 39799 42532 48280 54332 56445 60374 64761 69971 73301 74820 78230 79656 84000 85118 88028 90050 94631 96979 98818 100265 103228 104657 106532 110104 111162 112370 115646 117000 118680 120897 122229 124165
16 18102 26581 33255 43759 49883 52776 57954 61885 64240 67958 74705 75726 79293 82334 85865 88218 93240 94981 97901 98942 101999 104430 107379 109784 111909 114888 117096 118357 120882 122188 124183 126187 128599 131239 133022
17 17991 28850 41082 46494 50085 54718 63152 66365 68170 75492 77904 80602 86416 86683 90084 93978 96347 99592 103071 106491 108853 110905 114090 117288 119000 121785 124692 126350 127851 131065 133469 135404 136636 139359 141008
18 20680 27885 41361 49623 53880 56921 63077 71910 73953 76875 83034 85344 88182 94564 95790 100543 102331 105634 109726 111193 115761 117924 119778 123664 125123 128596 130298 132419 134700 137084 140631 142825 145833 147248 150384
19 16122 37618 42485 51686 56746 61508 67550 71698 78890 84374 86653 92458 94772 98434 101183 106671 108749 112982 115197 119685 121600 124939 127965 130479 133217 136747 137589 139673 144400 145248 148395 150760 153607 154637 158009
20 17436 28566 44362 52000 59867 63372 71218 76315 82849 86348 89889 97077 97980 103923 109325 110779 115516 117915 120532 124643 128872 131818 134343 138275 140285 143944 146915 149399 151156 154247 157379 157480 161592 164244 165699
21 13930 33071 44844 55877 65606 67853 78237 80679 85251 92591 97870 99833 103817 110405 111439 117074 120855 124096 126976 130741 135250 138981 139551 143108 146218 150674 153170 154717 158324 160372 163531 166629 169047 170708 175397
22 23283 32032 44655 57031 67163 73626 76590 85206 92295 97795 101867 105875 111138 112437 118228 121698 127600 130154 132877 138792 139557 145599 147712 151209 152547 155812 161187 161786 166910 169329 171938 175173 178023 178783 183116
23 14546 39032 46458 61544 67135 73023 82800 89671 97037 100991 105600 111828 116099 120218 122225 128141 131080 134898 141183 145392 146912 151311 155314 157747 160143 165216 168136 171562 173585 176427 178276 182035 186343 189216 189997
24 31108 45537 49185 63134 68389 76349 86932 95035 100342 101936 110608 114900 117967 123873 129511 133540 136442 142472 147087 147946 155390 156718 159632 166138 169162 171327 174657 176690 181641 185407 188732 191459 193315 196155 199243
25 25000 46368 53852 68920 77460 80000 89722 97340 104283 109772 112138 120000 122474 130671 136657 137022 143614 146629 152069 154677 161555 163478 169115 172916 175926 180000 182277 185000 190197 190460 194936 198620 201804 205852 206398
26 32055 46510 57671 73170 79204 84650 94319 101233 109324 113331 117317 126842 131859 137382 138167 145600 147445 153554 159514 162869 166481 169619 174646 177943 183111 184948 189925 194079 197600 198351 202867 207610 209296 213643 217283
27 17910 52909 65472 71639 80277 86569 100155 105542 109741 119656 122307 129825 135431 140192 143583 150038 152926 158819 163076 168788 174730 178445 180638 183521 189616 192137 195223 200601 204203 207180 211842 213283 216000 220476 223432
28 36722 49140 64339 70835 83813 94870 100019 107572 117333 120498 128067 136369 138988 142882 148585 157697 161626 167439 171784 176200 179025 183352 187495 191222 196240 200352 204304 208708 212874 216090 217032 221890 224140 227680 233057
29 28414 55632 61381 72674 82433 92800 107574 110961 122214 127204 134905 139803 142543 150017 153563 161257 167096 173419 178014 179238 183779 188834 194105 197456 201920 208961 210884 216628 217635 221162 227682 228861 234954 235740 240822
30 36497 51614 61188 79825 86533 100040 110145 118794 126143 129800 138521 144250 149640 157493 163878 166817 172232 177381 184152 186965 189832 194607 200529 204441 211026 216083 219226 223857 227209 231292 235839 239625 242462 246000 249054
;

param:	cost_bundl	marginal	:=
1 10 34
2 50 61
3 100 103
4 150 156
5 200 241
6 250 270
7 300 322
8 350 379
9 400 431
10 450 480
11 500 517
12 550 572
13 600 645
14 650 654
15 700 700
16 750 795
17 800 801
18 850 866
19 900 938
20 950 951
21 1000 1004
22 1050 1087
23 1100 1139
24 1150 1159
25 1200 1212
26 1250 1259
27 1300 1313
28 1350 1359
29 1400 1405
30 1450 1453
31 1500 1504
32 1550 1578
33 1600 1611
34 1650 1698
35 1700 1748
;