param num_bundles := 35;

param num_cust := 30;

param price_reserve :
   1 2 3 4 5 6 7 8 9 10 11 12 13 14 15 16 17 18 19 20 21 22 23 24 25 26 27 28 29 30 31 32 33 34 35  :=
1 775 1428 2236 2561 3085 3311 3510 3929 4233 4405 4583 4746 4911 5099 5322 5528 5776 5831 6017 6181 6378 6554 6660 6873 6971 7175 7305 7370 7584 7624 7826 7957 8015 8158 8275
2 2498 3688 4176 5367 6299 6835 7065 7611 8333 8598 8971 9406 10182 10492 10881 11157 11572 11689 12198 12335 12812 13078 13523 13612 14046 14238 14582 14961 15216 15425 15636 15804 16125 16307 16666
3 3934 4948 6148 8249 9334 9637 10965 11289 12060 13132 13852 14574 15155 15623 16111 16573 17118 17930 18139 18648 19068 19691 20160 20584 21060 21281 21758 22078 22792 22989 23354 23721 24239 24541 24970
4 5485 6548 8836 9895 11538 13266 14422 15284 16628 17195 17906 18898 20270 20692 21451 21967 22839 23488 24212 25018 25787 26009 26629 27153 28262 28566 29296 29437 30326 30839 31118 31668 32160 32965 33255
5 7000 9000 11000 12247 15395 16462 18083 19416 21000 21886 22891 23770 24920 25768 27313 27785 28931 29547 30496 31591 31654 33076 33853 34117 35214 35398 36661 37081 37670 38471 39141 39661 40311 40755 41605
6 4948 9675 12355 15646 18238 20400 21128 23207 24563 25709 27963 28296 30476 31338 32222 33125 34759 35006 36850 37814 38118 39473 39980 41029 41673 42443 44009 44368 45410 46398 46522 47259 48210 48848 50185
7 9699 9899 14482 19042 20718 23468 24887 26266 29665 30287 32473 33425 35611 36722 37826 38392 40139 40889 42140 43310 45083 45752 47082 47990 48639 49853 50633 51819 53089 53384 54869 55684 56436 57160 57723
8 5769 11648 18796 21166 23186 25298 27897 31678 32712 35018 36310 37964 39192 42120 43672 44628 46151 47085 48872 50495 51050 52751 53570 54306 55771 57064 58526 59802 60589 61782 62318 63458 64419 65209 66260
9 11096 17076 18706 23744 26819 29136 31436 34058 36090 39885 40450 42748 45144 47179 48965 50688 51607 52970 54448 55829 57992 58521 59970 62198 62665 63665 65323 66430 68163 68872 69946 71549 72828 74194 74564
10 7746 14283 21541 27129 28284 33226 34814 39497 42332 43128 44811 47749 49920 51459 53703 56462 57131 58686 60663 62450 63750 64931 66693 69080 69311 71498 72553 73675 74967 76551 78664 79272 80449 81902 82898
11 14593 19922 24987 29680 31729 37075 39783 41510 44055 48947 50456 52478 55263 56733 59359 61087 63420 65263 67271 68165 70914 71288 74215 75252 76590 78771 79900 81400 82844 84779 86222 87143 88957 90200 91054
12 16100 23759 24593 30641 34195 38624 42188 45600 50343 52745 56080 57949 59952 63180 64488 65814 67967 70054 73190 74206 76725 78653 80641 82128 84240 84955 87789 88638 90915 92236 93446 94944 97252 98371 99390
13 17246 25073 28718 35172 39087 43816 48223 51935 52065 56606 59856 63047 65621 68098 70488 72939 73860 77128 78647 80180 83565 85286 88055 89766 91777 92620 93960 96200 98800 99516 101467 103446 105099 106091 108361
14 11545 21324 31179 39200 42556 46179 51095 55154 57451 60184 65187 66849 69607 73550 76271 77343 81537 81729 86074 88011 89775 92400 94870 94953 98519 100019 102114 103751 106253 107134 110165 110378 112767 113771 116528
15 11225 26495 34073 40804 43058 48000 54083 56604 62426 63710 68411 70930 75299 77188 79881 82158 86012 89699 90349 93193 95530 98133 99770 101956 105981 108042 108871 112129 112370 114355 117269 118642 121491 122744 124672
16 14664 27341 38400 41968 46040 54869 58570 60800 65502 67882 73808 75251 80319 83752 87343 89142 92690 94927 96000 101092 102650 103889 107331 109270 112046 115156 116964 118400 121726 122940 125414 127439 128519 130142 133674
17 12722 26772 36933 43007 52892 54612 62323 67659 71964 74645 79519 83213 83560 87612 92052 93670 96945 100746 104629 105674 108054 112509 113531 117534 119291 120352 123902 125984 127443 130933 132382 135446 137857 138652 141825
18 24942 25456 40410 44675 55887 57600 62871 68589 74825 78708 82722 88035 89928 92416 95315 100478 103590 106124 109549 113728 116320 117263 121497 123821 124760 127686 131536 133054 136183 139148 141549 143640 144449 147688 149172
19 25206 27924 38000 53064 54142 62093 66037 74464 79346 82906 87152 89441 96583 97253 103161 104690 109675 112598 115697 118106 122546 125515 127795 131196 133650 136906 137589 141674 143598 146189 147859 150712 152142 155475 158419
20 21166 28844 44000 53066 58241 67409 69628 78689 81976 85041 92174 95247 101035 101980 108738 112143 116344 118389 121918 125156 126744 132303 134224 137521 140114 141591 145162 147458 150625 154039 157022 159349 161196 164390 166565
21 24490 40503 50922 57280 60573 67983 77672 81007 84836 91054 94102 101671 106584 108795 114252 115557 119313 123597 127945 129453 134924 136484 140371 142985 145916 150557 151898 156531 159600 161850 165034 165674 169879 172507 173323
22 23695 38860 47185 60169 65559 74929 80533 87890 91980 98190 102625 105783 109736 113891 120338 123592 127827 129930 132512 135974 141349 143658 148756 150889 153181 155750 160705 164339 166329 169157 172949 173284 176000 179701 182852
23 26425 38760 52448 59088 65862 78739 84695 87883 92344 99087 105098 110783 114539 120920 125556 129782 132605 137231 139676 144003 145901 152148 154905 157680 161394 163024 166936 170076 174254 175766 179341 181102 184975 187136 189663
24 19200 47030 57199 61844 71357 77099 87723 92952 99303 105709 107439 116097 120575 122659 130662 133281 135934 143519 144160 149649 154124 158763 160782 166138 166485 171327 173465 178247 179920 185096 187507 191459 193494 197326 198954
25 33541 36742 61033 70534 73993 80777 91378 99121 102103 110114 112250 118954 122882 128062 135462 139463 142215 147902 151740 154353 160390 162404 167108 172119 173494 177271 182346 184594 190132 192419 194358 199499 202299 204512 208447
26 36400 46219 52259 64530 79204 88094 95883 100698 110186 113093 121172 123712 131859 133692 139143 145042 147445 155479 159344 163449 166806 170176 175032 176800 182297 185531 187921 194149 197326 198828 203399 206827 210070 213010 215659
27 24746 53457 61332 66136 83831 92748 100155 101025 111977 115186 125717 129375 136183 140192 146498 148279 154349 161278 165561 167661 174563 177708 179748 185417 187839 193121 195149 200019 204203 207180 209629 213078 216472 221005 224928
28 29632 55437 63604 70168 83438 93538 101575 110591 118397 123961 128434 134283 142002 145061 150368 153567 159182 165745 168187 176200 180421 185647 187830 193666 197276 198148 202995 209158 210503 214195 218400 220899 226021 228985 232855
29 38033 44171 70321 79947 87961 91889 107730 109434 121523 123854 131751 138108 142897 151023 157564 159051 165376 170287 174386 180733 186324 189546 192975 199742 201420 205553 211203 215070 217481 220857 224932 229302 234810 238365 239140
30 25456 54991 65177 80498 90000 96187 106995 113049 120150 127984 135366 146233 151908 158632 162555 166493 174000 177786 182975 185418 189926 195990 201514 206194 208624 212725 216416 222000 225619 231448 233769 237891 242240 246293 248185
;

param:	cost_bundl	marginal	:=
1 10 42
2 50 58
3 100 121
4 150 168
5 200 239
6 250 270
7 300 324
8 350 370
9 400 439
10 450 499
11 500 539
12 550 567
13 600 615
14 650 665
15 700 749
16 750 798
17 800 838
18 850 884
19 900 930
20 950 994
21 1000 1020
22 1050 1061
23 1100 1119
24 1150 1181
25 1200 1203
26 1250 1254
27 1300 1345
28 1350 1386
29 1400 1428
30 1450 1466
31 1500 1524
32 1550 1579
33 1600 1633
34 1650 1696
35 1700 1725
;