param num_bundles := 35;

param num_cust := 30;

param price_reserve :
   1 2 3 4 5 6 7 8 9 10 11 12 13 14 15 16 17 18 19 20 21 22 23 24 25 26 27 28 29 30 31 32 33 34 35  :=
1 1183 1497 2135 2538 3059 3412 3677 3980 4074 4317 4552 4833 4984 5208 5459 5625 5769 5970 6027 6177 6334 6603 6776 6861 6971 7096 7275 7400 7499 7697 7856 7937 8119 8190 8364
2 2466 3200 4214 5044 6145 6657 7155 7930 8207 8709 8962 9491 10174 10392 10711 11229 11349 11953 12198 12541 12943 13224 13464 13606 14046 14361 14527 14805 15047 15440 15492 15980 16060 16385 16536
3 3650 5020 6321 8050 9334 10270 11080 11910 12090 13090 13590 14450 14976 15531 16189 16508 16992 17575 18238 18513 19040 19809 19918 20759 21043 21517 21873 22297 22570 23137 23454 23789 24037 24629 24855
4 4525 6197 9567 10056 11426 13833 14333 15533 16666 17436 18348 19133 20223 20953 21241 21967 22712 23515 24449 25108 25675 26254 27070 27364 28114 28700 29142 29416 29944 30641 30984 31506 32249 32683 33207
5 6633 9592 10296 12530 15033 15906 18385 19365 20322 21726 22450 24187 25120 26115 27000 27785 29120 29445 30676 31257 32078 32419 33630 34073 34771 35707 36152 36932 37430 38341 39256 39472 40311 40927 41785
6 7589 11128 12812 16366 17348 19461 20819 23331 24179 26373 27047 29271 29589 31499 32199 33320 34446 35799 36100 37776 38212 39290 39962 40765 41587 43033 43499 44707 45219 45915 46831 47895 48611 48906 49869
7 7668 10192 16916 17374 22092 22962 24729 26526 29300 30800 32261 32833 34492 36588 38033 39300 39795 41175 42209 43174 44975 45902 47414 48335 48759 49656 51018 52027 52458 53512 54528 55384 56418 57092 57994
8 8000 12900 17889 20112 22627 26388 28352 31799 33447 34798 36800 37761 40064 41384 43672 43934 45984 47464 48951 50520 51325 52337 53832 54682 56365 57422 57910 59027 60737 61906 62338 63760 64795 65911 66741
9 12471 16693 19134 24082 25709 29850 31384 34810 38099 38480 40690 43573 45572 46592 48433 50528 52045 53366 54180 55596 58048 59427 60401 61596 63563 64248 65718 66210 67972 68731 69714 71435 72000 74172 74716
10 8246 19698 22627 26458 30725 31686 35384 39900 41376 43081 46476 48208 50319 52650 53554 55498 58034 58378 60828 62706 63246 65939 66693 68586 69455 71218 72581 74726 75842 76890 78358 79875 80050 81584 83042
11 8521 20755 26492 29680 31957 35813 38735 42261 46409 47287 49488 53302 55220 56305 58950 60330 62458 65077 66729 69396 70366 71796 73659 75123 77657 78679 80232 81874 83252 84062 86474 86837 88055 90575 91822
12 11257 19498 27678 33255 34696 41081 44449 46908 50457 52963 54676 57949 60144 62951 64933 67200 69143 71800 72558 74129 77398 79309 79888 82163 83691 85124 86699 89317 90375 91672 94030 95820 96030 97783 99100
13 8623 21753 27516 32055 39772 42405 47303 49400 53977 57022 58889 62724 65981 67199 70728 71204 73677 77435 78130 82096 82383 85128 87516 88247 91334 92948 94104 97248 98182 99039 100865 103119 104032 105708 107390
14 15590 24729 31802 37357 39894 47352 50633 52682 58062 59595 62797 67896 70000 73176 75236 78300 81007 82541 85572 86302 89337 90860 92992 96874 98319 100722 102114 102955 106326 107427 108768 110556 112524 115243 116124
15 17234 23238 31890 41024 45695 48280 55073 57472 62426 65315 67082 73239 74155 76720 80777 84374 86325 88080 90846 94583 96701 98362 100891 102088 104441 107750 108333 111526 112410 115451 116769 118453 120075 123475 125032
16 13576 24787 36626 41229 50190 54022 58831 61802 65814 70690 74292 76733 80000 82520 85805 88681 92745 94819 98214 100940 103048 106084 107950 109970 111266 114039 117096 117880 121263 122606 123977 126592 129194 131745 132597
17 17000 30788 39941 45489 51226 53759 62137 64331 68339 75185 76102 81458 83560 88531 92052 94224 97598 100286 104740 106979 107679 111217 114596 117189 118611 121642 123902 126761 129245 130712 131725 135830 136000 138485 142070
18 21898 28117 42290 44384 56578 59591 64700 69621 74825 80418 84274 84810 88768 94358 96933 100284 103840 106854 110843 112179 113956 116709 119615 122400 126564 127939 130049 132321 135419 137885 141503 142734 145299 148257 148694
19 23731 33561 39308 53336 58004 60681 66906 72897 77598 81766 86653 90564 95304 97698 102318 106060 107682 111113 115447 117247 120646 124475 127286 130479 132129 135474 138687 141266 142589 145942 147907 150136 152664 156124 157092
20 16000 32741 48000 53963 60399 65238 72111 77253 81878 85884 89800 94910 101823 103846 107778 112071 115793 118051 121655 125603 128312 129615 133985 136059 141252 142997 145492 147024 150413 153049 157073 159950 161741 163658 167045
21 28486 34378 43242 55242 63279 67723 78012 80241 88599 89589 96600 98856 103306 110963 111280 115481 121655 124804 127392 131883 135901 137578 141122 142676 147360 149085 154032 155116 158658 162013 164659 167211 168890 171173 175196
22 29186 37594 46357 61913 65706 74541 78216 85206 88110 96900 102152 105049 111399 116330 116413 123514 124529 129930 132293 135760 141349 144733 146923 150117 154690 156494 159496 162622 165103 170013 171882 175228 178078 181257 181577
23 21576 33171 46458 63072 67292 75586 82800 88722 92687 97581 103065 112017 116644 121531 122484 127976 130757 134506 138306 144003 146552 149836 153188 156129 161328 164575 168073 171130 174133 176307 180282 181336 186740 187644 191495
24 26291 42392 53880 62768 68221 76650 86133 94549 99071 106685 108824 115798 122282 123221 130750 134999 137786 143840 147087 148645 152471 155982 160997 163271 169570 170991 174128 179021 182210 185158 188427 191279 194029 195449 199301
25 30000 39051 51720 64031 73655 81854 92736 95917 100747 106301 115542 118533 127083 131339 135554 137477 141686 149332 152315 156125 159217 164545 168745 172264 174642 180139 183507 184797 187417 190919 196596 197864 202237 204634 208926
26 31200 36770 62616 67999 75355 88094 91850 99210 109324 115809 118464 123054 131139 137382 139045 146249 147354 152050 159344 162120 165667 170493 176187 178095 181256 184655 188567 194009 195744 198147 204658 204856 208455 212692 217345
27 21600 41478 65915 68518 79363 86062 100155 106915 111716 115059 123730 128584 135324 141538 146100 148574 152830 157436 164589 167574 170934 175645 180799 185575 190690 191148 194849 199508 202914 207953 209768 214917 218016 222058 225575
28 39200 46853 57927 78600 82683 92358 98120 106988 113391 122049 129286 133346 138196 142992 151614 154076 160360 164224 171236 173871 180073 185562 188912 191058 194151 199410 204917 209008 210205 214049 219188 221536 226921 230078 232518
29 22463 53473 59149 76727 84449 92072 104077 108818 118297 129172 131878 137742 146500 152574 154655 160734 165783 172641 175252 180267 184053 191224 194538 197456 201085 208155 210565 216006 220705 220857 226942 231274 233949 236595 239140
30 22450 53666 71750 78460 93531 97673 107666 113208 122963 128546 134566 142997 151314 153675 161778 168855 173482 179198 184250 187446 193959 195714 201336 207759 207933 214998 216666 220862 224900 228867 234845 238344 242537 246439 250136
;

param:	cost_bundl	marginal	:=
1 10 44
2 50 80
3 100 129
4 150 155
5 200 217
6 250 283
7 300 307
8 350 379
9 400 422
10 450 477
11 500 520
12 550 572
13 600 604
14 650 679
15 700 746
16 750 773
17 800 820
18 850 870
19 900 912
20 950 975
21 1000 1037
22 1050 1079
23 1100 1119
24 1150 1153
25 1200 1235
26 1250 1274
27 1300 1328
28 1350 1379
29 1400 1421
30 1450 1458
31 1500 1530
32 1550 1569
33 1600 1606
34 1650 1668
35 1700 1734
;