param num_bundles := 35;

param num_cust := 30;

param price_reserve :
   1 2 3 4 5 6 7 8 9 10 11 12 13 14 15 16 17 18 19 20 21 22 23 24 25 26 27 28 29 30 31 32 33 34 35  :=
1 663 1587 2341 2653 3020 3175 3470 3970 4167 4294 4508 4720 4923 5126 5374 5600 5703 5963 6040 6210 6425 6579 6675 6861 6931 7082 7340 7373 7584 7658 7808 7952 8099 8195 8307
2 2154 3878 4157 5276 6248 6337 7167 7589 8119 8616 9304 9567 10103 10268 10918 11257 11545 11676 12192 12419 12844 13103 13547 13787 14125 14238 14516 14713 15047 15237 15672 15910 16164 16332 16589
3 2245 5532 6378 8117 9119 10253 10733 11353 12471 13186 13865 14500 15131 15367 16010 16497 17275 17718 18484 18859 19097 19864 20142 20776 21171 21247 22021 22426 22713 23036 23546 23842 24150 24578 24884
4 5600 7332 9191 10998 11314 13670 13948 15859 16356 16971 18608 19233 20207 20800 21644 22443 23048 23392 24080 25159 25836 26521 26916 27481 28068 28655 29252 29470 30019 30589 31159 31678 32447 32927 33159
5 6708 7280 10954 13784 14491 16492 18276 19519 20976 22338 23195 23791 24637 25690 26608 27946 28983 29967 30561 31337 31953 32665 33317 34366 35157 35651 36332 37189 37762 38393 39192 39383 40200 40902 41605
6 6681 11758 12238 15507 18474 20541 21996 23423 24416 25932 26913 28850 30096 30945 32110 33493 34924 35129 36909 37374 38475 39271 40534 40906 41604 42849 43499 44238 45267 45868 46522 47940 48507 49375 50085
7 8042 13282 14070 17146 21598 23718 24650 27255 28520 30800 31771 33687 35000 36668 38084 38392 39918 41860 42023 43827 44471 45838 47166 48051 49220 49912 51306 51629 52756 53604 54456 55561 56157 57075 58197
8 7155 11538 17233 22054 23186 25898 29285 30526 32000 35705 36415 38467 40000 41229 43466 44341 45481 47571 48636 49341 51325 51945 53522 55217 56387 57064 58679 59048 59888 61616 62768 63679 64000 65775 66047
9 8249 16595 20837 25071 27000 30066 32995 34764 37585 39106 41125 43611 44201 46173 48766 50368 51638 53336 54239 56492 57544 58410 60454 61306 63359 64071 65472 67133 67781 69271 70706 71003 72269 73624 74347
10 12961 19079 22181 25923 29799 32863 35609 37789 40890 43174 46776 47159 49840 51303 54148 56498 57758 59228 61221 61677 63498 64869 66513 68760 70342 72083 73130 74646 76079 76864 77511 79448 80150 81780 82825
11 12638 20163 26124 29434 32631 36083 38922 43669 44601 46928 51265 53393 54113 57915 59644 61364 63838 64140 67055 67916 70880 72165 73626 74606 76401 78371 80533 81726 83658 84464 86474 86754 89337 90200 90708
12 15920 23759 24710 33255 37871 38699 42663 47880 48951 52031 55252 56997 58837 63407 64756 66942 67967 70464 72993 74012 76800 78028 79960 82930 83277 86333 87559 89511 90566 91923 93815 95398 96449 97548 99158
13 10720 22666 31091 34296 40195 43116 45033 51346 52646 57082 59003 63421 65981 68049 69668 72334 74134 76601 79884 80768 83968 84690 86271 89124 91111 93311 94606 96900 97422 99753 101166 103348 104000 105708 107578
14 13717 20384 28140 38289 41342 46094 49060 52830 57656 62296 65546 68184 71056 73550 76168 76783 80326 83953 84836 87654 88985 90989 92950 96305 98876 100566 101922 104729 106031 107572 109487 110520 113010 114390 115549
15 14387 25981 32031 38419 46087 51701 52307 57472 63143 64692 69130 71687 76368 76603 79881 82813 85065 88843 92271 94154 97072 97257 101158 103576 104828 107624 108416 111848 113882 114983 116962 119737 120225 122597 124419
16 14664 25997 32634 42453 49883 53832 57333 61885 64399 70835 72124 77991 78579 82706 87226 88508 91130 93350 96479 100787 103296 104968 108328 110759 111496 113544 117227 118097 119776 122146 124018 126794 128240 131551 131978
17 21233 30411 40373 41641 51564 57600 63244 65312 71964 73553 79009 83144 85000 88335 91989 93608 97361 100918 104297 105564 107625 111217 113633 117288 118854 121547 124228 125109 129245 130402 133815 133988 136297 138527 140474
18 20991 32599 40249 48165 54834 57712 63691 68966 73953 79608 81776 84581 90931 93807 97931 100090 104772 107398 108419 112352 116598 118363 121923 123926 124708 129350 129950 133928 135897 139334 141641 143955 144718 148301 150556
19 25491 32244 39308 50556 58869 63245 68505 74948 78982 81589 86903 89924 94160 97476 103161 105719 109675 113365 117001 118533 121005 125342 127513 129032 133866 136112 138635 141725 142842 144999 148151 149992 153465 154497 157872
20 24331 39799 41183 49800 56991 68118 71218 79297 82462 87544 93467 94319 99840 102528 107331 112925 116344 119331 121260 124064 129430 131757 134402 137113 139542 142717 146697 148862 152053 154195 155126 158442 160798 164827 164924
21 16800 39399 43242 52290 59988 67593 75483 79468 85972 92971 97870 99212 106003 108552 111280 118124 118794 124521 129248 132749 134728 138600 141310 145371 147957 148789 153055 156193 159213 160756 164284 166152 169983 172558 174439
22 21556 34365 46773 57031 64366 73494 82199 85997 90280 96700 100239 105966 110000 113380 117242 122649 127524 129183 133676 138513 139140 142780 146857 149923 155002 158155 158766 163216 166678 169100 173005 174398 176878 179701 183010
23 24772 45538 50180 57638 69611 73023 84820 91423 92802 99619 103372 110974 115459 119512 122571 129374 130595 134348 139601 141856 146696 150400 152773 157479 162113 165792 166619 171685 173219 178098 179223 181569 184574 187644 191881
24 15920 41569 54939 59566 72796 77695 85192 92828 99651 102500 110608 114196 121147 122565 129511 132065 137199 142148 147322 149495 154870 157452 161354 163200 169638 171864 174260 176820 179920 182779 187262 191820 194089 195920 199359
25 20000 49497 53151 68191 77782 85147 87750 99499 103803 111131 113908 121552 126293 127867 136657 139463 141774 147986 153867 157083 160312 165000 166808 172554 175214 179234 180762 185809 189407 192614 196087 199562 201804 205426 207183
26 27516 51214 57905 70344 79545 88553 90814 101233 106948 112373 118692 125448 130312 135799 139434 144388 149268 154345 158664 162620 167534 172308 173090 179457 182593 184142 188997 191907 195260 199235 204658 206500 209167 213770 216222
27 35820 51795 55334 70820 81895 86905 98244 101025 112237 119899 123257 128923 136183 138834 146598 149747 156227 159002 165208 169219 174897 177954 181363 185103 189385 193272 197229 198702 202985 207180 209350 215527 216876 219415 222909
28 35418 52233 63850 76374 86029 91333 98439 109020 116663 124466 128434 136254 137969 147844 151924 157995 160360 166123 172240 176999 178674 184205 189492 191958 197037 198780 201989 207276 210578 213609 218185 220685 225951 229327 232316
29 20912 44551 65620 77599 90784 92619 102776 110047 120690 126142 133274 139803 146155 147872 155089 160210 165985 173516 175444 180547 184509 189012 194624 196859 202502 207831 211044 216939 218176 222980 227830 230545 233662 235811 241798
30 38884 57550 64622 82049 92952 102703 110145 117576 124708 132544 134164 143625 148916 153558 159537 165409 172128 179198 181692 188117 192281 198363 200978 205757 209914 212217 217246 222890 225699 229574 233923 238571 242981 244532 247532
;

param:	cost_bundl	marginal	:=
1 10 48
2 50 66
3 100 146
4 150 179
5 200 230
6 250 291
7 300 330
8 350 354
9 400 422
10 450 492
11 500 510
12 550 557
13 600 648
14 650 692
15 700 705
16 750 786
17 800 803
18 850 860
19 900 933
20 950 978
21 1000 1042
22 1050 1051
23 1100 1118
24 1150 1177
25 1200 1213
26 1250 1280
27 1300 1307
28 1350 1385
29 1400 1447
30 1450 1492
31 1500 1532
32 1550 1560
33 1600 1614
34 1650 1676
35 1700 1749
;