param num_bundles := 35;

param num_cust := 30;

param price_reserve :
   1 2 3 4 5 6 7 8 9 10 11 12 13 14 15 16 17 18 19 20 21 22 23 24 25 26 27 28 29 30 31 32 33 34 35  :=
1 800 1587 2433 2569 2905 3365 3487 3960 4079 4450 4494 4841 5083 5181 5374 5477 5790 5858 6158 6187 6366 6515 6672 6893 6931 7085 7272 7354 7566 7647 7861 7927 8072 8224 8331
2 2000 2993 4079 5028 6286 6621 7111 7568 8266 8890 9042 9483 10119 10477 10651 11085 11621 11993 12047 12490 12918 13109 13357 13804 13856 14238 14621 14902 15226 15305 15636 15778 16184 16312 16613
3 4200 5333 7048 7470 8485 9749 10683 11479 12384 12869 13852 14337 15285 15403 16233 16508 17431 17748 18030 18493 19368 19709 20329 20567 20811 21323 21947 22402 22689 22863 23261 23721 24135 24372 24898
4 4733 6093 8908 10431 11973 13624 14355 15471 16895 17380 18313 18965 20143 20892 21894 22585 23159 23651 24514 24658 25412 25972 27094 27282 27885 28756 28966 29815 30368 30901 31241 31910 32060 32663 33236
5 6245 8124 10954 12961 15395 17205 18520 19799 20445 22000 22605 24413 25120 26211 27019 27749 28337 29462 30166 31401 32125 32665 33853 34467 34886 35707 36674 36770 37947 38717 39000 39623 40546 41183 41761
6 3795 10111 14648 15036 18199 20187 21230 22705 25057 26208 26886 29098 30263 31681 32110 32951 34279 35960 36595 37297 38023 39727 40034 40818 42307 43033 43763 44723 45204 45977 46708 47396 48478 49039 49579
7 7408 11713 15715 17486 20860 22876 25739 27754 29566 29994 32653 33041 35638 35857 38033 39325 40090 41199 42000 44094 45322 46348 47062 48356 49259 49774 51076 52027 53274 53859 54258 55737 56696 57673 57791
8 5307 12185 18173 19596 24528 26388 28034 30358 32829 34092 37489 39094 40319 41074 43022 44427 46068 47571 48924 50470 51050 52751 53951 54682 55771 57644 58109 58788 60779 61926 62605 63599 64657 65522 66607
9 9353 17359 18179 24746 27769 29577 33530 34010 38014 38940 41867 42596 45537 46067 48533 49883 50912 53366 54090 56061 57516 59127 60186 61727 62484 63868 65025 66697 68234 69551 70038 71231 72805 73822 74608
10 7211 14142 23749 27857 31559 34409 35721 39749 40100 42521 45122 48826 50636 51420 54516 56462 57619 59599 60133 61774 64405 65146 66753 68059 70285 71414 72388 74431 75047 76525 77795 79019 80994 82219 83090
11 13200 18407 23999 27566 32557 36747 38295 41393 44871 47998 51501 52201 55438 58123 58331 61757 63610 64816 66874 68271 69744 71762 73429 75058 77188 78030 79383 81874 83571 83831 85772 87448 88165 89527 91901
12 11257 22257 24475 32644 36948 40871 43730 46600 49302 52031 55148 57800 59518 62446 63679 66641 68600 71880 73895 74090 76800 79309 80068 81882 84171 85192 87031 88800 91168 91798 94030 95760 97133 98283 100342
13 12737 20962 30873 32785 38739 43116 48153 50416 54970 56186 58774 61692 65878 67249 70728 72053 74589 75936 78087 80264 82466 84610 88017 88629 91408 92474 94962 95954 97941 99652 102098 103184 104032 105772 107327
14 13133 26415 32291 35084 42832 44449 51629 54940 56000 62044 65066 67491 70279 73763 74240 76732 80375 82730 84093 87520 89029 90774 93664 95282 97197 99980 101304 103638 105214 108190 109666 110980 112837 114424 116764
15 18974 27166 32311 39799 43474 51264 52479 56763 62354 66948 69907 71435 74337 76544 81388 83732 85329 87926 91831 92806 96374 99045 101069 103793 104957 107499 109572 111929 113406 115295 116615 119361 120822 122192 124274
16 20984 29848 35054 40729 49677 51598 56704 60547 67047 68632 72971 75793 80447 82520 86400 88392 92690 94115 96373 100787 102650 103840 107807 108517 112183 114039 116614 118227 121642 122146 123935 126228 128399 131629 133713
17 17000 31162 39650 47478 48083 58099 60631 63880 68677 72524 77308 80459 84249 89505 92740 95321 98717 99475 103407 104905 109383 112303 113481 115949 119436 120688 122824 125109 127670 130003 132513 135190 137479 139483 140885
18 19718 35820 41361 50013 53880 62146 66770 70545 73426 77295 83034 86625 89567 94975 96195 101313 104772 107217 110550 113671 114806 118418 121763 122082 125536 127838 129850 133346 135992 137697 141228 143142 146188 147116 149606
19 18224 35647 38753 52928 57000 64600 67550 74851 77038 80700 84971 91595 95757 100323 100825 105788 107547 111632 115072 119564 121243 124475 128134 131251 132183 134458 139051 141521 144250 146485 148249 149654 153700 155754 156954
20 25612 36222 48332 51381 57689 65970 73321 74833 80399 84853 89532 96664 101509 105754 107182 112285 115100 119867 121721 126111 126744 132303 133267 135882 140342 142604 146479 147187 150413 152892 157175 158493 162382 163316 166805
21 22618 31709 47332 58800 60281 66408 77672 79134 88499 91537 96691 98499 103477 107736 113400 118645 122378 122738 126489 129861 134334 137386 141871 142862 146097 151025 152130 155286 157654 161904 163477 167527 169359 172200 173374
22 25656 38610 53528 60809 67594 69570 77470 85885 88220 93442 101487 104494 109559 112781 118064 122254 127372 131043 133386 135902 139210 144666 147515 152103 153874 158033 159436 163985 165571 167836 171431 174342 177315 179970 182109
23 23000 45305 53050 56899 71411 73312 84570 90493 97146 98337 104391 111164 117097 118266 123944 128553 132365 134506 139601 144955 147631 152148 153945 156468 159349 163930 166746 169390 173097 177264 178928 182209 186343 189104 191440
24 29976 35598 48715 65989 71679 80748 88247 91955 101597 105818 110817 116097 120956 123034 127539 134143 136442 140190 146930 151713 154274 155538 161426 164885 169025 171931 173333 178699 181831 183156 187692 191399 194385 195744 200109
25 28284 48477 52915 61847 78899 85147 87750 95394 101858 107471 115217 118216 125599 127475 133229 138654 141863 149750 150831 154677 161478 164317 166358 171391 173277 177764 182140 184932 187949 192159 195384 197737 202299 204695 208267
26 22062 44123 58138 70536 74815 83524 95459 102692 104777 113093 118350 124583 127797 136097 139434 146710 147995 154082 157381 160864 165013 170573 173714 179833 180508 186621 189354 193031 195191 199167 203996 204922 210391 213137 215910
27 18706 38184 65472 75213 76558 88567 98541 103025 110667 119290 123847 128584 135754 139776 147193 152640 153782 161097 164766 169821 171019 176060 180072 186124 188768 190919 195223 200383 204631 207531 209350 214578 217010 222058 225704
28 35857 39992 63109 71933 88367 95529 101266 109020 116528 124214 126590 134400 138536 147950 148162 156900 158985 166970 172331 176467 179287 185308 188995 190893 194796 199803 202531 207351 212947 216815 219831 220970 224420 227611 233057
29 34313 43789 63004 78461 87961 100124 101790 115564 121662 123037 129951 140283 147758 149118 157564 163329 168998 171762 175827 181476 184327 188656 192801 199068 203992 208800 212156 215772 219482 224558 225977 230180 232652 237941 242007
30 40249 46087 63214 75657 89398 98955 105811 112570 122082 127984 134164 140840 148553 158291 160325 167571 174207 176261 182581 188976 192000 195806 201604 204000 209657 215583 219390 221350 224900 229809 233538 239324 241644 243795 250280
;

param:	cost_bundl	marginal	:=
1 10 36
2 50 63
3 100 136
4 150 195
5 200 233
6 250 275
7 300 313
8 350 365
9 400 441
10 450 464
11 500 515
12 550 579
13 600 600
14 650 694
15 700 720
16 750 764
17 800 812
18 850 863
19 900 919
20 950 985
21 1000 1018
22 1050 1094
23 1100 1140
24 1150 1158
25 1200 1220
26 1250 1288
27 1300 1331
28 1350 1368
29 1400 1406
30 1450 1473
31 1500 1540
32 1550 1583
33 1600 1604
34 1650 1663
35 1700 1725
;