param num_bundles := 35;

param num_cust := 40;

param price_reserve :
   1 2 3 4 5 6 7 8 9 10 11 12 13 14 15 16 17 18 19 20 21 22 23 24 25 26 27 28 29 30 31 32 33 34 35  :=
1 825 1536 2182 2661 2871 3458 3622 3852 4214 4350 4660 4741 5024 5177 5459 5571 5678 5875 6109 6197 6387 6505 6720 6832 7034 7206 7302 7348 7510 7733 7759 7975 8057 8195 8350
2 1600 3774 4271 5075 5892 6681 7266 7725 8080 8773 9113 9773 9968 10206 10763 11300 11607 11778 12086 12528 12775 13109 13511 13822 13885 14344 14511 14773 15041 15388 15641 15859 16164 16434 16623
3 4025 4409 6573 7777 9353 10288 10866 11634 12700 13173 14058 14084 15108 15749 16233 16746 16992 17738 18149 18764 19359 19645 20267 20418 20811 21508 21633 22426 22594 23020 23477 23736 24037 24622 25028
4 4996 6197 9295 9992 12290 13694 13994 15859 16199 17781 18120 18965 19984 20969 21407 22599 23048 23542 24541 24839 25311 26095 26689 27586 28228 28352 28911 29901 30316 30777 31425 31860 32040 32634 33120
5 3606 8832 10198 13491 14933 16401 18520 18921 20100 21354 22672 23896 24960 26115 27111 28107 28775 29950 30199 31113 32016 32787 33808 34438 34914 35693 36304 37148 37895 38171 39281 39987 40237 41183 41677
6 7299 11819 14648 14795 17181 20294 21196 23145 25085 26427 27047 28650 30310 31407 31862 33621 33962 35456 36279 37374 38494 39216 40552 41378 42205 42646 43516 44351 45505 45993 46831 47305 48165 49009 50042
7 9073 10383 15464 18092 20336 23132 25662 27895 29132 30576 31771 33219 34691 35994 37225 39225 40552 41436 42556 43983 44316 45408 46874 48376 49180 50342 50865 51951 53292 53895 54330 55402 56592 57023 58549
8 8908 11426 16395 21703 25248 27620 28171 30358 33524 34613 35777 38633 40000 42059 42753 44914 46372 47545 48160 49574 51025 51969 53114 55264 55702 56952 57954 59480 60356 61031 62092 63880 64120 65385 66453
9 10949 16100 20914 23400 28117 30387 33336 35227 37971 38606 40849 42520 45537 46102 47658 49786 51450 52878 55069 55655 58132 59373 60427 62328 62639 64550 65124 67157 68329 69037 69876 71299 72471 73932 74543
10 7483 18868 22181 24658 30265 31749 37363 39446 41521 43081 45122 47833 49518 51498 53479 55534 57480 59565 61123 62386 63906 64838 67409 68993 70257 71610 72553 74189 75180 77356 78562 78740 80175 82438 82946
11 14921 16463 24597 27828 31499 35881 40626 41742 45461 48798 49974 53302 55044 56305 58580 60290 63152 64366 67271 69466 71050 72467 73757 74929 76843 78617 80623 81667 82375 84119 85234 87862 88521 90146 91611
12 13145 19200 28900 30641 33941 38475 43993 46661 49127 53180 55356 58345 59904 61750 65463 67243 69018 71840 72000 74709 76122 78359 79888 82478 83519 86300 87163 89124 91105 91704 94030 95156 97133 98078 100141
13 15815 24111 29416 35933 39087 43038 46145 50949 55032 56367 59913 63367 64320 66896 69425 71204 75400 76865 78303 81268 82874 85800 87940 88476 90926 92729 94641 95636 98148 99516 101500 102659 104680 106790 107767
14 13717 25662 33483 39399 40865 47518 50633 54366 58667 60314 62672 66496 68928 73603 75859 77747 79542 81825 85664 87295 90297 92017 94290 96833 97076 100839 101806 102879 105438 107682 109128 110874 113599 114868 115752
15 14071 27000 36373 38652 42849 50110 53160 56763 60075 65590 67350 73301 75776 77479 80833 84747 85802 89900 90598 92855 96747 97949 101114 101823 106024 106911 109531 110268 112290 115022 117576 118794 121120 122670 125176
16 18659 28800 32160 39322 46483 51400 57511 63679 66511 69004 74910 76130 80954 83446 85865 89371 92136 95519 96532 100482 102400 104724 108423 108941 112137 114621 117183 119519 119733 122397 124677 126915 128678 130299 132944
17 13168 26116 39358 42737 51339 55868 62969 66539 69096 73867 77606 79882 85947 89181 92615 93670 99068 99997 102283 107464 110015 110748 113328 116843 119194 120544 123435 124924 128617 129468 133772 135318 136890 140103 141784
18 24150 34342 39271 50013 54952 58604 66867 71003 72090 79363 84274 86400 89856 93114 98063 101696 102647 107639 108479 113671 116320 117042 121603 123192 126051 129550 130099 134459 135706 138073 141182 143955 145031 148257 149909
19 13164 27924 43160 48515 57253 64823 70786 74367 79255 80878 87647 90085 93776 98214 103371 105377 107682 112470 114820 119019 120227 123719 127399 131361 133000 134887 139258 142081 144500 145645 148735 149606 152522 156401 157597
20 26230 37947 46819 51536 57550 66332 74404 77356 80498 86994 89711 97406 98468 105376 107852 109690 115378 118929 120532 124258 128250 130966 132665 136646 138852 143052 144831 148216 150891 154764 157328 159047 161938 164146 165118
21 19700 31430 46957 55561 62579 72625 77216 83579 85354 93444 95683 99921 104157 107818 113322 118497 119608 122666 129316 129589 133147 137642 141435 144702 147539 150322 152188 154546 157206 160811 163369 166947 168000 171995 174944
22 18142 32631 48200 54956 66874 74150 76210 83368 92818 97000 101104 107237 111659 115579 118881 122807 125612 130599 132585 136684 140594 145533 147843 151784 154377 157726 159799 163926 166562 169386 172781 174453 177969 179432 183644
23 29811 38210 49115 58909 67135 78335 82544 86426 92000 98766 106498 112583 116644 117368 125218 127147 132125 134112 141557 144150 147774 150540 154494 158082 161917 164060 168764 171192 174254 175826 178572 183424 185945 187362 191218
24 15179 45537 49883 61470 71034 78433 87328 95760 98371 102500 111024 115500 119519 125444 130044 132327 138619 140600 146380 150647 152848 157012 160423 163129 169162 171193 173598 177275 180048 182779 188304 189281 194207 195567 198142
25 18708 44441 53619 62650 75993 80000 86747 93808 101489 108051 116404 121963 125698 132098 134722 139284 141421 148997 153379 154919 161168 164393 166658 169779 176210 179722 180555 184594 187617 193520 194422 197421 201618 204878 207846
26 36027 46510 56725 66795 74089 88400 90067 103479 108579 111406 121395 125340 128536 135400 141742 143165 147262 153730 156433 163283 164685 168980 172856 176647 182000 184215 190138 191625 196433 200857 202867 206696 208065 212756 216660
27 25897 47996 62974 71639 76938 93218 93842 107051 113528 116320 124435 131277 136397 141435 147490 147984 153402 158543 162449 167226 174396 177215 180072 184392 189462 194250 196192 201471 204131 205838 211153 214238 218283 221334 224214
28 30157 48497 66966 70613 86935 96833 99862 111579 114355 119583 126093 132520 137856 147207 149112 153873 162978 166876 171510 173238 178411 184630 187746 190070 194796 200038 205223 207654 211098 216090 216959 223299 225604 230418 233662
29 38908 49555 58577 80158 85832 95304 107418 111414 122351 128650 135651 141120 147073 150129 156277 163741 168500 171860 174675 181291 183779 192014 193150 197711 203000 206939 211442 213342 219099 223356 228051 231419 235168 238999 241937
30 31749 45299 67082 75895 90000 98772 105300 116962 125857 133761 136821 145986 149158 154726 159875 169281 174207 178292 180599 189262 190210 194422 202494 206281 211282 215917 218486 223616 225060 229574 233923 239625 241122 243721 248620
31 32216 61689 69595 76690 88336 105400 110562 122126 128566 136118 144740 151361 155372 160363 167859 174483 175582 183817 186103 193793 196844 204224 205724 210800 216645 221471 226618 231734 234373 237792 240125 246445 248387 255332 256683
32 23076 46593 68632 84906 96000 104381 116085 120245 131473 135765 149547 151316 162540 163545 171252 179428 185047 190501 193064 200454 205997 207975 215424 219661 223634 227808 233403 237577 239552 246794 250010 254153 259259 263413 265040
33 42773 60490 73494 81637 97448 110439 115264 124003 132330 146692 150068 160721 163008 174370 177465 181350 188534 194560 200079 208188 213048 214678 221764 227293 232410 235760 240515 242499 248357 254849 256213 263422 264495 271323 273084
34 22553 52673 81031 93237 104905 111735 126487 132731 140186 145844 156252 166148 170814 174695 181192 187340 195788 199415 204227 214173 218554 222226 229191 231000 239163 241376 246119 253249 256964 260627 267198 269524 275463 276719 281523
35 46433 52849 78575 86585 105233 114809 122650 134648 143969 149151 162816 165650 173170 182940 189000 196624 202032 208243 213815 221138 223343 229617 236140 241068 243395 251221 254323 257767 263408 270204 273448 276034 283219 287171 292245
36 31384 70912 82408 92766 105081 114975 127787 142734 148432 156755 162280 174442 177389 183988 191985 198098 206930 215640 216838 223432 231858 238145 242245 244164 250142 254558 262084 268725 272746 276052 279226 284833 291933 295726 297910
37 28660 62354 86298 95915 110753 126668 136850 144632 156103 157847 171162 178982 188519 194100 196065 204138 209696 218770 225305 232836 237608 243301 248204 256023 259000 263299 271793 275892 278657 286027 288600 292932 297936 303671 306810
38 50982 66255 87317 98214 117001 128528 132511 149703 159238 168918 176281 181766 186161 199491 203504 209931 215095 224554 233259 239128 240933 250915 252521 260958 266651 272542 276331 281918 286188 293364 295228 300753 307777 313172 316109
39 27020 55703 82915 109478 122338 123821 145088 152848 159089 167655 175976 185404 193748 206221 211033 220203 222539 231517 238507 244428 249600 253710 264166 268279 270987 278952 284031 291119 294960 299057 303900 309356 314911 320750 322641
40 47329 68819 91564 99277 118659 128748 145547 149880 168000 173989 183128 194155 198877 204274 215258 219818 231309 234879 244753 251460 258612 261687 269993 275739 277935 287444 288888 297725 301357 308908 314757 316481 323085 328974 329848
;

param:	cost_bundl	marginal	:=
1 10 40
2 50 78
3 100 117
4 150 192
5 200 239
6 250 268
7 300 302
8 350 356
9 400 435
10 450 450
11 500 507
12 550 593
13 600 601
14 650 681
15 700 722
16 750 786
17 800 815
18 850 868
19 900 919
20 950 961
21 1000 1038
22 1050 1058
23 1100 1136
24 1150 1185
25 1200 1221
26 1250 1276
27 1300 1329
28 1350 1390
29 1400 1407
30 1450 1474
31 1500 1531
32 1550 1568
33 1600 1604
34 1650 1652
35 1700 1723
;