param num_bundles := 35;

param num_cust := 40;

param price_reserve :
   1 2 3 4 5 6 7 8 9 10 11 12 13 14 15 16 17 18 19 20 21 22 23 24 25 26 27 28 29 30 31 32 33 34 35  :=
1 632 1908 2000 2706 3072 3353 3594 3789 4171 4317 4609 4800 4960 5235 5322 5571 5703 5838 6079 6274 6428 6579 6738 6902 7034 7116 7225 7392 7505 7658 7869 7960 8067 8183 8302
2 2771 3250 4382 5543 6197 6669 7462 7899 8168 8881 9261 9457 10127 10361 10785 11071 11503 11758 12152 12484 12812 12980 13488 13752 14131 14322 14478 14838 15189 15284 15636 15748 16080 16336 16628
3 3499 4800 7150 8357 9060 9950 10461 11773 12413 13322 13917 14287 15108 15863 16300 16671 16971 17758 18405 18697 19172 19754 20196 20347 20785 21433 21691 22159 22689 23028 23315 23955 24261 24519 24891
4 3666 7065 9191 9992 11454 12700 14945 15137 16159 17121 18260 19547 20080 21030 21496 22083 22992 23732 24331 25006 25336 26327 26809 27282 28068 28644 29065 29665 29976 30578 31077 31799 32447 32965 33024
5 5000 9899 10100 12689 15133 17117 18248 18735 20833 21517 22450 23516 24920 25788 27111 28000 28827 29275 30381 31512 31639 32802 33451 33956 34641 35930 36332 37229 37895 38131 39256 39509 40571 40939 41340
6 6119 10530 12471 14843 17839 20223 22289 23176 25085 25625 27885 29197 29662 30852 32289 33234 33984 35006 36693 37566 38587 39727 40676 40959 42017 43100 43267 44270 44916 46321 46785 47729 48626 49317 50042
7 8743 13788 15901 19500 20860 22180 25394 26784 28348 30672 32503 33775 34464 36373 37304 39449 40624 41175 42877 43939 44316 45838 47290 48214 48920 49734 51095 52271 53218 53950 54725 55912 56175 57673 58028
8 9051 13387 18313 22054 23351 26193 27713 31313 33024 35490 36869 38266 40761 41105 42903 44109 45424 47813 48846 50139 51722 51871 54046 55403 56455 57288 58109 59027 60229 61595 62829 63719 64180 65775 66221
9 11241 16885 21824 24082 27652 29136 33044 35910 37800 39641 41046 42520 44420 46592 48932 50110 50975 53001 55216 56378 57177 58438 59726 61094 63026 64650 65447 66332 67422 69551 69830 71481 72739 73866 75170
10 8246 18000 23749 27055 30854 33645 35270 39192 40249 44497 46476 48415 49071 52536 52953 55821 58241 59933 61449 62193 64436 66000 67112 68147 70029 72056 73103 73485 75127 76603 78613 79347 80200 81413 82970
11 10551 20871 25180 29186 33437 35200 39539 42716 46617 46773 51265 53664 54912 56219 59846 60809 63037 65002 66802 69501 70640 71627 73494 75412 77532 78587 79869 81400 83194 84349 86474 87282 89256 90521 91875
12 12471 23515 27885 30263 36239 40729 43400 45347 49419 51081 55926 58641 59421 63362 63634 67755 69517 71518 73661 74090 76198 79164 80176 82198 84717 86233 87427 89253 90662 92828 93692 95549 96568 98224 99910
13 14708 18385 27760 33499 39431 42245 45704 50550 53726 56546 60082 63527 64320 68049 68839 71865 73677 77522 78776 81060 83281 84370 87978 88285 90292 93311 94284 96270 98354 100125 102329 103967 105324 106600 107641
14 19196 25662 32533 38798 43377 47186 50710 54869 56210 60053 64400 67549 69268 71933 76014 78998 79935 83532 85892 86347 89337 91804 93998 94994 98080 99193 101613 103562 106179 107864 108480 111720 112384 115345 115549
15 12000 28302 35875 41893 44800 48000 53413 56445 63214 66204 67882 72560 74155 76955 81056 83355 85750 88028 92027 92855 96607 98453 99679 103836 105981 107708 108582 111122 112290 114708 117729 118491 120225 122707 123875
16 19984 24370 32160 39322 46372 55333 55977 60037 64240 68258 73530 77133 80256 82830 87460 88508 91242 95786 98267 99920 102700 105891 106132 108612 111817 114933 116041 117706 119904 122481 124718 127639 128080 130496 133713
17 12722 27200 39504 46618 52673 54080 61294 64600 71562 74023 78126 80817 85745 88335 91105 94407 96467 101261 102000 106762 109647 110277 113633 115850 118951 121357 122589 126121 127307 130845 133426 135957 137185 138276 141499
18 16497 31384 36000 47076 55771 57262 66478 70637 76113 79933 80740 87813 89712 94633 96598 99636 103088 106063 110256 112237 114183 117759 121337 122506 125381 127838 129800 133589 135897 138962 141595 142507 145299 147204 149389
19 24033 30637 43824 46850 54672 61037 67229 75236 77969 80878 88058 90245 95983 99456 102881 106128 108350 113237 114000 119745 120826 125573 128752 130313 132565 136059 138061 141470 143397 146386 148977 150184 153512 155243 157322
20 24000 37736 44900 54406 62738 66453 69513 79196 84380 89353 91826 94657 100558 104766 108812 110490 114612 118524 120067 124064 127248 129985 135588 138217 140456 142211 145602 149238 150944 152997 157175 159198 162185 164390 165360
21 16267 29698 48619 59099 61153 70405 77785 82624 87093 92113 94196 101062 103050 108552 113711 118348 119829 125509 128975 129929 135706 137962 141247 143846 146399 149558 153286 157093 158157 161249 164284 166788 168315 171841 173527
22 17041 38105 44219 58868 63152 74019 80653 84521 92505 93752 99366 106966 111138 114061 118474 121698 125226 130377 132585 137390 141143 145133 148561 150052 153559 156618 158705 162859 164809 168928 171205 175780 176823 179485 181577
23 31870 39302 49969 63739 70216 75726 80467 89552 95277 99726 106498 108271 116281 119777 123517 127396 131965 134663 138077 142896 148844 152495 153049 155994 161263 165344 167758 170820 173646 177025 178395 181918 184689 188600 189830
24 30735 34945 48000 66163 67882 80463 85865 94183 99071 104393 108080 114498 117967 122752 127539 131803 135934 140190 144160 149032 155093 158545 159415 162847 166830 172466 173731 177600 180176 183345 188854 190131 194859 195685 199243
25 32404 47958 61033 68374 74162 85147 90830 98615 102103 107703 113798 118638 123895 130192 136107 139642 144482 149583 152233 155322 159138 163707 168671 171318 174499 178676 180278 186682 187550 192743 194743 197167 201308 204206 208327
26 29416 43816 56963 69959 73539 83524 95883 103870 104519 115107 121618 124039 130726 134398 139240 143354 150441 152583 158919 164274 166887 171600 176187 178928 181851 184435 188352 191272 196640 201328 203930 206827 208779 211289 215910
27 33288 39313 62974 68305 83482 90036 95230 107051 114041 118554 123257 126871 132713 139671 146100 151200 156134 159734 164589 169735 171869 177215 180799 184471 189539 193649 196637 200165 205484 208163 212392 215392 218283 221466 223628
28 37981 50400 61854 75755 86574 90989 103713 104916 116663 118794 126714 134866 142112 145169 152439 154076 159182 167813 169764 174141 178499 184035 185815 193747 196240 199646 203458 206821 211470 214415 218974 222243 224000 230009 232383
29 25938 45669 66384 71507 88533 92255 108198 115564 119006 129562 133148 136393 147644 152022 157029 162710 166188 173031 178297 182031 184874 188923 192452 198645 202668 207750 209202 214051 219099 222148 227904 230764 232724 237941 239772
30 26833 47624 65727 80722 89599 96561 111445 116962 124563 127279 135366 143374 151433 157607 159537 168428 170024 177989 184543 189071 190021 195438 200798 204441 209313 212810 217908 223213 226733 229652 234231 239550 240599 244090 248330
31 29734 55454 70145 82018 88554 101688 108278 123534 129756 133552 139328 145799 152374 160961 165901 174814 178189 182453 190896 191699 198497 201381 207862 212073 217266 222510 226873 228981 232479 236577 241641 244409 249005 255557 256683
32 38930 63033 65267 89828 94278 107665 111771 123935 130848 139778 143822 150093 158973 163920 173273 179771 185490 188990 193910 197780 205499 209643 213131 219568 225276 227538 233929 238781 240405 245963 248449 254717 258468 262868 264267
33 37914 57915 78092 87807 97894 105806 120258 127808 138757 145050 147875 160721 166184 174120 179418 185036 186676 194112 202137 206718 211818 215992 218997 227005 232878 233905 240244 245623 248005 251840 257146 260177 266300 269875 275229
34 31895 56893 79009 92490 104020 109857 123902 130092 139690 145208 155659 164329 169455 176407 182210 188079 193292 203660 209038 213524 218766 223678 226961 232894 237124 241759 246213 249940 255159 262748 267543 270295 272510 276886 283487
35 45902 55118 73750 94953 110014 120025 130396 135915 141393 156368 160237 169885 177088 181055 191575 194997 199960 204802 211395 218799 224546 231635 233322 238000 246992 249852 254996 257957 262757 269931 275145 277539 281135 287256 291153
36 44964 62768 84581 99506 108479 120048 133151 137556 144000 159866 167777 174591 182999 188580 192255 199662 203647 211513 218505 226657 232416 233307 240958 245434 252924 257897 264055 268435 270839 277270 282732 286375 288450 295989 301112
37 43779 70592 74000 91233 111738 125582 138045 141377 152734 161279 167606 180202 186474 193394 197040 207464 210217 221259 224575 230828 236337 242964 245653 253659 258577 262048 269872 273199 279246 282172 288410 294702 297200 304571 306899
38 46850 69655 82207 106400 119926 124417 136800 149123 160322 161935 172304 183819 189238 194507 201221 211302 216966 225580 232888 237918 241412 248021 254345 262613 264912 272436 278931 281200 286289 289499 297567 299887 307119 311507 315377
39 30209 68445 92620 98044 113837 130984 142550 147789 164726 170711 177867 184087 197942 200841 212613 218261 227273 229802 239905 243430 252146 256453 263474 268506 273668 278843 282743 287861 293616 300680 304700 307284 312779 317892 322358
40 55426 62992 96333 104614 121326 130966 138564 156767 166277 173251 178885 192333 201911 207692 217476 220109 232689 237588 245275 248644 253235 260952 266173 271765 278625 286105 291863 295134 303684 305261 312819 316177 323481 326729 330817
;

param:	cost_bundl	marginal	:=
1 10 19
2 50 63
3 100 141
4 150 193
5 200 228
6 250 274
7 300 345
8 350 383
9 400 402
10 450 474
11 500 505
12 550 571
13 600 638
14 650 651
15 700 743
16 750 754
17 800 822
18 850 850
19 900 941
20 950 979
21 1000 1048
22 1050 1056
23 1100 1140
24 1150 1179
25 1200 1236
26 1250 1256
27 1300 1309
28 1350 1359
29 1400 1406
30 1450 1497
31 1500 1524
32 1550 1580
33 1600 1646
34 1650 1654
35 1700 1749
;