param num_bundles := 35;

param num_cust := 40;

param price_reserve :
   1 2 3 4 5 6 7 8 9 10 11 12 13 14 15 16 17 18 19 20 21 22 23 24 25 26 27 28 29 30 31 32 33 34 35  :=
1 632 1844 2145 2646 3143 3162 3555 3826 4030 4400 4508 4862 4919 5223 5355 5596 5824 5967 6129 6306 6412 6560 6756 6905 6994 7074 7236 7354 7529 7671 7826 7980 8119 8136 8297
2 2653 2884 4118 4964 5657 6917 7009 7990 8050 8827 9069 9406 10016 10507 10643 11107 11648 11751 12060 12445 12831 13242 13547 13635 13868 14210 14422 14956 15100 15258 15677 15814 16105 16307 16709
3 4157 5909 6573 7542 8736 10323 10783 11241 12657 13022 13878 14262 15143 15784 16267 16552 17255 17626 18415 18745 19068 19553 20035 20689 20991 21542 21675 22232 22594 22910 23253 23865 24254 24615 25085
4 4308 5987 8466 10940 11398 13291 14333 15179 16060 17618 18693 19432 19855 20969 21718 22141 22627 23933 24305 25248 25861 25960 26737 27317 27943 28744 29361 29448 30305 30974 31333 31516 32239 32790 33409
5 6481 7810 12166 12410 15716 17146 17464 18947 20025 21307 22361 23958 25259 25554 26514 27604 29069 29766 30282 31464 32047 32604 33793 34337 34728 35917 36139 36865 37483 38262 38974 39925 40410 41219 41713
6 7684 8570 12413 16928 17636 19237 21667 22546 24030 26779 27417 28675 30168 31338 31997 33212 34634 35960 36634 37604 38419 38977 39998 40800 42273 43183 43615 44384 45363 46040 47122 47593 48314 48833 49753
7 8964 12831 14208 19550 20906 23510 25278 26893 29132 31242 32473 33861 34378 36588 37929 39025 40528 40865 42117 43219 44515 45581 46978 47600 48880 50283 51114 51572 52978 53402 54725 55790 56609 56903 58264
8 5987 12496 18173 19920 23786 25550 27805 31149 32437 34945 36835 38367 39355 41815 43495 44743 45537 47003 48133 50088 50899 52533 53809 54869 56523 56704 58548 59845 60526 61657 62829 62992 64299 65483 66260
9 11940 17910 21972 22482 28174 31125 32300 34295 36492 39518 41983 43796 45608 47453 48600 49916 51607 53910 55187 56578 57006 58410 60828 61780 62846 64675 65940 66746 67710 68542 70315 71367 72381 73536 74911
10 13711 16733 22804 27350 31559 33287 36878 37470 41280 43818 45913 48662 49234 52877 53777 55172 57061 58686 60166 62960 63718 65818 66993 68440 69484 71077 72801 74162 75419 77305 78026 79599 80573 82073 83379
11 15082 21330 22863 30165 33219 35337 39783 43835 44219 47542 49488 53211 55176 56219 60048 61166 63152 64928 67522 69046 70537 71728 73264 74897 76305 77999 80413 81549 82346 85092 86586 87227 88055 90521 90708
12 13787 22127 27885 32995 36869 41361 42256 47578 49883 53397 56234 58690 60192 62951 63815 65902 68094 71115 72518 75209 76650 78469 79599 82408 83553 85158 87064 89317 89864 92236 94183 95790 97341 97607 99303
13 8222 22963 26259 35076 40945 43661 46944 50416 52195 55338 60307 62616 64687 67500 68888 71959 75445 76468 78990 81060 83847 85957 86662 89992 90366 92729 94891 95565 98286 100496 102230 102362 105099 106537 107767
14 16327 25662 32893 39200 41151 47435 52083 52607 56070 61025 63233 67723 71276 72638 75652 77848 81441 83297 84280 86935 89818 91676 93329 95447 98120 99430 101652 104467 105512 108081 109020 110378 112628 114252 116797
15 19900 28618 32311 40804 44294 50735 55317 57862 61262 65863 68608 70356 74277 78918 82104 83839 87000 87772 92369 93290 96421 97857 99950 103228 105342 107708 108457 110390 112810 114276 116769 118945 120710 123402 123766
16 18659 26388 37318 44456 45593 52092 55518 60716 66434 69669 73461 75047 80000 83752 87167 90283 91298 93951 97377 100990 102350 104870 106277 110481 112502 114397 115865 118443 120882 122104 124512 127157 128877 131122 133022
17 21771 29445 35982 47357 51899 58298 62693 67402 68677 73475 78569 82865 85000 86750 92302 95926 96646 99126 104408 106056 109065 110800 113072 115750 119533 120975 123294 126807 128302 131418 133599 134332 136212 139026 141008
18 20680 31997 38940 45962 51670 60775 64197 69992 75686 79771 82878 87666 91074 94152 95722 100928 104276 106368 109253 111251 116097 119344 121976 123559 126513 129250 132223 134024 135706 137932 141045 142871 144629 147028 149519
19 26327 37810 41453 47614 59479 64712 70069 72100 78707 82294 85648 91279 96133 100035 101254 106603 109740 113492 114316 119201 122310 124417 128359 131306 133650 135900 138009 140703 144300 146830 148686 151524 153465 155661 158693
20 21541 33226 48497 51691 62354 67764 70541 77253 83235 87453 90067 96582 101430 105451 109252 109545 114403 119599 121326 124386 126491 130415 135292 136176 139427 142380 145712 148432 149773 153310 155126 158594 161344 164292 165699
21 13930 40285 45235 53292 63972 68371 78012 82303 87396 90178 98230 99301 103306 109361 114791 116014 119902 122881 126628 130673 132882 136871 142057 142429 146519 150088 151666 156925 159600 162122 163638 165621 169151 172814 174237
22 29516 39600 45301 57705 63305 71627 77220 84292 88220 94061 102625 107688 108404 113124 117076 121140 126992 129108 132293 138233 141623 143186 146659 151593 153117 156123 160826 161965 166504 169842 170638 174231 176823 179701 182640
23 17212 35631 49969 57084 70667 76004 81512 89079 96709 100149 103984 108173 115367 121007 123259 126395 133162 134663 138000 142080 146479 150118 152703 158082 161263 164960 167253 171809 172362 175163 178632 181161 185717 188094 191163
24 28800 38699 51250 63134 74670 77546 88638 95760 101710 102837 108612 113893 122188 126451 127449 134400 139283 143519 146144 151713 152697 157817 162705 163904 168206 171125 175446 179343 180687 183030 188854 189281 193673 196741 199359
25 28284 43012 55227 67639 71589 81548 89443 95000 102103 110567 115000 118110 123592 128550 134722 141156 145430 149666 152643 154839 161400 164088 167631 172916 176564 178885 181108 186279 187350 190788 195064 197041 200312 205973 208387
26 23255 37135 55032 65156 76424 88858 93888 98113 105676 115576 121172 124692 127797 136889 142313 146249 150171 153642 157724 163862 166725 171600 172934 177334 181106 185823 188496 193451 197326 198078 203864 205186 210263 211736 214905
27 20914 53184 58907 69574 84868 91162 96749 101313 112107 118800 121710 128584 135646 140504 147094 150038 153971 161820 165208 170250 173810 176308 180234 184076 189077 192440 194775 200528 203702 205909 210392 214034 219083 220939 223302
28 23089 53126 58466 71496 82493 89425 103865 106547 117600 119189 130973 136599 138536 146566 148901 153669 158689 166312 171601 174231 178411 183352 187161 193666 194877 199803 204994 207276 212136 214634 217320 222455 225882 228024 231030
29 33318 43403 70560 80785 87000 94239 102284 109280 116000 127072 134029 137498 142661 151245 155197 159368 168200 173710 178014 181105 185872 192102 194538 199237 204074 208558 211760 213736 218638 224108 227461 229815 232000 238506 239351
30 20785 42426 62642 84000 88386 102528 110309 113208 122817 130629 139427 146479 148189 157150 162444 164536 172754 175647 184152 187350 189926 195714 198997 205757 208710 215750 220372 223616 225938 229417 235074 238118 242611 245707 250136
31 34520 51873 63228 77438 93000 101309 111772 115991 127213 132975 141110 151615 157582 160123 167285 172043 178189 183294 186825 191499 200328 205444 208416 212344 215221 222596 223974 230737 235518 238277 241561 247535 250468 252074 258771
32 33255 54682 69522 82953 91186 102998 111404 126552 131473 137115 144957 152798 159230 166769 170653 178168 184604 188990 194543 199018 204500 211491 216657 220591 225640 229331 232083 236454 243200 243957 249354 255680 259180 262556 266120
33 36150 61913 70159 88302 100528 109846 116766 130507 137178 140937 151081 158125 165000 169814 177833 183855 189456 195007 198878 208292 213661 217500 219791 228249 231094 234370 242410 245977 248357 253821 258329 263670 264824 268418 272525
34 34000 58099 74490 90723 106219 114394 119146 129557 141499 148981 156695 162205 168772 175224 184229 190279 196495 198718 206814 211019 215465 220764 230499 230800 235853 243664 247617 251784 254887 262924 264589 270722 272679 279380 282098
35 32078 60622 85159 92336 102879 118588 122450 139474 145492 151433 161152 167708 177226 179014 185995 194746 202396 206352 211743 219581 223781 231530 235204 238822 242790 250733 253647 259189 266184 269477 273000 277539 280874 286231 292077
36 25960 52417 74477 98459 104338 119615 128192 143278 151542 154423 163394 175627 181577 187200 193330 201729 203647 210284 218149 224127 229272 236726 241495 247956 250556 255372 263465 266886 273221 275394 283373 287910 288360 296602 300422
37 30511 61469 80043 95342 107999 118631 131753 145575 150204 162968 171162 178523 181413 193394 200347 207596 212033 220515 224819 231775 237377 244424 249633 254736 257728 262674 271288 274300 277179 283141 289925 292557 298579 304571 305558
38 28437 61273 80431 106671 118959 124881 134243 146189 152758 169260 175295 183819 193464 196721 206742 210343 215229 226347 231270 238282 246033 248021 256042 260071 263710 269023 277061 283654 284670 292180 298246 299887 306743 309927 315286
39 27020 73585 81434 109200 119062 126975 140833 153047 164356 166014 180415 190582 191378 203399 212899 220479 226065 227808 235942 240665 247274 255025 264050 265315 275551 278188 286272 290282 295475 299768 304100 310436 314428 321413 323958
40 30984 71554 92261 103073 122115 131697 143555 151578 166469 174723 180311 194484 199840 208921 216000 221847 230339 238931 243179 247742 253109 264847 270585 274459 278395 287889 293612 297187 302628 305680 314554 319900 322887 324962 332072
;

param:	cost_bundl	marginal	:=
1 10 39
2 50 78
3 100 108
4 150 175
5 200 218
6 250 275
7 300 301
8 350 367
9 400 401
10 450 474
11 500 519
12 550 584
13 600 601
14 650 678
15 700 740
16 750 773
17 800 807
18 850 893
19 900 927
20 950 997
21 1000 1034
22 1050 1077
23 1100 1119
24 1150 1164
25 1200 1205
26 1250 1253
27 1300 1303
28 1350 1369
29 1400 1406
30 1450 1457
31 1500 1543
32 1550 1573
33 1600 1616
34 1650 1668
35 1700 1722
;