param num_bundles := 35;

param num_cust := 40;

param price_reserve :
   1 2 3 4 5 6 7 8 9 10 11 12 13 14 15 16 17 18 19 20 21 22 23 24 25 26 27 28 29 30 31 32 33 34 35  :=
1 1265 1497 2425 2482 3130 3359 3611 3873 4205 4341 4648 4854 5048 5273 5352 5568 5828 5903 6079 6200 6478 6508 6747 6917 6977 7116 7211 7348 7582 7676 7841 7962 8104 8224 8261
2 1697 3510 4472 5367 5671 6776 7354 7777 8198 8560 9156 9675 10167 10315 10681 11243 11475 11682 12060 12560 12912 13218 13381 13629 14006 14322 14588 14924 15226 15430 15497 15880 16189 16346 16685
3 4200 5564 6735 8205 9315 10323 10767 11368 12208 13200 13943 14387 15238 15749 16044 16584 17055 17697 18425 18610 19331 19461 20294 20698 21205 21281 21947 22297 22832 23036 23323 23962 24231 24541 24999
4 4525 6974 9156 10793 12053 13576 13994 15052 16570 17083 18208 18965 19791 20938 21821 22371 22964 23853 24133 25184 25898 26034 26701 27423 27794 28386 28867 29405 30442 30662 31210 31920 32150 32604 32995
5 4359 9327 12042 12530 15000 16248 18083 19209 20174 21213 22428 24000 25259 26249 26683 27803 28844 29189 30000 31528 31922 32924 33377 34015 34799 35539 36592 37403 37523 38079 38781 39472 40087 40853 41593
6 7777 10866 14300 15829 18120 19681 22354 23698 24563 25765 26993 28800 30024 31635 32020 33792 34342 35699 36967 37277 38155 39271 39998 40941 42307 42714 43993 44286 45363 46258 46538 47729 48388 49083 49521
7 7000 10844 16506 18414 21232 23385 25853 26489 29433 29830 32109 33366 35056 36048 37800 39050 40672 41483 42256 44250 45062 45473 47373 48356 49398 49596 51287 51553 52700 54023 54348 55825 56157 57109 58197
8 8314 13856 16781 22457 23076 27481 27897 30316 32555 34908 36696 38666 40350 42211 43495 44196 45452 47571 48292 49806 51125 52921 53785 54518 56387 56997 57999 59781 60059 61699 62809 63760 64913 65032 66260
9 6490 17728 21600 25392 25897 29632 31384 33819 37326 39436 41204 42367 44201 46938 48466 49883 51166 53880 55128 55596 57233 59618 60642 61279 62354 64850 65940 66307 68281 69528 70752 71458 72493 73997 74716
10 12806 19596 24331 27276 28844 32619 36932 39799 41952 44181 45343 46904 50517 52574 53554 55172 56745 59565 60630 62706 63372 65757 67380 69022 70171 72028 72360 74297 75895 76603 78230 78994 80324 81902 82777
11 14758 17323 24100 29434 34082 37335 39416 42716 44817 47185 50839 52108 55351 56946 58414 60889 63572 64816 66802 68271 70193 72165 74215 74865 76874 77813 80353 80953 82668 84091 85659 87614 88384 90227 91479
12 9295 19498 24475 31840 33941 41500 42933 47275 48359 52636 56029 57800 59081 62354 64577 66337 69930 71236 73033 74940 76837 79273 79744 82093 84717 86066 86799 88638 91168 92672 93354 95338 96568 98429 99853
13 13000 25208 31308 36678 37498 44353 46219 50349 55093 55460 58716 61141 66236 67700 70584 73078 73539 76689 79460 80516 82997 85800 86467 88629 91555 93311 94463 97144 98526 99414 101233 102790 104938 106187 107861
14 18783 19799 31430 39499 43916 47186 49140 55366 58466 61217 62922 67491 69832 72260 74398 78450 81489 83673 85572 87966 89249 91505 94456 96346 97318 100644 102267 104392 106253 108335 109951 110839 112593 114252 116596
15 17234 25456 34728 40694 46087 48744 54166 57706 60745 66408 70228 73301 73729 76896 81994 84427 85855 89800 91488 94536 96654 97581 101158 103533 105556 107958 109572 110878 112410 114512 117843 119962 120859 123438 123802
16 21466 26388 37181 41105 48636 53737 58043 61968 64874 68707 74223 76198 81522 82768 87519 88160 91074 95840 96319 100584 101798 103938 106613 110713 111220 113228 115644 119348 121389 122062 124471 127639 128439 131161 133060
17 13600 28446 39063 44720 53651 54612 62508 66104 68677 73553 76178 81387 85610 87744 90148 94346 97776 100688 103407 107087 108800 110382 113175 116397 119967 121547 123528 125708 128482 131462 132120 135233 136000 138860 140638
18 11384 28346 41517 49753 51795 60024 67061 71094 72269 79852 83579 86625 90000 93461 97931 99896 102774 106915 108479 112064 116152 117484 119724 123086 124812 128948 131732 133443 135658 138822 140077 142371 146011 147292 149129
19 14717 32244 39673 52791 58377 63586 67870 73587 78523 80789 86403 92925 96433 99673 102881 107346 108483 111826 114883 118898 120586 125342 127172 129256 133271 135207 139414 140651 144650 146682 147516 150904 152805 156401 157184
20 23324 39598 41569 50120 58378 68118 73539 76837 83522 86902 90510 93979 99599 102294 108444 112000 113842 117847 120399 126174 129244 132242 133086 137463 139427 142492 146588 149506 151473 152420 157124 158442 161592 163316 166421
21 28794 34121 46009 58800 64248 72137 73350 81007 85766 89392 96691 99301 105335 111042 112463 118348 118942 123740 128906 131078 133742 137706 139867 144091 146097 150381 153113 155513 157262 160592 162828 167790 169412 170760 174034
22 27478 38105 53709 57705 66874 73626 80172 87116 92922 96399 99852 104587 108672 113209 119207 122807 126610 131412 133821 136896 140111 143524 146197 149341 152674 156803 160464 162025 164868 168813 172444 175339 176549 180615 182905
23 30858 42410 54622 62567 70366 75024 85689 88841 95166 98337 103167 110208 115459 121182 124200 128800 131080 134191 138993 142154 147487 152426 152565 158015 162569 164124 167316 170697 174618 176786 180868 181918 185660 187813 192267
24 30358 47275 57999 61657 71679 78872 87460 93199 99997 103507 108505 113893 120766 122940 129778 132153 136526 142310 147478 148412 154049 158400 161354 165722 166623 172533 174986 178441 179920 185220 187507 190494 194681 197384 198432
25 25981 36401 57663 68374 74666 81086 91924 97724 102103 107121 115758 118216 123592 130288 133510 136931 142829 147054 152069 157797 160078 165756 165831 170441 174284 178885 181039 186481 188149 190526 195576 198116 202052 204022 206458
26 34493 39942 63474 66185 79375 87168 92875 102823 108952 114400 121395 124475 129792 133388 139531 145135 149630 154257 156346 161870 165749 169300 172856 177943 180882 186476 190493 194358 197600 199980 203000 207219 209296 211736 216472
27 17910 45501 59889 68518 77316 92117 93686 104988 110403 114679 122426 131720 137355 137991 145500 152065 152735 159643 163612 167748 174145 176225 181443 185889 188459 191605 196415 198776 203989 205909 209420 213351 216270 220873 223367
28 25044 42279 66966 77596 83061 90989 97318 105809 118662 122178 129407 136943 138423 146352 151200 154888 162978 167439 171601 172694 177088 182495 189244 191549 195279 200508 202376 207200 211766 213609 217320 223018 225535 230486 233326
29 24607 52841 61381 75845 87000 98600 105681 109741 122626 125607 134405 138473 147416 151357 155954 163844 165275 169495 178108 182861 184327 188120 192801 199995 202253 208719 213027 216006 217790 223883 227608 230472 232072 237446 241311
30 38419 44497 71246 82922 92174 102000 106151 115879 124852 129244 136294 141478 152263 157264 161778 165843 172232 175955 182285 185224 194237 197545 200080 207065 209141 216250 216749 222971 224660 230512 235533 236373 240599 244311 249199
31 31614 56824 68761 84329 96449 98226 110039 122440 124927 133840 144075 148412 153755 159763 165669 172043 179586 182874 189481 191298 199752 202428 206749 214595 217266 221211 224916 231651 233634 236983 241402 245586 250237 251998 256908
32 38400 59351 69522 87049 93842 107474 113228 124101 133636 141670 147200 151045 158844 167992 170533 180226 186151 188121 196220 201270 202386 210909 213898 219381 224912 229866 235064 236627 239466 244208 248449 255760 257754 262556 264963
33 21890 54023 71084 89283 97671 110044 120076 124354 136382 147433 149195 160041 164471 168785 176357 183618 188765 195342 203104 208606 211715 217500 219295 227101 228726 237692 241510 243664 248444 252272 257485 261513 266790 269228 272765
34 45106 51339 70010 95443 101318 116992 124275 134633 138360 145049 154915 160197 172565 175487 181192 191248 195433 201606 205468 210910 216107 221496 227978 232198 239066 241184 249014 250587 254524 262307 263451 268061 272425 279049 284220
35 29698 50478 75392 95979 104298 112872 124040 139122 140350 154318 163716 164314 175559 181596 191447 195123 201182 208478 214159 219135 223562 227150 232269 238720 243898 252194 254804 257957 262850 268658 273717 277186 282786 288532 291993
36 32199 63589 78212 99766 103840 116542 127381 142916 146675 153581 163869 168855 180862 185391 191173 200827 207805 212369 220278 223316 227912 233529 240958 246067 251485 258298 261192 266011 271317 278390 280892 286737 288000 294936 297910
37 37000 65773 74000 97893 104652 127958 134428 141183 155224 162968 166294 176207 183514 192400 202387 205342 215491 219270 227362 232718 237031 242286 246765 255595 257516 265164 269770 273900 280322 285740 290303 294888 296277 301226 306185
38 44962 66690 89603 96433 116009 120646 139310 147956 159419 169260 169941 180969 186161 197746 206463 208550 216300 226857 231893 238039 242725 251605 256943 262503 266326 273706 275179 284163 286188 292279 298246 301232 307589 308713 313632
39 29185 59403 79161 106091 122835 129348 145088 147170 159852 170711 178380 185240 198402 202800 211465 215878 221306 231517 238379 241422 250452 255145 263589 265429 270200 280908 281557 289337 296605 297015 306987 309258 316453 317988 323112
40 38367 69282 84285 112570 114543 135056 141082 151367 161196 173251 184000 195469 196774 210447 213317 222711 229783 234196 244884 249928 258240 264484 265932 274809 278970 284197 291204 299119 300719 307142 312717 318094 324765 326239 332938
;

param:	cost_bundl	marginal	:=
1 10 47
2 50 63
3 100 111
4 150 184
5 200 230
6 250 266
7 300 333
8 350 359
9 400 439
10 450 479
11 500 517
12 550 563
13 600 631
14 650 687
15 700 702
16 750 797
17 800 815
18 850 863
19 900 945
20 950 955
21 1000 1005
22 1050 1059
23 1100 1140
24 1150 1169
25 1200 1227
26 1250 1260
27 1300 1323
28 1350 1396
29 1400 1449
30 1450 1487
31 1500 1543
32 1550 1568
33 1600 1643
34 1650 1686
35 1700 1742
;