param num_bundles := 35;

param num_cust := 40;

param price_reserve :
   1 2 3 4 5 6 7 8 9 10 11 12 13 14 15 16 17 18 19 20 21 22 23 24 25 26 27 28 29 30 31 32 33 34 35  :=
1 1265 1980 2307 2506 3111 3423 3736 3945 4152 4450 4543 4825 4936 5208 5340 5600 5667 5930 6017 6229 6450 6597 6636 6859 6991 7181 7305 7443 7542 7697 7761 7930 8047 8188 8263
2 1442 3919 4020 5470 6171 6859 7054 7568 8109 8626 9060 9567 10000 10354 10807 11100 11586 11906 12060 12598 12831 13017 13279 13839 13948 14383 14588 14940 14993 15263 15554 15975 16080 16263 16599
3 3059 5400 6841 8249 9295 9786 11177 11940 12238 12980 13537 14437 14795 15461 15875 16519 17338 17657 18070 18888 18983 19791 19963 20715 20828 21441 21783 22305 22490 23114 23392 23668 24343 24461 25021
4 4866 6597 8579 9928 12185 13434 14773 15094 16551 17362 18728 19366 19596 20506 21241 22199 23172 23920 24357 25222 25824 26266 26809 27341 28160 28577 28878 29568 30432 30516 31087 31638 32427 32907 33284
5 4000 7348 11314 12410 14799 16733 17889 18735 20149 21307 23216 23452 24779 25652 26833 27821 28478 29189 30381 30935 31749 32527 33867 34249 35185 35482 36497 36878 37630 38588 39128 39446 40472 40927 41545
6 8227 11510 13943 14892 17718 20008 22127 23637 25314 26098 27782 28321 30048 31315 32065 33277 34467 35779 36199 37547 38042 38977 40392 41483 41914 42949 43664 44140 45172 45836 46708 47910 48700 48892 50027
7 5048 10844 15901 17709 20906 23718 24490 27789 28140 30480 32017 33100 34662 36265 37955 39300 40016 40889 42070 44250 44690 45365 46538 48234 49299 50166 50497 52290 52663 54004 55029 55719 56279 57349 58499
8 6400 14838 16238 21226 25095 26388 29719 30104 33217 34539 35884 37897 39808 41661 42992 44080 45873 46648 48715 50011 51772 52117 54046 55008 56274 56839 58548 59845 59952 61241 62727 63498 64795 65834 65970
9 11665 16693 18793 22337 27885 29302 33239 34105 36889 39966 40370 44017 45608 47555 48567 50271 52262 53609 55099 56750 57006 59263 60481 62146 63257 64197 65025 66527 67710 68754 70820 71208 72493 73690 74673
10 10583 18111 24000 27055 30000 34293 35721 39395 41521 42568 45343 48456 50872 52000 53814 55281 57689 58549 60266 61677 64281 65818 66933 68293 70257 72083 73212 73865 75419 76263 78486 79347 81019 81363 82849
11 11641 16899 22863 30563 32183 37914 38672 43447 44000 48798 49292 53120 55438 57998 59400 60809 63305 65853 66693 68554 69848 72433 73396 75828 76654 77875 80533 81578 83368 84292 86362 87421 88521 89985 91584
12 8980 21466 24826 29394 33941 39290 41777 47457 49361 51250 54676 58690 61047 62492 63905 67840 69517 71518 73856 74748 76537 78028 80391 82093 84581 85158 87592 89027 91074 92142 94213 95398 96120 98838 99593
13 8222 19282 27269 36678 40279 42004 48012 50214 55093 57495 58428 61527 64896 67299 68937 71818 74316 76247 78346 81185 83767 84490 87709 88515 91037 92181 93744 95672 97630 99956 100865 102889 104906 106410 108080
14 11200 25509 32773 37981 39697 45495 49060 53274 59066 60832 63542 67607 68757 73015 74292 77848 80131 83766 84697 86710 88676 91804 94497 95323 97519 99980 102267 103259 106474 106915 108624 110236 112035 114561 115684
15 15000 25632 33000 42107 42953 51439 52650 57472 62426 63640 67149 71120 73973 76544 81333 83839 85329 88233 90300 93819 95200 97581 101602 103880 106024 108083 109613 111566 112730 114904 116383 119962 121157 121861 125032
16 20239 23296 38930 44341 46372 53066 56342 60884 65032 71339 72549 75793 78645 84422 84845 88623 93240 95572 97482 100431 103147 105987 107236 109784 111450 114218 116789 117706 119904 123023 124224 127519 129669 131667 132133
17 21233 30220 39941 45616 52121 54400 62877 63699 68845 74490 78052 80171 83560 89116 91232 93237 97598 100401 104408 105892 109541 112509 113481 116497 118513 120688 123762 126989 128572 131374 133252 135787 137648 138318 140638
18 22192 26454 41361 48433 54359 61306 66867 67734 74041 77963 81855 87518 88913 94496 95654 100155 103777 104957 110021 111309 115369 116709 120264 123349 126462 127889 131634 133879 135132 137932 140723 143865 145611 147732 148694
19 21158 36842 38378 46540 54275 61976 69135 75044 79981 83427 86903 89522 93622 97105 103650 104621 110069 111955 116630 118837 121956 124996 126203 130700 133920 135794 138947 141164 144050 145397 149558 150280 153559 156263 158009
20 20785 32000 45957 50279 62097 67052 72000 77769 82171 87361 90510 95666 98468 104919 106508 112143 116276 118929 123093 126301 127248 130476 133566 137637 138795 142660 146424 149292 150785 154764 155280 159248 161790 164390 165070
21 14549 36130 43445 59099 59988 71770 74897 82517 86890 92400 95035 102104 103647 110644 114175 116923 121583 123025 127945 131078 134071 138727 142243 143478 147718 150088 153745 156475 159710 162340 163477 167052 170191 171121 175297
22 27123 39600 47185 56690 67019 70674 77595 83252 89527 95491 100239 104772 107778 113551 116496 121936 125149 130747 132000 138023 141006 143118 147449 149471 153559 157481 161487 163394 165103 170127 173116 174564 177315 179378 182799
23 27981 43396 49330 59267 68693 73887 82416 90959 93029 99938 102859 112017 115551 118444 122657 126395 130351 137231 139828 142377 148060 149694 153533 158550 159614 163478 166047 170882 174436 177025 178572 181277 185318 187475 190997
24 28397 43466 57600 64040 69559 82861 89156 93323 100457 102724 110713 113487 117967 126633 130132 135084 139531 142553 146852 148568 151789 156792 159704 163904 168889 172800 173930 179086 182589 185220 186336 191218 193256 197501 200569
25 32016 47170 58310 64226 72973 85147 91652 98869 100623 110114 112583 117260 126689 127574 135647 138744 143265 146714 150748 154191 161941 162558 168077 170441 173925 180000 181039 184459 189803 192808 194615 198431 200998 204083 207304
26 35268 51214 53030 66389 78173 82874 94606 101500 107704 110431 120051 125016 131961 134196 138753 145042 148815 155218 157810 162536 167453 168980 174491 179758 182593 185531 189426 193031 196502 198419 203798 206369 209102 213517 217345
27 20914 43870 58160 74238 81000 87407 99278 101025 109475 119899 125019 127559 133151 141332 143685 150620 156227 159460 164057 168701 171530 178445 182565 186671 189077 190919 195373 200019 204346 207391 209280 214849 218149 221202 225640
28 31678 48173 58733 77798 88011 96671 100800 107134 117733 122690 127577 134750 140670 144084 152748 154787 163074 167158 168093 175754 179112 181633 186489 192773 194555 201833 204381 205757 209907 216018 219403 221253 225117 230758 233191
29 34800 44551 66384 78889 89666 92072 102448 115710 119851 125339 134280 137376 144535 148439 156170 160105 168699 171958 174290 180080 183870 191839 196174 197200 201169 206532 210005 213500 218021 223658 224708 230472 235168 238436 239562
30 32863 44091 69455 74940 86116 99860 109982 114473 122376 129800 136029 145986 149760 158177 162555 164536 172650 176771 181692 187830 190400 195898 199359 203558 209743 214998 219718 220454 227288 228788 234077 236905 243278 246146 248330
31 24012 59791 74141 81784 97045 103560 113139 120860 128865 134698 139328 151742 155989 160243 167170 170585 175800 182453 188055 193694 197818 201476 209520 213698 216823 220253 227127 228897 235192 237226 243385 245194 249545 255407 258548
32 30019 47893 67731 79422 96426 109550 115200 126875 135462 140217 143822 155060 158973 166030 171611 180339 184937 190393 192851 199430 203697 210617 212650 220684 223909 228973 232700 238781 242103 244208 248696 255439 258310 262946 266428
33 41217 62960 78648 86809 100311 106422 114886 123475 139071 145050 154220 158675 167489 168526 177955 184800 189800 196232 199425 207454 210787 218698 221862 227293 228726 236590 237966 246773 249669 255191 258160 263670 268012 271002 275229
34 34673 66972 81031 84111 106654 117189 117779 130269 141988 150371 156695 165591 172565 178233 184605 186474 193173 198718 208040 209700 218131 221288 226451 234082 237416 241950 248084 250310 257504 262307 264414 271660 275882 276719 281934
35 49000 69649 72069 92336 104062 111781 122650 136814 144139 153202 159625 169307 171892 180242 191575 197494 200082 207772 213012 219246 222023 228011 236658 237691 247190 251611 255476 257196 265354 271018 273179 277804 281135 285202 289719
36 36713 57148 72000 97400 103840 121976 126769 139241 152395 153412 162439 169162 182716 187891 190630 201985 205925 212125 216479 223896 231410 238036 238797 248791 253436 256284 263760 267565 272175 277270 279134 286194 292111 293262 300508
37 39850 64935 90025 94187 115117 127958 129869 147258 150931 164972 166294 174489 187791 190541 196762 203466 210348 220639 222984 230590 236569 242738 249743 251709 259106 263091 267323 272899 278657 282560 291150 292277 297660 303671 306810
38 46229 63130 77877 96433 110658 130534 132728 147565 157597 167200 172471 180170 188474 196868 207440 210754 217099 221837 233259 238039 244385 246620 252750 260515 267624 269237 274548 284163 287095 294052 295717 303620 306460 311322 317567
39 44808 72754 93600 107516 115166 134423 142123 152450 162495 173364 177010 189301 192330 199320 211177 213754 225661 231122 235684 244428 251542 256690 262896 267143 270650 276763 282420 288600 293409 301185 303599 307779 314428 316837 322924
40 45957 58788 80399 106132 124193 132665 142885 150093 163169 176182 179956 190997 200958 208000 216739 223428 231862 234470 240799 252222 253361 261687 270939 272705 281823 287778 292301 299119 303579 305051 310148 317994 321098 328585 333802
;

param:	cost_bundl	marginal	:=
1 10 11
2 50 96
3 100 146
4 150 186
5 200 226
6 250 290
7 300 300
8 350 369
9 400 417
10 450 483
11 500 511
12 550 563
13 600 635
14 650 686
15 700 713
16 750 751
17 800 805
18 850 870
19 900 938
20 950 993
21 1000 1019
22 1050 1096
23 1100 1122
24 1150 1162
25 1200 1245
26 1250 1254
27 1300 1327
28 1350 1358
29 1400 1402
30 1450 1489
31 1500 1527
32 1550 1573
33 1600 1628
34 1650 1693
35 1700 1732
;