param num_bundles := 35;

param num_cust := 40;

param price_reserve :
   1 2 3 4 5 6 7 8 9 10 11 12 13 14 15 16 17 18 19 20 21 22 23 24 25 26 27 28 29 30 31 32 33 34 35  :=
1 632 1600 2425 2466 3118 3219 3510 3975 4040 4285 4539 4720 4915 5284 5433 5543 5667 5940 6000 6216 6444 6502 6708 6864 7006 7091 7294 7473 7494 7738 7810 7962 8005 8229 8338
2 1833 2966 4733 5499 5755 6475 7397 7889 8050 8890 9165 9650 10143 10307 10711 11136 11531 11751 12146 12535 12955 13127 13446 13746 13960 14221 14626 14902 15031 15357 15523 15763 16134 16454 16502
3 1897 4762 6378 7823 9198 9562 10998 11479 12149 12784 13813 14325 14721 15852 16133 16541 17400 17575 18298 18493 19321 19891 19909 20365 20983 21315 21766 22070 22792 23160 23331 23932 24187 24409 24934
4 2530 6882 8980 10673 12496 13121 14859 15284 16724 17673 17942 18881 19839 20537 21733 22285 23131 23813 24475 24993 25298 26266 26987 27481 28000 28566 29032 29654 30168 30932 31353 31719 32060 32712 33447
5 5292 7348 10440 13153 14595 17176 18628 19849 20928 21260 22361 23516 24799 26115 26571 27641 29086 29377 30232 31097 32249 32573 33808 34496 34957 35972 36414 37108 37974 38210 39179 39774 40200 40853 41809
6 7589 10253 12812 15875 18238 20750 21500 23484 24209 26617 26860 28925 29735 30735 32533 33450 34216 35618 36398 37604 38736 39051 39908 41552 42188 43233 44042 44771 45505 46460 46584 47624 48581 49404 49739
7 6261 11797 14616 19449 20094 23468 25662 27399 29433 30351 32443 33890 34775 36481 37929 39300 39918 41080 42694 43827 45235 46306 46559 47764 48719 50439 50497 52102 52458 53366 54258 55614 56575 57673 58399
8 7673 14131 17745 19984 22909 27106 28756 29976 33062 34428 35813 38233 40635 40792 42513 44254 45733 46648 49263 49857 51549 52848 54022 55171 56046 57600 58482 59351 60568 61136 62236 63639 64438 65228 66895
9 7200 15999 18090 23880 28289 30227 33336 35135 36314 39271 41282 43536 44856 46243 48965 49394 51701 52909 54686 56636 57346 59400 59781 61094 62923 64700 65372 67181 68329 69574 70384 71955 73028 73668 74608
10 11662 18439 22091 25298 30067 31937 34699 39141 40249 44045 45913 46989 50080 51846 53963 54772 58138 58720 60432 62097 63969 64807 67112 69138 70399 71861 72774 74780 75921 77071 78511 78918 81093 81976 83138
11 14593 18142 24200 27212 33146 36681 39232 43223 46461 47133 51265 53709 54514 57285 58455 61561 62574 65669 66910 69326 71016 72266 74215 75412 77501 78030 80773 81933 82610 84950 85659 87338 88494 90254 91584
12 15179 17799 24357 30735 36713 41500 44643 46846 50855 51474 55460 56845 60573 61844 65463 67371 69268 70423 72598 73973 77621 78579 81140 82896 83311 85630 86998 88410 90598 91704 93508 94914 96300 98224 99679
13 16850 21440 28243 34493 37044 43429 46219 49400 53915 56666 59743 63207 64425 67550 69084 71583 75176 76025 78173 80137 83928 86115 87516 88438 91740 93202 94319 96900 97387 99923 102296 102461 105388 106758 107829
14 19399 25044 34063 38595 41247 45923 51172 53567 59199 61217 62735 66201 70502 71715 75132 78450 79542 82541 84280 87116 89337 92485 92950 96346 98040 100566 101768 104692 104953 107572 108444 110485 113702 115345 116259
15 16155 25456 32450 40583 44699 48652 54745 59699 62857 66611 69195 71937 74639 77827 80162 82650 84906 88182 91586 93000 95906 98499 101691 102220 104355 108000 109202 111041 112730 114512 116267 118491 120337 123657 124419
16 15009 28262 32160 42933 47030 55148 57243 63760 66665 70035 71840 76265 79615 81647 87460 88912 92910 93679 97953 98890 103544 104381 107474 110110 112684 113453 116482 117619 120628 121852 124183 127318 128758 131083 132983
17 14425 33830 35660 45234 52453 54506 63061 64779 69679 73945 77606 79737 85610 87082 90084 94162 98365 99708 102509 105564 108427 111735 113582 117435 119775 122164 123809 125570 127534 130535 132251 135361 136974 138652 140967
18 20991 25456 40888 46243 52540 59373 65099 71910 72805 76706 82565 84887 89784 93323 96799 100607 104089 106429 109608 113100 116152 117924 120210 123244 126051 128041 130049 133103 136610 138448 139660 143594 145210 147776 149259
19 20108 34620 43988 49691 54142 61273 67229 72000 76379 82732 86152 91200 93853 99383 101040 105651 110265 111890 115884 118167 120227 124939 126603 131086 133812 135154 137799 140754 144550 145297 149171 149799 154076 155475 158328
20 17436 39395 40000 50438 57131 66332 73430 77149 80796 85884 93209 93894 100160 104690 108517 109836 114822 116756 123223 124515 126681 131879 132906 137753 139886 143499 144997 149559 149666 152787 156818 158089 160897 163071 166325
21 15143 39623 45235 52626 63000 68885 72867 83262 86074 92209 95221 101498 106003 109684 114484 115481 120196 122881 129316 129657 134400 136807 140182 142553 146820 149144 152072 157037 157766 160372 164230 167579 169203 172762 175648
22 24890 42660 44655 54603 66584 74150 82199 83019 91452 94677 103095 104772 110877 113209 118392 123200 124994 128432 133023 137178 141349 143321 146659 150246 152738 157604 158888 163216 165220 168526 171938 174786 176878 180454 183327
23 27981 33171 50809 61715 70216 73744 81122 89788 96051 97797 103883 112112 115000 120218 122916 129046 132285 137847 138306 144809 148915 151730 152842 156805 160077 164446 167126 169327 174194 176906 180517 181219 184230 188992 190609
24 15920 38699 55771 67542 72319 82722 86932 95156 100686 102500 110713 115997 120956 122940 130044 135680 137870 142634 144639 151561 153900 158254 162563 164606 167244 172800 173399 177859 180750 184971 187015 189098 193315 195508 200741
25 18028 36742 59372 65955 71239 80156 90692 99624 100871 107703 113578 120830 126590 129228 136290 137568 144655 148997 153216 156605 160779 163325 168077 172482 173421 179792 180831 185540 188215 192873 195192 196914 200873 203408 207545
26 29416 47088 54290 64530 77653 84969 95883 100832 105804 115576 119713 126308 128956 135400 137677 146433 147903 152228 157295 161535 165422 172386 175572 176570 181106 184801 189211 192048 195606 198828 202400 207479 209877 213200 215283
27 35820 53457 55596 69574 79913 91959 99717 103590 113400 117938 125252 128243 135969 141744 143685 150427 153307 157898 162180 167661 171275 177133 180315 184392 187139 190995 197820 201182 202698 207812 211360 215730 219216 220740 223302
28 36722 46517 65785 71715 83813 90471 100955 106988 112000 121534 127822 136943 141559 146137 148690 153873 159870 166688 171419 176378 179899 182581 187077 192692 194232 199882 204381 209233 209981 213682 218472 222102 227128 230622 234198
29 33820 46400 61107 76946 90969 99110 108353 115710 118723 124666 131367 141833 145348 149005 157884 161048 168899 171762 174483 179050 185237 189012 196431 200079 201336 208478 209684 214208 219329 223507 225828 228714 234524 236168 241659
30 40694 43681 71246 73729 91782 99136 110472 116499 122229 130353 135897 141859 151314 156231 160773 166925 173586 177888 182384 185515 190494 196997 203027 205582 210343 212979 217164 221188 225220 230591 236144 237436 240000 244016 250280
31 34520 56824 66198 77933 88554 102815 114826 117963 124464 134556 143540 150214 157460 163567 169227 170922 178620 183817 188668 194980 197429 205537 209520 210709 218852 222164 226957 229986 232231 236089 240125 244173 248542 252150 257057
32 29328 48741 74636 81459 95143 102200 113589 121094 132404 140800 146921 152932 160639 165536 171372 175971 185158 189531 196637 199635 207087 207482 214281 217694 224365 228526 233051 237059 240831 245463 250664 255038 259338 263413 265581
33 33000 51548 72299 92635 99220 109249 119349 130673 139071 145948 150792 158949 166184 172739 177220 185740 191400 197008 201921 208083 213559 217199 220187 223817 229202 236129 242320 244912 248707 253907 256213 262842 266953 271644 275624
34 35982 64510 81031 89181 101318 113786 126852 135489 140679 147420 157871 160053 172296 178233 183474 187093 194485 198485 206254 214712 220240 221288 225735 235166 236245 244517 245931 254160 256424 262924 266418 270124 272085 277803 281441
35 24249 56868 77318 90730 101440 118381 126194 137528 141912 152079 162364 169307 173312 178603 187830 195625 201303 209650 210466 216548 222243 230256 233322 238000 246396 250146 254130 261635 262290 267378 272461 275946 281222 287171 289126
36 22768 51920 82722 95519 105818 121123 124708 140538 144360 160190 167622 172349 180719 185531 191444 198229 208303 214071 220983 223200 230400 233861 243100 249103 250866 258800 259700 268629 269592 277457 279319 285287 288719 292997 300595
37 33911 66600 76546 100105 112470 117937 129869 145387 150386 164972 168258 174018 185886 189821 196205 204540 214472 217137 227482 233774 237031 244872 248204 251382 257516 265680 270682 273700 281297 283913 291056 294144 296647 304661 307790
38 43659 54804 82906 97919 118716 128077 133596 147956 155382 163533 174304 182874 189391 193912 202366 208135 216166 226220 231395 234371 243556 251490 253549 257953 264148 268808 276435 279552 288199 292378 294543 301041 308339 309648 317658
39 24666 74407 81434 98971 120333 125044 138216 151850 162869 170355 182593 182926 197788 200689 209151 218956 220893 228741 236071 242303 248868 254906 258932 265200 270762 276433 284566 287015 294547 300275 302596 310338 314621 320085 321886
40 45957 64992 89800 101193 125475 132182 144000 156767 167428 173989 187446 190662 200320 208307 217035 222135 230617 237453 241595 251332 255875 261809 266173 275391 277705 285096 290103 297187 300932 309735 313841 318798 322986 325748 329848
;

param:	cost_bundl	marginal	:=
1 10 34
2 50 96
3 100 101
4 150 169
5 200 203
6 250 253
7 300 341
8 350 388
9 400 421
10 450 481
11 500 541
12 550 551
13 600 638
14 650 658
15 700 721
16 750 753
17 800 842
18 850 892
19 900 943
20 950 952
21 1000 1027
22 1050 1075
23 1100 1119
24 1150 1177
25 1200 1204
26 1250 1274
27 1300 1341
28 1350 1398
29 1400 1430
30 1450 1498
31 1500 1528
32 1550 1578
33 1600 1624
34 1650 1665
35 1700 1704
;