param num_bundles := 35;

param num_cust := 40;

param price_reserve :
   1 2 3 4 5 6 7 8 9 10 11 12 13 14 15 16 17 18 19 20 21 22 23 24 25 26 27 28 29 30 31 32 33 34 35  :=
1 800 1811 2135 2458 2960 3262 3493 3852 4055 4331 4669 4796 4932 5273 5363 5564 5692 5957 6056 6299 6372 6609 6687 6850 7034 7125 7291 7427 7592 7650 7805 7912 8037 8151 8328
2 1327 3837 4214 5441 6040 6325 7277 7756 8447 8663 9104 9491 9855 10261 10681 11285 11328 11771 12303 12471 12900 12998 13410 13851 13856 14153 14577 14746 15153 15461 15707 15945 16050 16390 16575
3 3231 4984 6867 8227 8757 9562 10716 11742 12614 13173 13443 14685 15120 15297 16255 16606 17483 17697 18258 18888 19414 19470 20196 20506 20957 21449 21774 22151 22839 22879 23392 23774 24365 24593 25014
4 2884 5987 9699 9992 11866 13787 14664 15347 16219 17027 18659 18847 19759 21136 21496 22486 23241 23529 24397 25006 25700 26473 26689 27364 27782 28822 29208 29805 30252 30683 31323 31759 32348 32545 33217
5 3464 8888 10198 14071 14248 16462 17972 19570 20664 22000 22804 24104 24839 26287 26889 28267 28896 29240 30381 31048 32249 32711 33571 33985 34914 35930 36332 37376 37417 38105 39205 39749 40522 40719 41533
6 3795 10933 13787 14746 17348 19972 21898 22895 24120 26509 27782 28675 30048 31015 32555 33835 34089 35719 36040 37890 38755 39106 39799 41448 42188 42849 43747 44739 45219 46367 46815 47320 48165 49390 50142
7 9800 13058 15400 18991 21232 22487 26154 27612 28555 29896 31647 33746 34407 36908 37435 39524 40261 40937 42279 43287 44975 45602 46454 48173 49319 49912 50826 51496 52682 53329 54654 55965 56436 57126 58499
8 7505 14664 16238 20302 24265 26046 28977 31353 33866 35309 37455 38433 40032 41600 43554 44398 46483 47085 49133 50241 51275 52557 53951 55264 55931 56929 57844 59070 59952 61136 62379 63235 64637 65463 66279
9 10949 15692 20044 22482 27535 30811 31641 33771 37326 38480 40330 43200 45856 47111 48833 50848 52138 53336 54359 56607 58243 58714 60855 62198 63308 64850 65792 67061 67686 69037 70131 70957 72961 73293 74781
10 12649 16371 20100 25846 28284 31749 34641 37842 40890 44000 45519 47329 50438 52345 54148 55498 57026 58686 60663 61838 63309 64992 67320 69080 69282 71805 72746 74673 75366 77149 78230 79549 80374 81902 82922
11 13914 20987 25276 27212 32853 36681 40267 41217 45567 46824 49683 53574 54603 57285 59887 61443 63724 64178 66073 68941 70434 71492 74573 74606 77688 78740 79960 81874 83745 84978 86362 86865 88384 89716 91267
12 13994 17307 24826 33600 37795 41291 44384 46661 48596 51642 55304 57550 60000 61610 65463 66684 69683 71840 72240 75132 76725 77954 81140 81741 83415 85731 86965 88280 90184 92361 94458 94914 96030 98517 99216
13 13510 23687 31200 35076 37498 44429 45481 48919 54290 57436 58889 62129 63952 68395 70007 72194 74407 76953 78733 82178 82629 84969 87786 88591 90366 92034 94248 97144 98044 99686 100698 103674 105003 106980 107358
14 11545 19996 33483 38494 42740 46094 51629 55366 58800 60573 64278 67665 69494 73550 75288 77596 79689 82017 84743 87295 89687 90860 93245 96833 97559 100605 100994 103978 106216 107827 109487 111051 113080 114527 116764
15 11225 25807 31749 40249 47244 49930 55964 58327 62209 63992 69520 73116 75240 78000 80275 84054 85487 88284 90896 94583 95105 97949 100980 102484 104441 106785 110145 111324 114039 115412 116653 119172 120785 121934 125320
16 13194 29676 36062 44225 47571 53355 57866 63679 64080 69004 73041 75115 81270 81897 86163 89771 91242 95143 96691 98890 103445 105017 106132 110388 112228 114083 116174 117836 119989 123397 124964 126106 128519 131434 133175
17 13168 27412 35170 46618 51000 57197 59863 65135 68508 72445 77008 79737 86081 87149 92802 94774 97242 101887 104685 105125 108641 110330 112970 115300 118318 121118 124739 126852 127715 129647 133209 135745 136042 139979 141947
18 23331 27652 39600 47759 55655 61622 64499 68020 73338 78378 81220 87961 88402 93531 97067 100284 103652 107217 108718 112179 115481 116820 120156 123454 125949 128495 132076 134459 136705 137979 139845 143097 146100 146763 148606
19 13164 32467 38190 49837 55067 63130 67550 71091 78707 84288 86487 91121 96058 98654 101111 105309 108283 113301 115822 118837 123075 125974 128808 130645 132402 135794 137852 139879 143094 146238 148200 149944 152805 156586 158693
20 25298 34176 46819 51691 58515 65727 71330 78689 84000 87818 93209 94488 100000 104000 109105 111929 116207 119666 120000 125539 129553 130231 135292 138101 140741 144000 146369 148755 149666 152997 155435 158392 161790 164438 166949
21 19247 34634 46580 53292 64385 69268 77444 80021 87194 92686 97328 98678 103050 109603 111991 115022 119313 125930 128632 129725 135771 138981 140747 145067 146097 149617 151840 156362 157374 160262 165301 166841 170501 172354 173323
22 22436 37075 44219 59685 69431 72031 76464 83831 92922 93752 99949 106240 108850 115997 118881 121140 126150 130525 133965 138792 139279 142848 148235 149471 153117 155626 159618 163453 166794 169214 171035 173563 176110 180132 183063
23 18966 39837 55008 59267 65862 74315 84194 88722 93483 97689 107487 109823 115092 118801 124285 130026 132125 135055 141108 142822 148559 152426 155041 156332 159945 165536 166936 171068 174254 175886 178809 183482 184345 188151 192322
24 32907 44513 53018 62215 72160 81317 89671 91704 96240 105818 112057 114498 119133 122376 129689 132153 136103 143680 144080 150952 153225 158981 161497 164326 166899 171596 173665 177470 180176 184847 188304 190010 193196 196917 198664
25 21794 39051 55678 61441 74330 81548 87607 97468 104403 107471 113468 117792 125300 127671 133791 139284 145000 146799 150333 154191 158430 163631 165907 172482 173566 178606 180416 185472 189143 192354 194229 198997 200624 205000 208866
26 30321 51477 63474 68986 78173 89313 93020 100563 110186 112613 118806 124257 132064 136395 141168 144949 147078 155479 156519 163779 168178 171363 176264 176570 183406 186983 189068 194009 195675 200048 203266 207870 211033 211609 215345
27 18706 50078 56378 70820 78625 90520 97200 101457 111847 117938 124902 131054 134892 138096 147490 148377 155103 160281 165473 170079 171189 176308 181684 184866 187917 193573 197746 201616 205484 207882 212255 212667 218550 221795 222975
28 21689 46179 60573 69494 79394 90644 102497 108732 116124 124844 128312 134982 137171 143539 150055 156900 161334 165461 169024 174770 178411 183864 189657 191795 196240 201522 204227 206897 212579 214999 218113 221111 226437 228848 233729
29 29574 45299 61655 75400 88152 94239 105042 114981 117441 126408 129951 141477 145348 150465 154110 163329 164254 170879 175827 180174 186414 188745 194105 200583 202751 208316 209684 214129 218176 223432 224783 228788 232796 238224 240683
30 41134 53329 70228 77071 89599 95247 106995 113208 124852 132951 139556 144499 152735 157949 159762 167463 170552 178997 182285 187542 191154 197636 202672 205757 208969 216083 218238 221025 228394 228552 234615 238495 241793 246073 249343
31 28412 45137 73621 84329 88336 106488 112115 121811 126456 134413 143808 150725 155989 161557 164505 169907 179157 183817 188157 195570 197331 205257 209611 212616 217442 222164 225001 228224 232314 239644 241243 244723 248697 251921 257580
32 29328 56884 72971 81960 97272 103791 115200 127197 135160 138009 145521 150774 157939 167626 173037 178168 184049 188230 192958 200147 203998 210909 215329 220591 225549 228346 231906 236020 243453 247706 251643 252861 256480 263335 265118
33 37335 59766 80563 81637 96550 109449 122944 129501 132330 143389 148756 157849 161666 172360 179782 185623 190144 197339 200405 206191 212536 216194 221174 226140 233158 237325 238971 245800 247390 254507 256043 263917 267931 269794 274516
34 41918 49035 72604 87348 97123 108587 122211 128302 137016 144250 153716 165451 169182 175224 180552 190400 196378 203205 205918 214389 215786 223987 226042 235461 237319 245083 247150 252242 258847 259561 265548 268320 272255 278883 282180
35 42000 55118 80728 96488 102640 112000 126000 135735 143286 156211 161152 169597 174860 183341 191447 193990 202638 208713 210931 218575 223123 228869 234369 237897 245100 248574 252389 261542 264337 270747 273359 278509 281658 286915 289126
36 41361 51920 84887 101313 103590 117428 133928 140723 150513 155593 164501 175331 180575 189266 192390 198229 209172 215640 219689 221919 229159 234304 243739 246593 252514 258499 259799 268918 271985 275300 281353 287369 292022 295902 298778
37 39850 72505 90025 96484 108253 123826 137648 143109 152196 163304 169232 180657 186768 193252 199663 208123 214728 215872 224697 230234 235525 244760 245430 251491 258683 264647 268957 274997 280518 284587 286696 293025 296554 302587 306185
38 53200 72100 89924 95832 110658 122074 132728 147173 152380 165638 170620 183505 192116 197307 204636 210480 220007 222746 233259 236212 244857 247438 254798 261069 263272 269987 278724 282838 284873 289699 294739 299695 307589 310486 313540
39 39000 77609 86154 105516 113302 130752 141479 147995 164541 168198 181758 185895 198095 203549 208130 219511 220755 233479 236328 240918 252629 256453 262896 267143 274888 279823 284887 290700 293927 301286 304100 307482 315972 316837 321791
40 54259 67882 86533 102137 113137 132906 138795 157987 163560 173436 179243 193329 198071 207538 216592 221558 232413 239466 243573 252729 254118 259353 266413 272470 279199 284310 291863 298583 301144 307558 314757 316076 323085 326337 334186
;

param:	cost_bundl	marginal	:=
1 10 26
2 50 57
3 100 120
4 150 173
5 200 207
6 250 260
7 300 343
8 350 370
9 400 442
10 450 465
11 500 510
12 550 570
13 600 604
14 650 674
15 700 716
16 750 793
17 800 812
18 850 891
19 900 945
20 950 961
21 1000 1031
22 1050 1057
23 1100 1141
24 1150 1197
25 1200 1237
26 1250 1262
27 1300 1333
28 1350 1355
29 1400 1433
30 1450 1465
31 1500 1535
32 1550 1550
33 1600 1648
34 1650 1670
35 1700 1745
;