param num_bundles := 35;

param num_cust := 40;

param price_reserve :
   1 2 3 4 5 6 7 8 9 10 11 12 13 14 15 16 17 18 19 20 21 22 23 24 25 26 27 28 29 30 31 32 33 34 35  :=
1 693 1855 2417 2676 2966 3262 3622 3909 4171 4331 4669 4817 5040 5208 5295 5535 5660 5845 6013 6206 6465 6591 6759 6917 7031 7192 7313 7457 7499 7743 7785 7877 8085 8222 8253
2 1497 3225 4630 5060 6106 6536 6986 7889 8207 8663 9355 9642 9928 10423 10606 11020 11552 11900 12309 12617 12718 13072 13291 13833 14000 14182 14571 14843 15153 15258 15620 15940 16065 16317 16642
3 3341 5161 7125 8205 8570 9693 11128 11940 12326 13322 13416 14562 15072 15473 15942 16584 17265 17616 18298 18783 19266 19645 19954 20767 20845 21508 21799 22070 22839 23020 23607 23766 24187 24724 24840
4 3098 6350 8800 10998 11565 13387 14221 15819 16000 17008 18225 19333 20365 20521 21196 22300 22839 23406 24239 24800 25575 26266 26785 27423 28011 28543 28856 29676 30083 30693 31015 31809 32358 32594 33004
5 5196 8246 11619 13491 15716 16371 17804 19824 20785 21679 23022 24454 24880 26420 27276 28160 28601 29360 30216 30952 32171 32558 33719 34161 35043 36014 36442 37148 37947 38510 39141 39837 40200 41183 41255
6 4948 10323 14148 14892 18668 20329 22062 23637 24680 26153 27808 28549 29565 30594 32311 33814 34634 35578 36869 37239 38829 39436 40016 41430 42017 42511 43927 44739 45204 46398 47061 47669 48552 49288 49753
7 6261 12124 14000 18991 20671 23510 25083 27506 29400 31022 32713 32922 35556 35967 37722 39100 40406 41175 42140 43715 44975 45710 47435 48214 48719 50107 51172 51572 53052 53659 54240 55508 56192 57058 57876
8 8466 14221 16238 20239 24212 25948 29719 30231 32712 34016 36027 38995 39387 40792 42783 43934 45984 47893 48345 49367 50899 51945 53162 55055 56455 57533 57822 59157 60377 61678 62359 63739 64577 65346 65970
9 7846 15692 21824 23121 27593 29024 32300 34247 38014 40128 40650 44017 44675 46661 47861 50624 51324 53336 54893 56205 57992 58354 59753 61253 63563 64248 65025 66185 67949 68778 70315 71955 72337 73975 74673
10 8485 19287 20688 26981 28705 33941 35721 39294 40447 43818 45211 46904 50872 51147 53852 56214 58034 59127 61417 62322 64436 65085 67528 68352 70512 71889 73185 73593 75233 77045 78511 79196 80324 81854 82898
11 9590 21443 22650 30484 34435 35406 40025 42318 44601 47491 50312 53799 55873 57537 58950 60928 62225 64741 66439 67951 70674 72366 74248 75476 76906 77782 80683 81874 83339 84177 86334 86670 88220 90388 91134
12 8980 18120 27782 31658 36634 41361 42392 47639 50685 52581 56080 57999 59615 62169 64889 66381 68893 70382 73465 75590 76122 79164 80998 81459 83553 86133 87328 88182 91326 91484 94244 95398 96955 98780 99419
13 10720 25073 29985 34395 38389 41356 47374 51412 52710 57259 59743 62074 63740 68247 69911 71251 74134 77128 80053 82013 83078 84730 86701 88743 90814 92181 93960 95672 98320 99686 101066 103119 104292 106123 107295
14 19399 20953 29098 38899 42923 46937 52083 55649 56349 62547 65187 65666 69719 73922 74503 76834 79295 82541 85480 86755 90210 90774 92950 95897 98757 99114 102190 104354 105252 107207 108732 111122 113599 114698 115718
15 13416 24920 33272 40915 45891 50912 56045 56445 62209 65177 70164 72684 73668 77827 80275 83355 85539 87670 91143 94631 94868 98681 100085 103141 104484 107373 108747 111888 112290 115529 118034 118110 120524 122744 125140
16 10613 27713 32318 42211 46372 54211 58918 62379 67807 67958 71982 77464 81333 82644 86873 88623 93185 94169 96000 99920 103593 104919 107236 109176 111771 115200 117314 118789 119989 122104 125210 126633 129590 130417 133252
17 21503 30411 37861 42466 53110 58099 62601 66104 70586 72445 77978 81031 86617 89181 91611 94224 98189 101489 103686 106979 108800 112252 113786 115400 119485 120304 124692 126579 128482 130491 131988 135318 137058 138777 141335
18 17636 28346 39926 44964 55538 61727 63589 67925 75428 79933 82878 84657 91287 93600 98327 101441 103527 106975 108598 112928 115481 116653 121230 123402 125794 128697 130547 133103 135945 139148 141320 141869 144180 147995 149476
19 13164 33128 41800 49254 57630 64151 67976 74561 78247 81766 88956 89603 95908 99310 103511 104483 109345 112790 115197 117861 120347 125802 128584 131251 132946 135047 137747 140805 142285 145793 147810 150904 154263 154544 157551
20 26533 34641 47833 55281 59464 67409 73756 78791 83042 88904 92865 94403 99277 103460 109032 110345 114752 116619 120996 123418 127122 130599 133327 137055 141195 143499 145986 148486 151631 152368 156563 158644 161938 164730 165843
21 22618 34888 43849 54438 63279 70405 73350 83156 88300 91633 97237 99833 105084 110325 113088 118124 122306 124309 128495 129861 133742 138154 141933 143170 148016 150322 153228 156080 158491 161030 163261 166471 169047 173018 174944
22 22000 39355 49974 60809 69431 74281 80653 83716 92922 97398 102813 103470 110702 113465 119855 123749 126610 130377 135331 137249 140937 143389 146857 151337 153685 156680 161487 164221 164927 169842 171769 173730 176110 180615 182957
23 19516 44835 47360 64891 69762 76697 82159 88841 95941 98873 106199 112300 116372 121443 124200 126479 132923 137154 140206 145101 146768 150961 152565 158817 161852 164317 167000 170944 174254 177443 179871 181452 184517 187475 190109
24 30735 41011 55148 64933 73269 78579 87854 90947 98019 107116 108080 112672 122282 124338 127358 135169 136947 142067 146852 150264 152773 157817 161068 163693 166899 171998 173996 177665 181957 185655 188671 189159 194148 196566 200569
25 29155 43589 56125 67639 77136 81701 91241 99875 101489 111018 116833 122270 124800 130863 134722 139194 143788 148240 151575 157003 161400 164924 167033 171318 173925 179374 183303 186414 190329 191507 196214 196850 200749 205305 209105
26 33700 46510 63261 69765 78000 88553 93166 98937 109571 112373 118692 124692 132268 135000 142028 145135 149901 153202 159004 160275 166319 171836 174336 178853 180658 187200 190564 193241 195951 198556 203466 206041 208519 211609 215471
27 37412 53184 59645 66136 81180 86400 99425 102600 108807 120506 123376 131277 137355 141949 142973 151969 155666 157990 165561 167835 170848 176968 180072 184629 190307 193724 197746 200456 202914 206334 211291 215053 216405 221136 223497
28 20953 50400 59529 72800 82493 96509 97639 110023 116797 121276 129770 134750 138423 147207 149532 155897 160360 167626 171052 176378 177265 184205 188663 191468 195359 198622 203227 208483 212431 215218 217393 222243 226367 229805 233930
29 27816 57123 67639 80993 90227 99787 103429 109741 122900 127072 133148 137864 146500 149905 158203 158945 164969 172349 177730 183137 187852 190343 196516 200247 204486 208961 210724 215538 220553 224258 226051 228346 234237 237941 241868
30 39345 51962 70484 80050 92952 96187 109160 113684 123839 131042 140071 146724 149278 154143 161889 169493 173170 179299 184445 186193 193866 194885 200170 203558 210685 214914 218979 220617 227288 232069 234538 239850 242240 243721 250424
31 33388 58161 69870 79156 89418 105035 108986 118613 125999 133696 139878 147111 157338 161914 166940 172823 178835 183713 186722 194585 198303 203658 207306 211346 216557 220427 226618 231817 235192 239163 243227 244566 249237 254427 259142
32 33866 60377 68033 84906 99766 110666 115732 124759 131939 138157 149135 154398 162414 164419 170773 175621 185490 186919 192213 198709 202790 210033 212842 220033 222072 228257 231464 235847 240235 243873 248366 254234 257675 262166 265581
33 34295 65002 78092 86558 93571 109449 115830 126438 136542 147285 150937 154924 167229 171092 179418 185740 191058 196565 201489 206085 213355 213864 220286 224788 231094 237049 241329 244378 249057 255446 258329 262345 265727 269955 274991
34 22553 56074 71964 85475 96646 110277 126487 130447 138025 148203 157578 165730 169864 174298 180424 189426 195197 200456 204113 211019 215465 221078 229191 232098 239453 240609 248642 251232 256334 259293 264064 269009 274201 280041 280536
35 46957 55561 83415 87989 106850 116923 130771 137171 146833 153522 161608 169597 175559 184938 188611 194494 203603 208243 211163 220583 225635 227903 236554 241272 246396 247784 252970 257292 265631 269022 273538 276212 282699 286402 288617
36 48833 70545 76875 88475 103088 114069 132761 135276 144360 158072 163553 174145 176510 186784 191173 199532 207680 212003 221568 222152 231522 234415 242780 248478 252308 258900 263071 268532 271794 274168 281814 287369 291578 294056 300595
37 41201 59200 81400 91533 106467 121369 138243 143300 151655 164972 165965 176207 185886 189243 201574 207596 214345 216379 227603 233423 236569 243751 250837 256130 260371 262465 267835 273800 281005 282366 286792 295630 297476 302406 309476
38 43659 59358 91200 98214 115009 124649 134243 151810 153136 162292 178074 184290 191815 200790 207022 212120 218690 227112 228253 234617 242962 247088 252293 261290 265457 269773 276749 281097 285380 289499 294837 300176 305516 312710 315377
39 41274 63367 89615 106663 121340 124800 142123 152649 161556 172131 177525 186222 193276 202349 210889 215173 225931 229935 235684 242679 250573 256453 261852 269862 272554 278625 281233 287332 292474 301488 303900 309651 315490 317413 323206
40 52460 67882 86533 99277 120532 129491 144222 158795 167428 176363 182253 192499 202069 206456 214960 219818 232000 233786 242784 249928 257992 263150 267970 276319 281141 284084 293067 295459 303051 308908 312000 318195 322490 327902 330817
;

param:	cost_bundl	marginal	:=
1 10 17
2 50 88
3 100 118
4 150 189
5 200 236
6 250 286
7 300 323
8 350 399
9 400 448
10 450 484
11 500 505
12 550 593
13 600 632
14 650 672
15 700 708
16 750 777
17 800 843
18 850 873
19 900 912
20 950 950
21 1000 1049
22 1050 1085
23 1100 1116
24 1150 1160
25 1200 1206
26 1250 1294
27 1300 1334
28 1350 1370
29 1400 1401
30 1450 1459
31 1500 1509
32 1550 1579
33 1600 1617
34 1650 1698
35 1700 1721
;