param num_bundles := 75;

param num_cust := 50;

param price_reserve :
   1 2 3 4 5 6 7 8 9 10 11 12 13 14 15 16 17 18 19 20 21 22 23 24 25 26 27 28 29 30 31 32 33 34 35 36 37 38 39 40 41 42 43 44 45 46 47 48 49 50 51 52 53 54 55 56 57 58 59 60 61 62 63 64 65 66 67 68 69 70 71 72 73 74 75  :=
1 632 1697 2088 2728 3046 3162 3666 3990 4176 4450 4477 4716 5087 5134 5400 5532 5762 5896 6093 6264 6403 6573 6693 6867 7009 7153 7272 7416 7537 7642 7833 7952 8042 8166 8275 8421 8537 8621 8802 8859 9000 9071 9185 9278 9425 9499 9592 9732 9891 9920 10048 10159 10247 10332 10486 10570 10615 10722 10802 10951 10958 11045 11211 11298 11375 11430 11555 11593 11679 11771 11869 11975 12028 12110 12213
2 2078 3816 4630 5075 5824 6882 7244 7990 8304 8588 9304 9583 9863 10500 10793 10984 11391 11798 12185 12503 12681 13090 13494 13828 13966 14372 14461 14800 15116 15315 15507 15778 16035 16366 16551 16900 17163 17325 17468 17808 18022 18230 18422 18625 18762 19158 19329 19469 19706 19936 20096 20274 20572 20680 20808 20984 21166 21530 21696 21806 21953 22228 22282 22574 22772 22905 23055 23286 23437 23620 23752 23967 24050 24212 24462
3 2814 4724 7324 7800 8674 9804 11177 11225 12671 13349 13629 14224 15096 15635 15897 16486 17244 17849 18386 18831 19414 19854 20107 20593 20914 21239 21807 22426 22745 22926 23392 23872 24067 24724 25064 25371 25618 25981 26263 26624 26967 27226 27691 27956 28206 28700 29006 29345 29692 29874 30287 30328 30618 31032 31453 31635 31828 32042 32361 32605 32924 33142 33568 33707 34010 34316 34629 34733 35145 35329 35618 35895 36085 36274 36698
4 3837 5824 8579 10852 11973 12850 14511 15880 16395 17214 18728 19116 19596 20815 21196 21953 22895 23597 24093 25146 25361 26291 26725 27411 27908 28599 28911 29632 30093 30704 31159 31516 32219 32624 33246 33562 34213 34669 34899 35607 36080 36283 37051 37215 37566 38141 38367 38938 39412 39791 40088 40769 41128 41206 41845 42059 42430 42791 43333 43693 43949 44312 44743 44964 45445 45922 46040 46476 46764 47023 47558 47759 48107 48405 48859
5 4243 8307 12000 12845 14765 16432 18358 18894 20905 21378 22627 24145 24819 25826 27295 27964 28302 29360 30447 31369 31639 32955 33660 34496 34799 35777 36097 36986 37417 38314 38936 39472 40075 41049 41533 41881 42849 43012 44000 44159 44777 45760 45858 46658 47371 47781 48146 48662 49356 49900 50110 50567 51157 51759 52412 52896 52934 53610 53944 54708 54845 55254 56009 56409 56719 57315 57446 58232 58370 58983 59481 59942 60150 60671 60885
6 6350 10598 14350 16010 17013 20680 21094 23607 25114 26617 27756 29271 30429 31499 31794 32929 34174 35618 36020 37335 38847 39473 40213 40800 41983 42511 44009 44659 45632 46383 46584 47729 48359 49127 49984 50713 51460 51725 52458 53289 54000 54451 55343 56054 56693 57161 57775 58518 59251 59723 60204 60609 61704 61948 62492 63259 63543 64432 65088 65562 65825 66716 66867 67499 68041 68893 69237 69652 70474 70759 71023 71719 72010 72647 73003
7 6859 11545 15839 17486 20671 23800 25122 27399 28348 30319 31616 33336 35334 36748 38161 38595 39869 41247 43105 43196 44625 45859 46727 47826 49040 50068 50768 51686 53108 53768 54492 55136 56488 57195 57978 59000 59693 60460 61568 62170 62891 63834 64324 65277 66349 66922 67360 68557 68643 69762 70014 71235 71400 72733 73350 73417 74424 75327 75923 76630 76834 77684 78325 78650 79554 80216 80764 81272 81969 82790 83203 83591 84512 84686 85538
8 10852 15094 18590 21585 23947 25298 29719 31557 33828 34204 36765 38897 40064 41661 43642 45170 45537 47518 48767 50088 51797 52484 53880 54588 56523 57042 58460 59738 60101 61782 62890 63760 64716 65307 66684 67675 68427 69577 69926 70925 72178 73129 74154 74636 75421 76365 77265 77925 78465 79422 80383 81427 81960 82861 83553 84422 84966 85865 86252 87226 87898 88406 89428 90340 90538 91592 92399 92938 93761 94468 94684 95626 96306 97034 97561
9 12600 15795 18619 22910 26698 30600 31997 35456 36845 39926 40729 43573 44201 46278 48064 50432 52169 53699 55451 56205 58299 59072 59699 61727 62820 64374 65718 66503 67470 69247 70384 70912 72694 73712 74303 75921 76706 77692 78852 79994 81140 82447 83151 84408 84849 85741 86550 87295 88895 89295 90556 90913 92293 93027 93842 95094 95468 96799 97632 97881 99065 99604 100333 101680 101998 102710 103731 104384 105695 106261 106733 107398 108404 108867 109800
10 14000 18330 23409 24658 29866 33526 35889 39141 41037 42615 45913 47329 49558 52345 54111 56107 57723 59800 61319 63151 63937 66151 66783 69051 70427 70711 72609 74216 75974 77019 77460 79775 80523 81314 83114 84758 85370 86948 87430 88634 90311 90774 91652 93274 94382 95645 96208 97201 98813 99700 100339 101686 102567 103692 103923 105014 106658 107201 108111 108830 110417 110941 111857 112854 113613 114612 115534 116241 116756 117864 118338 119917 120183 121491 122066
11 14593 18538 25750 28345 33509 36813 38735 41858 45726 48798 50071 51922 55000 58165 59644 60450 64103 65448 66584 69535 71118 72366 73462 74897 77439 78247 79809 82110 82639 84750 85969 87862 89066 89662 91558 92792 93597 94957 96324 97199 98780 100600 101558 102695 103564 104749 106354 107350 108672 109559 111029 112071 113209 113636 114400 115683 117035 117798 118820 119774 120639 122154 123200 123807 124800 125939 127087 127372 128432 130042 130395 131172 132822 133676 134560
12 16100 17636 25849 33514 34779 41151 43066 45474 50286 51809 55977 56744 60858 61564 64488 67840 68136 70095 72796 74012 76950 78799 80032 82687 83828 85158 87690 89704 90852 92267 93538 95609 96568 97577 100313 101512 102781 103784 104724 106415 107653 109956 110452 112314 112672 114145 115823 116986 118405 119808 120789 121289 122987 124500 124984 126314 127381 128260 130265 131212 132501 133562 134143 134764 136040 137598 138307 138993 140087 141763 142593 143780 144140 145155 146341
13 17049 23544 31200 34395 39772 43038 47088 49673 53852 57318 59687 62993 64373 67450 70296 73447 75758 77565 78475 81642 82301 84849 86428 89426 90479 93274 94998 96935 98044 100024 102197 102593 104809 106441 107516 109447 111042 111891 114045 115751 117490 118150 119430 121646 123027 123794 125233 127028 128088 129348 131165 131987 132855 134850 135525 137530 138656 139676 141168 141288 143401 144435 145786 146225 147789 148996 149923 150800 152117 153730 154716 155066 156346 157660 158941
14 13428 25509 28000 39499 42740 46433 49695 54004 57791 61536 64704 67200 70946 73922 74661 76936 80326 81825 86256 86529 90080 91419 94373 95979 97076 100644 101960 104053 104916 107098 109773 111509 113357 114527 116158 118165 120074 121502 123105 124561 126714 128006 128648 130583 132046 132963 135214 135851 137457 138875 140921 142333 143894 144166 146566 147499 148162 149898 150992 152105 153949 154914 156800 157498 158935 160066 161310 163219 164296 165034 166759 167017 168140 169417 170961
15 12369 24000 32863 40915 45793 51614 52650 56604 61408 65932 68345 70930 75060 78288 79429 83946 86116 89247 91782 94583 96094 98224 100668 103446 104312 106108 109490 111647 113565 115490 117958 118680 120599 122450 124996 127031 128721 129139 131693 132985 135499 136591 137935 140648 140776 142366 144437 145955 147672 149579 150030 151700 153176 155364 156115 158006 158972 161471 161889 163411 165000 165680 167114 169121 170129 171788 172415 174413 175031 176771 177660 178947 180524 182458 182557
16 19984 31190 32476 39452 46040 53642 57954 62951 65970 68108 74842 78253 79615 82085 86341 89371 92191 94495 96160 100125 103395 104626 106517 109924 113001 115156 115644 118486 121178 122815 125087 127800 129274 130063 132211 135235 137339 139411 140836 142247 144815 146328 146712 149341 151621 152898 154232 155357 158327 159744 160447 161909 164481 166092 167382 168570 169358 170863 173775 174686 176262 177823 178599 180481 181781 182849 184992 186123 187166 188012 190178 190823 192559 194201 195462
17 22553 30600 40800 44461 49505 56177 60056 66713 70504 74645 76405 82165 84864 89569 90851 94162 96586 101318 102283 106816 108214 112097 114998 115450 119678 122353 122730 126898 127625 129914 132382 135957 137227 139524 141049 143688 145764 146358 148631 150716 152356 154541 156474 158127 160053 162098 164505 165556 167810 168806 170068 172431 174132 176079 177094 179525 180104 182558 183946 185136 187309 188324 190491 191520 193711 194425 196260 198165 198631 199821 201405 203091 205215 205412 207845
18 12471 28117 36180 46102 52417 57262 65595 69434 76283 80095 81379 84581 88621 91923 95722 100928 103590 105204 110667 111890 114410 117979 121869 122664 127024 128293 131782 133054 136942 139055 141458 141869 144180 147907 149476 151542 154087 155385 157990 158972 161118 164382 166692 168663 170383 171935 174219 175590 177097 178373 180396 183211 184761 186437 188098 189505 191376 192659 194733 195596 198033 199370 201985 203073 203838 205484 207430 209729 210254 212156 214465 215850 217286 217793 220425
19 24627 31336 41279 47003 55719 62440 69135 72100 79528 82993 88467 92458 95682 99019 103021 106603 109740 112019 115260 118898 120826 124591 127626 130479 133974 136747 139207 140703 143547 146583 147222 151762 152474 155429 157689 159374 162469 164633 167674 168490 171506 173847 175706 177708 179889 181845 183505 184799 187629 189620 191665 193203 195432 196207 197637 200069 202580 203894 206043 207683 208377 210926 212766 213511 216467 218095 218360 221315 223005 223974 225004 227493 229452 230018 232236
20 24331 37310 45957 55281 59059 67764 72000 78077 81290 88272 90333 94742 98549 103073 107555 109763 114473 118929 122638 125603 128810 130476 135588 136880 139313 141930 146751 149184 151947 154609 155435 159750 160947 162628 166421 168808 169894 172139 174631 176726 179600 183128 185170 185472 187872 189863 192666 195918 197058 198474 200200 203882 204509 206920 209036 209800 213129 214700 216666 217881 219199 222063 224143 224927 227051 228666 230721 232860 234845 234947 237823 239199 241263 243146 243475
21 18307 36130 50225 56349 62012 67200 73470 81765 85251 92781 94942 99567 104579 110963 114945 116394 121583 122450 127046 131010 133742 137578 140496 142491 146940 149735 153343 155286 158658 162177 163369 167105 169412 172967 173628 178092 178932 182543 184943 187595 188346 192331 192789 195785 197980 199577 202865 203949 206228 207932 211173 212671 214940 216534 219488 220610 223746 224926 227111 229044 231724 232143 235500 236248 239400 239842 242111 243165 246086 247836 249503 251299 252140 254230 256406
22 18142 38610 49585 57369 66729 69986 76337 87116 90173 94881 102907 107418 109736 113465 117242 123671 127903 128281 135045 138513 139418 142644 147384 150503 152864 157849 159132 162085 166329 168699 172500 173619 176659 179701 182799 186313 189098 190068 191842 195936 197265 201585 202543 206003 207221 209913 211521 214429 216496 218897 221753 223059 225347 226589 230402 231701 234235 236129 238251 240636 242200 244150 246910 248629 249988 252147 254440 256298 257579 258554 261421 263302 264073 266191 269048
23 22535 41655 53645 58186 67762 75024 81382 88960 93483 100255 106894 110974 114354 121356 124030 129537 130595 136458 139676 143118 148346 151661 154289 156129 161459 164382 166746 171377 173524 175645 178691 183827 184345 188151 191274 194999 196081 199822 202086 205049 207969 208426 212050 215121 217663 218827 220656 224554 226804 228106 230872 232425 236487 237513 240039 243192 244493 245573 249547 251364 251952 255290 257436 259605 260256 263809 264970 267236 268539 270815 273303 274809 276880 278822 280223
24 22514 37489 54518 59566 69227 80176 85731 90056 100342 103951 109035 114900 119230 122940 128708 135425 139531 141009 147009 149264 154199 158618 159343 165443 167931 172132 173731 176363 181831 183345 188915 188976 192659 195567 199186 202683 206400 207291 211636 213479 216267 219911 222152 224011 226161 228945 231945 235102 236859 238217 240384 243763 245176 247142 251256 253947 255890 257863 258577 261369 263913 265479 268886 269869 272165 275028 275990 279103 280708 283647 284012 287520 288200 290509 292327
25 23452 42720 61033 65765 75993 83964 93408 95263 104642 108743 116512 117686 126095 128938 136565 139642 143353 146714 151575 154677 159217 165151 165907 173061 173781 180139 181384 185674 189077 193067 195448 196850 203039 205305 207183 209821 212897 215986 220397 223103 225056 226991 231030 232916 235000 237960 241713 242899 245967 248445 250849 253574 257002 259471 262011 262726 266317 267488 270878 271800 275182 277939 280491 282533 284385 286487 288964 290000 293641 295466 296311 299249 301372 303521 305573
26 24390 43506 59289 66592 81227 88400 94463 97699 109447 112733 119713 126521 131036 137185 139143 142503 150800 155566 157037 163697 166156 170414 173403 178777 181851 183848 189711 192540 197737 199439 201596 206172 208195 213073 215659 220495 221840 224746 227496 230449 233132 236128 238521 243680 246274 247424 249871 254375 255224 257439 260364 262742 266370 268795 270250 273631 275943 278770 282289 283006 286567 287556 290223 294019 295166 298446 300387 302182 303566 306580 309476 310393 312649 314847 317370
27 28574 51229 56118 75600 81359 92905 98836 106915 113014 116069 123494 128470 132822 142564 146100 152544 154632 159460 162000 167574 173810 175811 179504 183441 187994 194250 195820 200892 202194 206192 209907 213420 216943 220013 225122 226027 230878 234822 237293 240224 241556 246041 249045 252475 254775 257054 261719 263883 264655 269297 271508 272954 277667 278349 281215 284872 288028 288534 291450 293295 297833 298420 302689 303170 305899 308510 311004 313386 317040 318829 320198 321923 324045 326912 329311
28 26857 45495 68127 69494 83438 91161 102497 109451 113943 121534 130853 134166 138649 145923 150576 158194 162978 165650 170041 176822 181201 184375 185815 192203 195439 198385 202376 207276 211618 214999 218472 221253 225604 230009 232855 237522 240605 243391 244612 247733 252746 256135 258026 260144 263081 267631 268975 273828 275654 279608 281953 283229 287788 290877 292864 294307 298643 300840 301985 306418 309017 310181 312448 315246 318856 321257 323300 324269 327732 329211 332387 334316 336466 339343 341738
29 20092 54099 61381 74049 87578 100124 106474 112616 122763 129042 132895 139079 145925 153344 156815 160105 164765 172641 176495 180547 186504 191663 193150 197115 203083 205880 209363 214208 219176 221845 226051 231201 232217 237304 239210 245457 247300 252283 253613 257953 262414 263310 267870 270307 273831 277856 278340 282419 285793 289012 291735 295003 297671 301321 302824 305644 308220 310990 313254 315127 320105 320840 323451 327482 329938 331515 333588 335799 340080 340969 343622 345575 348869 351702 354417
30 26833 49840 69195 78230 92369 99136 107666 116653 122376 128546 135897 146110 148553 154493 162111 165517 173378 178695 184347 186387 190683 194607 201782 204705 210343 216167 218568 221025 227288 228631 232689 238495 240150 245927 248040 251929 257511 258975 261878 266376 271330 274824 275085 279048 283083 287374 289496 292157 295770 296985 301735 303104 306588 311018 313152 316923 319694 321770 323611 327261 330491 332120 334174 337230 340470 342631 346445 349085 351807 354153 355472 358497 361148 364768 366982
31 42050 46397 65907 80838 92793 104484 112287 122440 124618 134127 140700 151742 154752 162624 164738 175033 180334 184548 186722 191699 196061 202807 210069 211073 217707 219291 226194 229651 232975 236739 243542 245429 248774 252607 258027 260916 266384 268468 272870 276022 277896 281947 285739 287683 291004 294484 297923 301386 305189 307947 311176 315226 318924 319405 324124 326723 328073 332900 336232 339305 341619 344142 346923 350067 352201 354052 358583 358958 362316 364537 367373 371690 372052 375855 378454
32 30693 63357 65892 87985 95572 101798 116085 126552 129590 142103 149957 156113 156767 169086 174803 177823 184271 187138 194543 201676 207087 212071 213419 221148 226184 228973 234977 239124 242103 244711 251562 252455 257913 261618 267425 270547 273782 277424 281745 283340 287288 292935 294887 299161 302903 305663 307533 310384 314383 317945 320192 326212 327089 332369 333783 336533 339079 343639 344651 349782 351068 356107 358114 361642 362265 365361 369264 371531 374167 378088 379386 382878 384480 387768 389297
33 31652 60129 70159 81370 100961 107845 120439 125747 135260 141862 153937 157435 166184 169300 175862 185740 188418 192987 199316 205873 208919 214475 220088 227580 231000 234091 242320 246243 250887 251321 256892 261347 265645 268904 275703 278533 280946 286017 287687 292343 296780 299337 302594 306669 312578 314454 316594 323130 324073 328810 332433 335043 338536 342374 345477 347927 349426 353762 356400 359018 363659 364915 367532 370894 374866 377183 381375 383198 386424 390182 392409 394733 397975 401082 401896
34 21503 52232 82165 90212 103127 113786 127034 128662 138527 147420 158748 163907 171893 179138 182716 187710 194960 199067 208373 214712 216535 225428 227165 232397 238000 244989 247430 252151 257234 259739 263626 271830 272764 277220 283487 285438 289619 292479 297495 302886 306679 309680 313686 315450 319528 323483 328377 332366 333824 338091 341763 344593 347266 350316 354775 358599 362447 363721 366254 371145 375419 378547 381467 384546 384786 389504 393226 394459 396913 401546 402581 405841 408170 411667 415802
35 42000 64156 75717 91269 100712 113305 127354 132076 145661 156368 160084 170461 174860 181596 186521 194997 203963 204802 214387 217000 222904 231212 232164 240254 243797 249361 256815 258052 265908 271018 272011 276832 281222 284341 290479 296737 297232 304802 308874 312736 314377 318865 321009 325933 331596 332408 338976 342070 344426 349790 352858 354866 359121 362178 364538 370074 370802 373698 378065 382766 386144 389114 390873 395113 396104 401449 403458 408047 409186 413830 414126 419124 422269 423948 426943
36 35273 69060 77546 97931 113614 116320 131388 142916 150340 155926 168701 176216 181291 185671 196390 201471 207680 213344 220748 222152 229724 237054 243526 248165 251794 256789 262380 266205 270264 276427 279505 286375 289436 294233 298605 303768 305470 313179 317127 321752 324560 327659 332450 336326 341146 344624 347619 350811 355581 357254 362654 365573 368468 373360 374123 380784 381328 387063 389732 393834 397176 398545 403136 405124 408691 411598 416170 418901 421492 424739 427173 429050 433079 436714 440496
37 44400 69023 76546 95055 115117 125145 131545 145387 154339 161279 170842 174646 181715 193535 200347 203197 213063 218895 225548 228683 234710 240016 245542 254198 260055 264129 268652 274300 278559 282657 288979 292277 297200 304211 308856 313519 314130 320344 323660 326775 332589 336598 341203 345668 348115 354660 358117 359491 365383 367252 370370 373975 379354 381656 387282 390311 394566 395952 399051 405112 405720 411283 413143 418346 421410 423549 426897 429136 431554 435721 438602 441712 444924 449516 450611
38 36448 54275 82207 102811 109081 124417 133163 150472 159600 166681 174469 182558 188474 199491 203646 214422 221446 221576 228506 239008 244975 251720 253776 261842 263710 271161 274864 283959 284975 294052 297955 302762 304475 308807 313540 321903 325649 329090 333881 339287 343853 345110 351084 353625 357200 360740 368345 371934 373871 377178 383555 386032 389013 393662 395492 398620 403373 407434 412296 413065 418000 422399 425532 427225 433067 434265 439816 440013 445557 448400 451033 454477 458337 461915 463974
39 34883 67550 79545 108921 119062 123329 143401 154629 160233 171600 176321 185240 198095 200234 211609 217003 227273 230991 238889 244428 251179 257045 259049 267825 270200 275992 281449 289232 296195 301790 302696 310828 314718 319229 325364 327507 333581 337570 342312 344792 350653 355991 359562 363014 365852 371218 375374 378762 385923 386317 393185 395960 399707 401984 406349 411926 416333 417209 421200 426083 430698 431122 436033 438260 443984 447328 450108 452938 454948 461124 461652 466372 469881 472914 474840
40 26533 72883 83522 112285 114543 136000 147946 152000 166277 177989 187275 188468 201911 205524 214364 220400 227965 233238 244622 250056 256749 261075 270348 275855 277820 287444 292957 296971 302099 308493 312000 318195 324173 328000 333131 337046 340729 347333 351272 354897 357950 363186 368608 371117 375574 381827 387649 391183 394685 396141 403187 404297 411203 412989 417765 420438 423925 430442 431852 434953 441742 443116 447285 452053 453467 457541 462549 463862 469417 472677 473624 479533 483189 486358 489833
41 33809 61909 94211 103072 126503 131712 147600 160896 172785 176633 189312 194221 207283 213987 219110 229893 233376 242698 251541 256701 264315 268855 276742 279282 288868 290030 295655 306158 309543 314286 318219 325634 330044 335700 340868 347026 350784 352695 361173 362381 370818 371814 376218 383037 386358 390513 395049 400459 404219 409672 411800 416589 419324 423869 428445 431417 435450 440822 443937 449058 452711 455082 458907 462410 466248 469266 472408 477997 480942 482129 487745 490152 493228 495947 501207
42 44449 59397 90860 103562 123740 140810 154660 165461 169047 186699 188953 204898 213664 218723 222560 236098 240539 245332 257539 262290 267880 273484 282869 285970 295675 302050 305649 313625 315978 322280 327277 332517 337258 342654 347561 355291 356580 365569 369027 375378 379583 381900 388404 390758 397649 401534 405295 408762 411686 419580 422763 427411 428812 436072 438975 443692 447571 448673 454998 458705 463753 466408 469499 473092 477250 479610 484295 486330 491597 496169 499994 502036 505049 509015 513844
43 56394 67716 93815 110803 127268 136250 150929 168525 181621 187235 198919 202237 213966 222605 229638 241567 246267 254827 262828 269497 271956 283409 289221 293284 300016 309958 313163 319244 325098 332743 333077 340217 344107 350813 358528 363547 367996 371993 377225 383352 387287 390709 397372 403009 406390 408115 416368 417609 425331 428017 430945 436402 438769 444546 449921 452543 455881 460241 464480 467970 473547 478055 482291 485043 488613 493208 496198 499393 503890 505502 508856 514277 516716 520353 523118
44 57031 63458 94369 123200 135760 145133 156680 171994 182481 186883 201633 207501 222972 227442 238900 244824 252608 263413 269228 277165 283791 290933 296078 300362 310504 314961 322133 327142 334400 337627 343087 350788 356373 360585 362940 371064 377170 380237 388498 393253 396391 403171 407849 408324 417235 419272 422400 427140 433350 439207 444030 445075 452580 454714 460468 464570 468471 472831 475933 481514 482959 488935 491147 497258 499589 503987 507051 511537 515908 517257 521284 526899 531071 534487 538672
45 46765 79994 106489 117000 137084 142587 158206 179098 187710 196975 208753 218053 220454 236068 244164 249740 260379 268496 272241 279725 289683 291772 301332 305205 314485 321742 324749 331537 339623 344360 351692 357063 363694 370424 372496 380030 385427 388983 392817 398345 404099 412039 414293 421465 424625 428517 433124 436477 443929 449099 451976 456345 460058 467567 469469 471964 477848 480974 487996 488908 495409 497693 501260 507124 510785 515363 518731 521301 525326 529319 534118 537444 540150 545299 548188
46 58186 70667 110016 113425 135212 152009 164317 180048 190331 199875 208172 219068 231101 241489 251280 255621 264410 268224 278138 286828 295118 304852 309125 313341 322919 331455 334253 339154 344232 351291 361034 364069 373253 376414 381994 387275 393347 400385 401546 409787 413079 418271 421998 427082 432987 436879 442940 447313 454633 456676 462203 465851 469200 476805 481925 484902 490283 491146 497481 502475 505916 509501 514625 519372 521000 527217 532250 535500 537708 541864 546762 549541 554906 557720 561502
47 58703 88180 98139 132603 140372 160902 163355 185159 191262 209137 217829 227938 234435 247097 248701 261009 272762 276462 282470 292610 303287 307482 315566 319600 328059 338791 339313 351464 352719 360279 369361 371151 377875 384137 388937 397921 401018 406598 410275 417322 421430 429427 430865 436265 443397 449434 452373 457231 460888 467361 472251 478108 481515 484533 490154 494997 498555 502878 506293 513312 517939 519727 523707 528828 535305 537200 542682 544146 549800 554998 557857 561015 566111 569845 572243
48 59952 74978 97901 124430 145907 159198 173066 191038 197676 209227 219964 226161 242483 250889 258310 262907 272545 283972 293860 301293 308696 311372 320272 330329 334212 344398 351024 355070 363281 370192 375751 383159 384120 394769 397792 404455 412577 413358 420432 425877 433384 438143 444097 445444 454051 459799 462497 469812 471672 478269 482776 487052 491572 498276 502053 505256 510698 514205 519377 523970 527389 532173 537686 539312 544329 549721 554810 556386 560512 565097 570696 575520 577598 581415 584891
49 37955 81993 119222 123184 145027 164278 176944 186200 206499 209041 227731 233972 243230 257425 261497 274400 282845 292854 296764 307258 315432 317707 327678 335355 341175 351436 356860 363922 370849 377650 385204 386572 393711 402993 406198 411133 419802 423673 430420 437282 441979 445119 450800 457357 462369 469480 470298 477593 481797 488331 490979 497199 502196 505152 512419 514290 522166 527564 531283 536500 541045 544936 546345 554112 554718 561002 566454 568062 575202 576537 581760 587346 588571 596030 596272
50 44721 82462 101489 123693 151327 163401 183576 196469 206882 222711 226495 237276 254165 260576 265707 279106 290172 297825 302820 312250 320468 327109 332415 345109 348425 354824 366606 370810 378946 381051 392173 397744 401746 407063 416293 418927 426380 433128 438748 441701 449555 457275 461519 467868 470744 479479 480312 488262 490000 498698 502394 508232 512445 518652 523163 527162 529906 535537 542125 544610 547996 554887 558838 562583 569298 571402 576108 579828 585064 587963 592537 599166 600666 605310 611392
;

param:	cost_bundl	marginal	:=
1 10 12
2 50 61
3 100 101
4 150 190
5 200 248
6 250 275
7 300 333
8 350 379
9 400 405
10 450 462
11 500 544
12 550 598
13 600 642
14 650 658
15 700 732
16 750 752
17 800 825
18 850 895
19 900 938
20 950 987
21 1000 1029
22 1050 1066
23 1100 1106
24 1150 1193
25 1200 1217
26 1250 1272
27 1300 1340
28 1350 1384
29 1400 1419
30 1450 1468
31 1500 1540
32 1550 1556
33 1600 1646
34 1650 1678
35 1700 1705
36 1750 1782
37 1800 1819
38 1850 1890
39 1900 1911
40 1950 1975
41 2000 2017
42 2050 2054
43 2100 2141
44 2150 2156
45 2200 2219
46 2250 2276
47 2300 2317
48 2350 2378
49 2400 2418
50 2450 2482
51 2500 2546
52 2550 2567
53 2600 2637
54 2650 2677
55 2700 2729
56 2750 2760
57 2800 2823
58 2850 2856
59 2900 2906
60 2950 2973
61 3000 3049
62 3050 3094
63 3100 3135
64 3150 3171
65 3200 3205
66 3250 3258
67 3300 3339
68 3350 3387
69 3400 3415
70 3450 3484
71 3500 3536
72 3550 3566
73 3600 3625
74 3650 3670
75 3700 3727
;