param num_bundles := 75;

param num_cust := 50;

param price_reserve :
   1 2 3 4 5 6 7 8 9 10 11 12 13 14 15 16 17 18 19 20 21 22 23 24 25 26 27 28 29 30 31 32 33 34 35 36 37 38 39 40 41 42 43 44 45 46 47 48 49 50 51 52 53 54 55 56 57 58 59 60 61 62 63 64 65 66 67 68 69 70 71 72 73 74 75  :=
1 825 1536 2182 2661 2871 3458 3622 3852 4214 4350 4660 4741 5024 5177 5459 5571 5678 5875 6109 6197 6387 6505 6720 6832 7034 7206 7302 7348 7510 7733 7759 7975 8057 8195 8350 8381 8577 8635 8743 8870 9009 9121 9215 9291 9447 9527 9689 9739 9800 9948 10096 10182 10231 10321 10452 10526 10628 10754 10852 10872 11020 11074 11161 11250 11367 11453 11527 11633 11727 11793 11891 11923 12033 12113 12236
2 2466 3487 4866 5396 6312 6337 7310 7889 8314 8754 8962 9583 9920 10415 10889 11114 11600 11717 12020 12554 12649 13248 13375 13694 14034 14227 14450 14881 15179 15383 15543 15925 16030 16424 16700 16762 17172 17251 17636 17722 17942 18216 18491 18616 18965 19100 19250 19559 19653 19803 20056 20250 20548 20765 20808 20999 21343 21489 21652 21883 22040 22105 22321 22500 22638 22902 22992 23262 23403 23559 23809 23860 24013 24186 24377
3 3341 5126 6893 8161 9295 10004 11177 11416 12267 13077 13748 14611 15131 15519 16144 16628 17286 17859 18070 18907 19433 19617 20312 20672 21017 21608 22037 22062 22490 23129 23331 23789 24276 24629 24797 25243 25723 26050 26188 26732 26840 27318 27587 27950 28327 28574 29037 29326 29620 29777 30090 30393 30817 30997 31309 31487 31811 32132 32528 32765 32891 33255 33498 33734 34063 34394 34712 34898 35124 35319 35562 35820 36055 36284 36669
4 5600 6974 8908 10940 11370 12700 14333 15880 16666 17763 18243 19217 20380 20892 21257 22141 23103 23447 24645 24929 25311 25985 26940 27701 28262 28397 28955 29815 30125 30463 31323 31749 32407 32634 33351 33847 34251 34465 34963 35481 35822 36239 37034 37198 37668 38048 38633 38971 39233 39646 40350 40446 40949 41376 41777 42181 42596 42850 43407 43708 44131 44420 44864 44971 45361 45663 46234 46345 46654 47091 47443 47753 48239 48372 48944
5 6928 8775 12207 12689 15362 16093 18493 19774 20518 21378 22782 23896 25239 25788 26533 28089 28688 29189 30480 30854 32388 33000 33630 34117 34771 35665 36235 36919 37616 38354 39064 39837 40423 40902 41485 41845 42849 43474 43977 44520 44900 45563 45967 46861 47360 47434 48031 48980 49193 49860 50060 50744 51088 51527 52115 52830 53009 53638 54240 54461 55109 55462 55723 56205 56577 57219 57498 58181 58711 59102 59456 59783 60083 60581 61049
6 7397 8653 12700 14746 18783 19681 21766 23515 24593 25849 28014 28473 29394 30758 32555 33471 34342 35820 36634 37776 38381 39106 40588 41309 42034 43200 43267 44400 44996 45946 46600 47714 48165 49375 49753 50614 51488 51753 52786 53289 54173 54597 55525 55990 56744 57274 58061 58493 59081 59579 60407 61165 61423 62134 62860 63066 63634 64208 64622 65628 65989 66348 67104 67521 68295 68872 69018 69693 70197 70739 71023 71750 72150 72736 73082
7 7795 13058 15208 17929 21416 23964 26117 26674 29300 30576 32139 33977 34691 35721 37409 38494 40600 41625 42487 43310 44360 46136 46895 48295 49100 50166 51363 51477 53255 53713 54222 55437 56505 57195 58028 59331 59939 60363 61217 62312 63341 63635 64217 65352 65874 66526 67156 68271 68643 69958 70530 70932 71742 72719 72988 74055 74240 74844 75910 76245 77140 77343 78562 78824 79603 79825 80436 81272 82064 82446 83179 83673 84477 84859 85515
8 5307 11426 16857 20112 23893 27527 29153 30568 33866 34539 37181 38533 39840 41723 43200 45000 45537 47625 48636 49857 51797 52068 53737 55032 56365 57578 57689 59070 60250 61407 62318 63154 64518 65931 66067 67105 68520 68967 70254 71015 72319 73024 73548 74568 75404 75928 77381 78187 79067 79341 80780 81033 81663 83123 83859 84072 84830 85880 86592 87005 87898 88363 89529 89800 91186 91690 92205 93268 93829 94454 95210 95586 96572 97100 97521
9 12600 12855 20991 25328 27060 29741 32149 35638 38099 38731 41983 42520 45785 47419 47861 50624 51576 53275 55334 55655 58188 58907 60266 62041 63614 64222 66038 66964 67398 68636 70384 71163 72605 74019 75235 76006 77106 77484 79118 79730 80679 81855 83268 83831 84485 85873 86569 87832 88200 89277 90431 91694 92223 92835 94273 95213 96026 96413 97466 97765 98771 100123 100543 101553 102458 103198 103652 104291 105342 106429 106854 107323 108344 108792 110124
10 8000 19391 22539 24658 30463 33705 35100 38210 41376 43451 44721 47624 49193 52115 53329 55606 57376 59900 61547 62642 64467 65848 66453 68176 69455 71414 72801 74081 76131 77149 78638 79070 81117 81707 82849 84024 85065 86672 88227 88566 89510 91608 91695 92844 94319 95582 96685 97652 98610 99257 100080 101015 102294 103209 104499 104881 106339 107424 107833 108720 109909 110562 111911 112854 113137 114175 115672 116379 117098 118220 119063 119833 120499 121310 121902
11 14087 16755 23592 28769 34365 36747 40566 42942 45885 47644 51029 53120 55307 57873 59114 61679 62729 65706 67163 68483 70055 71762 73396 75892 76906 77875 79322 81162 83368 85177 86418 86642 89120 89743 91373 92033 94549 95440 96700 97671 99073 100360 101749 102530 104262 105164 106308 106898 107935 109780 110745 111290 112781 113252 115159 115537 116704 117839 118820 120117 121459 121897 122609 124159 125013 125805 127011 127979 128469 129856 130302 131633 132640 133168 134182
12 12471 17799 28599 31476 34613 38995 42051 44900 50286 51194 55616 56794 58983 61376 64800 66381 68179 71236 72240 74012 75971 78212 80212 82861 84683 85932 88116 89027 90630 91389 94122 95730 96300 98634 99853 100714 101908 104393 105764 106090 107680 108876 111232 111594 112800 114498 115823 117035 118503 119519 120455 121550 122447 124453 124708 126905 127810 128327 130243 131036 131694 133151 134550 134871 135807 137325 137974 139654 140005 141091 142087 143077 144499 145096 146714
13 11031 22815 30983 34099 39431 41192 46800 51082 52838 56904 60194 62400 63846 68691 68888 73217 75445 76424 79332 81848 83767 85682 88017 88209 90329 92364 93924 95848 98766 99923 101100 102889 105003 107011 107829 110063 111194 111921 114193 115517 117260 118578 119826 121089 122642 124502 124935 127134 128667 129165 131216 131730 132727 134020 135350 136494 138583 139021 140135 142337 143307 144481 144925 146272 147926 148769 149404 150710 152183 153664 154366 155370 156843 157101 159004
14 16085 27002 33248 38084 41813 44449 51705 53786 57383 62170 63788 68299 70946 73922 76271 78849 80180 82872 86165 88278 89775 91032 93998 95118 98836 99351 101420 103827 105623 107682 108552 111192 113149 115311 116864 118596 120367 121728 122626 123866 126000 127084 129074 130463 131570 133698 135446 137086 137742 139776 140503 141808 143047 145384 146646 147712 148321 150655 150915 152079 154356 155444 156900 158268 159034 160579 161018 162400 163746 165532 166005 166829 168396 169556 171441
15 18000 21840 30447 41243 44294 50912 54498 58634 63285 66813 68935 71561 75478 78918 79486 83732 84906 88843 90399 94154 94916 97488 100444 102879 105470 108042 109366 111081 112250 115412 116383 119850 120524 121971 123802 126036 128195 129904 131316 133458 134265 136558 137477 140584 141000 143718 143969 145925 148068 149579 151076 151789 153880 155480 156058 158262 159537 160745 162028 163768 165082 165708 168027 169068 170420 172102 173482 174026 175750 177076 178090 178821 180449 181989 182606
16 11538 23076 38400 41353 49883 51598 59695 61802 64399 69079 72901 76332 81270 84179 85146 89314 92524 95465 97377 100074 101193 104479 108092 108847 112820 113408 117139 118097 119776 122272 125659 127519 129511 130770 133713 135046 136704 138009 140509 143001 144213 145239 146991 148688 151079 152126 153533 156506 157841 158973 161148 161719 164326 165041 166585 168935 170173 171402 173628 174422 176465 176900 178570 180566 181217 183156 183910 185931 187111 188148 189855 191279 192107 194412 194911
17 15947 30975 38617 46742 51899 57399 62044 67830 69513 74179 78862 82305 83905 89181 91232 93485 97123 101432 103463 105070 109488 111890 114948 115750 120064 121690 123341 125524 127443 130136 133556 134933 137016 138443 141703 142516 144370 146674 148475 151138 153829 154204 156289 159002 161061 162419 163058 165066 166565 169148 171456 172866 174032 175158 177159 179718 181096 181892 184385 184824 186876 188876 189853 191550 193621 195078 196260 198107 198398 200715 202150 203972 205074 205468 207121
18 12980 30968 40570 49623 54715 60347 64900 71729 74216 77713 84351 87444 89495 94838 96665 99701 103151 107036 109134 113443 115817 118089 121123 122981 126616 129099 129999 134121 136563 139148 141182 142734 144000 147951 149172 151157 152777 155801 158645 160594 161198 164579 165130 168047 170040 172124 173474 175479 177023 179640 180324 182361 184971 186992 188098 188854 190528 192625 195431 197049 197246 200310 201536 202562 204028 205516 207274 208893 211421 212431 214404 214917 216928 218535 219924
19 22158 28940 46073 51405 54672 63473 68611 75332 78798 82382 86487 90962 95379 99890 101325 107211 109147 112341 115947 117370 121362 123661 127795 128920 133866 135581 138270 141623 143094 144799 148346 149847 153700 154917 158328 160682 163223 164325 167329 169431 170238 173764 174304 177627 179004 181885 184133 184799 187360 189658 190000 193016 194803 196243 198984 200682 201722 202936 204848 207614 208135 210103 213037 213308 215999 217365 219481 220433 222162 223813 225164 227620 228253 230707 232236
20 22271 34871 45431 55136 57550 66212 72774 76733 80399 85041 91477 95163 100240 104384 106808 110923 114612 119800 122638 124000 126744 131453 134343 135941 139198 142885 145931 147187 149720 152683 156205 159950 162432 164341 166997 168381 171301 174126 174677 178393 180975 181240 184478 187232 188170 189989 192541 195100 197949 198151 201752 203293 205095 206456 209380 211282 212528 214923 217182 217660 220291 221124 224000 225353 227473 229748 231136 232929 233752 236542 238193 238998 240466 242223 243442
21 24848 32803 45040 54113 59988 67331 76528 82624 86789 90957 97960 100449 103562 109200 114638 118124 120928 122881 127807 131347 133676 139045 141372 142923 146097 148908 152998 155286 157878 160976 165301 166046 169672 171636 174389 176700 178685 183026 184322 187689 189373 192239 194565 195334 198647 200547 203516 203862 206014 209790 210084 212878 214241 216534 219648 222124 223667 225435 226761 228389 231762 232826 234937 237402 238107 240099 241418 243781 246551 247871 250103 250702 252978 254785 255683
22 17041 36813 47796 59685 65559 73626 79809 87448 89419 97795 102719 106604 109028 116163 118392 123357 124839 130895 132658 136116 140249 142576 146725 151337 153370 158217 160705 164103 164868 170298 172781 174176 177642 180024 182905 185845 188482 190779 193450 194697 198195 200381 201729 204683 207920 208988 212571 214610 217478 219515 221360 222842 226376 227187 229645 231408 233200 236129 238495 239345 241680 243436 245652 247380 249639 252646 254516 255010 258217 259302 260568 263486 265353 267062 268544
23 25195 43396 53249 63072 71559 79141 82672 88363 92573 97905 104694 111069 112770 117458 125892 125976 132525 137308 141108 144663 148631 151241 153808 156468 160473 165792 168576 169265 174315 175645 180048 182846 186115 189216 189719 192816 195541 199451 202661 205615 206078 208528 211300 214431 216445 218488 222661 224035 226524 229862 230964 232516 234555 237201 239333 241752 245530 246433 248911 251153 254002 255497 256695 259197 260581 263287 265568 268145 268579 271945 273381 275655 276115 278329 280411
24 30735 45537 58197 65110 68221 81459 87985 94305 101028 104062 107653 117281 121051 126905 129511 134400 137031 143198 146380 149803 153825 156571 161283 165583 167106 172266 173996 179021 181831 184285 186830 190615 194800 197092 198664 201200 204550 207791 209392 213155 216745 218440 220696 224884 227583 228543 231547 234661 237491 239086 241388 242531 245833 248629 250199 252947 255259 256295 260353 261897 262907 265783 267683 270764 272925 274399 276740 278400 281773 283810 285186 286677 288719 290033 293743
25 19365 38079 60415 69821 73314 85732 88176 95000 105948 109202 112916 120623 127377 128550 135185 138112 143003 145945 151987 157083 160779 164697 167183 169926 175855 178536 182893 185338 187750 192029 196660 197167 201370 204512 207183 210060 212309 217141 218289 222598 224444 228583 230326 234307 236485 237171 242229 243567 245917 248546 251297 252834 255588 259374 260240 263723 265424 266927 269768 272764 276043 277444 278927 282312 284473 286880 288444 289957 292874 293726 296479 298915 300541 303439 304344
26 16444 41274 56963 69182 78862 88858 95883 102692 108952 110676 120949 122393 130726 132880 138851 146064 147170 155305 159683 161284 166644 169539 176110 179908 181106 187055 189568 194497 197805 200521 202800 205449 209490 213770 217221 218338 220801 224746 228504 230625 235210 236985 240440 242289 245669 247424 250573 253683 255383 258697 260934 263922 266268 269749 271946 273581 277312 279545 281185 282815 285385 288541 289524 293236 295806 297584 300882 301106 304367 306094 309738 311610 312476 314245 317711
27 36224 46138 64575 67662 81538 86569 100880 105956 113528 115565 125833 128470 136504 139671 144897 152161 153592 159734 162449 167400 174145 176143 181443 186671 190460 192440 196489 201399 204203 208513 210531 215527 216674 220145 224019 227890 229992 232388 236123 240770 243300 245804 249980 251955 253455 257564 259031 262664 264820 268592 271508 275082 276193 280488 282611 284719 287724 289341 292449 293643 296214 299055 300756 304658 307421 308888 311379 312548 316442 319240 321425 323865 324495 326644 329887
28 34972 51932 63109 76783 87833 90297 101883 106547 116124 119058 125595 131332 139776 145815 148901 155595 162786 164415 168373 172785 177176 183266 188413 192692 197673 201678 202763 209308 210131 214342 220259 221749 225674 227955 233930 236728 238115 242616 246845 249750 250440 255522 258451 261646 263795 267514 269964 272335 277073 278146 280056 283561 286477 289255 292489 295529 297960 301465 304003 304776 307439 311392 312448 316536 318216 320181 323833 324269 327827 329307 331490 334222 337258 338696 341829
29 23914 50895 69600 80576 85439 95656 105999 111866 122489 129562 135775 140523 144186 149456 154110 162814 168799 173710 174772 182585 184874 190254 194451 199911 201503 206043 210485 216395 217867 221921 228199 228494 235097 238295 240263 243047 246415 251549 254276 258865 261258 265663 268371 269060 272106 277068 278581 281763 284555 289361 290695 294718 296538 299586 301656 305148 307181 310124 314967 316087 319158 322826 325007 326865 329683 331717 335047 337747 340179 342789 345429 346790 349832 351223 353277
30 21633 49477 69714 80944 92952 98407 111283 115724 121787 134030 136821 145986 147336 158632 158858 165843 170974 178796 184054 186000 190305 195161 203381 203912 209914 212217 217826 221269 225938 231991 232534 239850 242981 245120 248982 253425 257021 259322 264341 268261 271595 273576 276847 279435 284415 286056 289745 293387 294000 297590 301257 303104 307174 311365 312173 316468 318735 321714 323221 328250 329181 333419 334712 338136 340100 342105 345873 347534 350782 354102 356281 358396 360350 364373 365212
31 39212 46809 75681 78424 97045 100929 109162 121495 126151 135410 139878 146194 153003 162506 168087 174594 177107 182558 189481 193396 199944 204506 210069 214685 216201 221558 227296 229651 234291 238116 243068 244173 251004 253215 256083 260621 263992 267966 271033 275674 278793 282560 287081 290277 293896 296889 299595 302405 305378 309938 311731 315652 318441 319345 323352 327076 329884 333823 336118 339248 340266 345146 346147 348195 352910 355190 358529 360827 361519 365537 368783 371690 373083 375702 378454
32 40477 49574 67731 80701 91186 108234 113047 126065 131939 136667 145521 155719 162035 168358 172325 180793 182260 187576 193382 201981 205798 209643 213515 217600 224000 230667 231287 236367 239637 245630 251480 253911 259417 261462 265581 268419 275051 276684 282181 283773 287074 290901 295857 296825 302971 305328 308730 311766 313731 318717 322486 325269 328651 331134 332554 335924 340526 342026 344769 350309 351185 354839 356624 360906 363732 365865 368653 370427 375097 377437 379979 382504 385968 388296 390610
33 44763 51548 77251 84779 94267 109449 122412 125920 136062 143995 152230 159905 163008 172612 175986 180869 186676 197780 198110 206718 213355 218499 221862 227867 229581 236129 239062 242769 247038 251494 256128 262428 267849 269794 273880 276413 281875 287309 288292 293756 296045 301296 304889 306811 309638 316181 319334 321238 325414 327017 330593 334262 337892 342501 345729 346861 351725 354316 356033 360048 363120 366107 369953 370483 375968 376489 380174 383028 385804 388952 392131 394347 397701 399614 404004
34 46618 66972 72604 90212 103575 109436 119533 135660 138527 147420 152053 163766 171085 179525 180424 189548 195315 201950 204113 210361 216642 220450 228180 235264 237903 241472 246306 250587 256424 260272 267198 269266 275127 279793 281852 285195 291370 295937 299818 303725 305471 309082 314569 317932 322122 324482 326895 330972 334585 337269 340000 344324 347399 352356 353731 357889 361553 364102 368771 369772 374371 376342 379035 383100 386704 388136 391517 394048 396796 401833 404071 407943 409245 413292 415413
35 36373 63000 78575 90189 103116 121041 126388 134648 140872 154793 157150 167708 172462 184141 186652 197866 201425 204323 210466 220139 223452 228976 233006 237588 247289 251805 256242 258242 265262 268840 272281 276655 282699 285116 288787 296572 297644 301325 308318 311480 316629 317556 324501 327806 330115 334465 335708 341066 344710 349089 351606 354521 358507 361704 363933 368947 372384 376897 378906 381677 385763 387853 391562 395670 396474 400838 402728 405396 409485 412050 416485 418656 421979 424295 426656
36 38773 55304 81140 101057 109667 123454 133540 135658 150340 156920 166692 169468 181148 188580 193598 198621 208178 211881 218624 222735 231298 237382 243207 247118 253231 256890 260198 267371 269592 276240 279783 284286 289168 293350 299472 301714 305809 310770 316718 319813 324879 326867 331904 334161 340005 344999 346947 349997 354193 358991 363511 365856 370433 372387 375230 379830 381532 385990 388667 392978 395476 398480 401008 405508 409135 412228 415484 419396 419952 424495 426809 431520 433438 435466 440849
37 50732 59661 79010 98172 113198 121819 136047 143872 152734 162126 171482 175896 187061 195225 195786 204540 211904 221135 224575 233423 238528 240130 246321 254306 256877 261943 271188 275892 281103 286505 290397 291432 297108 300589 305110 311855 315868 320600 323406 330193 334968 338707 343044 346301 350310 353810 354892 361466 363354 369185 373022 375436 378993 381010 384658 389468 392619 398227 401855 405112 406529 411216 413871 417494 420825 423549 425934 431110 431617 435155 440347 442332 446399 448235 450914
38 39491 74464 78247 101965 116753 129869 137432 151429 155754 161399 171127 182242 193464 194358 205622 212528 215095 226092 228885 234494 243200 250570 254798 261731 263710 269773 277166 281097 286390 289998 298536 303525 304569 312895 314001 319200 322620 327418 333968 337495 340137 347778 352234 353788 359617 362098 365354 369441 375643 377254 381441 384082 388716 394249 397822 400787 403659 407930 411103 414113 418621 420755 426346 426820 430190 435129 439488 442239 445363 449237 452695 455366 457391 461977 462540
39 40530 67550 81807 97422 118293 128641 135998 151449 159471 173889 174936 182926 194375 200386 208276 213896 222949 232173 236071 240918 248133 255502 263935 268732 270537 278952 284994 287544 295784 299057 305298 309160 312390 318847 324146 329729 333490 338649 340441 345056 352643 357356 359985 364686 368091 371382 374806 379564 382916 387574 393185 397571 400695 402211 408366 412516 414942 419753 421200 426725 428645 430769 437704 440061 441441 447260 451121 452064 455215 459539 461915 466307 470657 472721 475736
40 38367 75472 83905 104000 126238 133866 147729 151578 168381 175636 186762 193825 201435 209990 212565 224286 226839 234606 241197 248773 253361 261931 267612 272235 278165 284535 289441 296648 302840 307558 309942 319500 324666 325748 329945 335333 342041 344093 351272 353542 360533 366257 367913 374294 377952 383166 386243 390937 393954 397673 402711 404297 409097 414150 419447 423093 425657 428728 432592 437813 439855 442104 445708 452053 453114 459286 459635 463793 468734 471729 474974 479800 480200 485699 487606
41 46386 68114 100094 112433 126503 140122 147372 157089 171613 176633 187707 199683 201693 209060 223365 230623 235384 241587 247091 256307 265584 267978 276621 282394 285237 291763 297582 306597 311816 316524 322313 323043 330349 333993 341163 343520 351741 355544 362009 366256 367356 374696 379067 381895 385313 391029 393856 397594 404552 408604 410246 416105 421802 425374 427817 433050 435759 438144 443104 446655 451968 455008 457733 462119 466608 469195 473829 476589 481362 483452 486364 490357 492683 497910 499998
42 58197 70279 87699 116090 118794 135966 154888 157150 173577 184609 187830 205414 213168 215145 227111 230503 238921 245332 258360 260806 271672 274257 284362 290256 292194 297104 305649 309093 318979 320744 329426 332941 338302 343066 347256 351899 360907 364118 369122 372831 380141 380512 385486 391930 396316 398801 407118 409279 411771 419159 420420 425259 430782 436234 438493 443692 447650 451808 456005 459780 463068 465575 471374 471449 475324 482397 484804 487200 491454 495742 499076 501051 505049 508876 513157
43 47883 66615 92225 112788 131273 143648 155753 162947 180395 186840 193452 204781 211182 219763 229638 240185 248955 253955 258716 267707 277342 284841 289349 291640 298657 308163 313045 321438 321897 330177 338036 341735 347210 353333 359558 360995 367593 373383 375358 384315 387287 392974 396347 399229 406026 408658 415390 420258 423326 428277 434194 434704 441206 446455 450167 452951 457824 461925 464081 470727 472609 477513 479908 486185 487856 491706 496943 501388 503743 508710 511971 514061 517860 520282 524530
44 50552 83484 94779 120660 132877 142983 158400 170184 180346 192396 204872 208988 220352 232660 234153 242440 250452 260308 268940 275202 278420 289064 294373 303823 307748 314223 321652 325838 329971 340709 341050 351229 352110 357999 365703 373041 373560 383179 388099 392760 394727 401052 406994 412099 413787 420194 424412 428859 433082 437618 444204 445944 450350 456329 460384 464403 469627 473240 477881 481916 485278 486553 490437 497492 501446 502525 508500 512142 515232 518379 523064 527633 529172 531872 536295
45 38184 82976 91782 120075 140584 152735 162748 172650 187061 193448 208753 213169 222284 229985 243000 246968 262084 267589 275053 283321 285316 296317 302673 311379 317433 322873 328962 331048 342592 345183 351461 357856 360112 369110 371843 380563 383108 391991 397123 399158 406099 410660 414587 418185 424052 427950 435548 437218 442009 447111 451796 455101 461552 467567 469469 473763 479625 483996 485667 489074 496715 499155 501503 506725 512210 513079 520057 521845 525942 529472 535859 537595 542843 543812 547671
46 61715 74741 92459 128141 135836 156400 161459 183770 184689 198814 211600 217906 232015 235096 250098 256777 263929 275386 276460 284308 292670 299530 311444 314419 324618 328377 332984 344110 345215 354767 359507 366964 370179 374158 382437 388475 394529 398796 402493 406886 412156 417360 424897 430241 434937 438523 443799 447313 452861 455841 463939 464941 469290 476627 478488 485164 490024 494666 499434 500957 505247 508669 513555 520024 523592 526092 528820 535026 537472 541551 547922 550388 554601 557569 561200
47 57945 70343 100365 129911 145320 162541 168415 177359 195601 209770 219445 227161 233680 240022 252404 262696 273571 274216 285735 294567 298441 309344 312753 323311 330608 337616 344610 349700 351841 362967 364909 374705 379276 387230 392893 393904 401238 407574 410706 416368 421535 426122 432604 437479 443795 447069 452862 458581 462801 465940 473838 475607 479768 484533 492761 496423 498909 503229 506554 512278 514945 519387 523539 528745 534066 537118 541296 548029 551965 552365 557223 562824 567825 570077 572629
48 54306 92579 110713 119133 139117 157744 173333 183156 203420 209667 218492 229799 235151 248119 253992 268457 276906 286396 292446 301446 310482 312111 320847 325976 339140 343862 349972 358557 365431 366313 377342 379655 389007 392662 399065 404797 407407 415470 422400 429218 431680 436140 444719 450075 450587 457186 463691 470008 471769 478269 480096 488658 493910 496423 501135 503428 512140 515994 518578 522561 529830 533383 536742 539824 545935 548210 555557 557131 563218 567457 570211 575680 577119 581335 585128
49 64263 81405 112593 130012 150869 163399 181499 186715 204630 208120 227520 239248 242042 251767 267129 274050 280800 287225 296278 308661 315889 318613 330305 334064 342299 351026 354836 364844 369162 373687 384455 387317 394929 398921 406316 411250 421400 425257 429191 434749 439473 447378 450374 459138 461953 468251 474263 475578 483290 488036 491761 497778 500280 509129 513168 516247 522534 525832 528564 533358 539801 541755 548450 551070 557654 562199 563479 570424 572609 578366 583820 583902 590770 593689 599244
50 45826 95394 115758 130000 155885 159687 185472 187083 202485 222486 224722 238956 248596 259422 265141 275681 287228 297153 300500 309031 323265 327261 335559 340735 352278 358887 365923 370945 377757 381838 390640 393954 403856 411339 412795 418688 429535 435660 440114 443396 448107 456289 461519 465296 470106 477179 484252 487647 493660 499700 500300 506162 513712 515073 524118 526593 530000 537215 539722 543139 549363 553624 557315 565243 567186 573585 577062 579914 584380 588982 594559 598665 601997 605310 610164
;

param:	cost_bundl	marginal	:=
1 10 10
2 50 90
3 100 126
4 150 176
5 200 215
6 250 278
7 300 302
8 350 368
9 400 420
10 450 463
11 500 514
12 550 556
13 600 639
14 650 666
15 700 723
16 750 754
17 800 841
18 850 889
19 900 934
20 950 994
21 1000 1015
22 1050 1091
23 1100 1115
24 1150 1193
25 1200 1204
26 1250 1295
27 1300 1345
28 1350 1362
29 1400 1414
30 1450 1490
31 1500 1537
32 1550 1592
33 1600 1601
34 1650 1659
35 1700 1711
36 1750 1768
37 1800 1832
38 1850 1853
39 1900 1931
40 1950 1960
41 2000 2029
42 2050 2082
43 2100 2120
44 2150 2154
45 2200 2241
46 2250 2279
47 2300 2345
48 2350 2373
49 2400 2431
50 2450 2484
51 2500 2537
52 2550 2569
53 2600 2638
54 2650 2658
55 2700 2716
56 2750 2792
57 2800 2801
58 2850 2897
59 2900 2943
60 2950 2985
61 3000 3031
62 3050 3093
63 3100 3106
64 3150 3184
65 3200 3240
66 3250 3264
67 3300 3328
68 3350 3395
69 3400 3448
70 3450 3499
71 3500 3539
72 3550 3586
73 3600 3604
74 3650 3673
75 3700 3724
;