param num_bundles := 75;

param num_cust := 50;

param price_reserve :
   1 2 3 4 5 6 7 8 9 10 11 12 13 14 15 16 17 18 19 20 21 22 23 24 25 26 27 28 29 30 31 32 33 34 35 36 37 38 39 40 41 42 43 44 45 46 47 48 49 50 51 52 53 54 55 56 57 58 59 60 61 62 63 64 65 66 67 68 69 70 71 72 73 74 75  :=
1 800 1587 2433 2569 2905 3365 3487 3960 4079 4450 4494 4841 5083 5181 5374 5477 5790 5858 6158 6187 6366 6515 6672 6893 6931 7085 7272 7354 7566 7647 7861 7927 8072 8224 8331 8402 8499 8612 8736 8938 8998 9091 9183 9332 9474 9510 9617 9778 9871 9918 10036 10186 10294 10309 10440 10570 10628 10705 10846 10863 10985 11110 11204 11312 11338 11451 11500 11640 11684 11790 11908 11982 12048 12146 12174
2 1265 3200 4327 5154 6013 6450 7299 7705 8476 8570 9226 9440 10151 10392 10606 10954 11607 11859 12316 12490 12668 13041 13494 13822 14029 14153 14439 14768 15063 15232 15605 15950 16228 16371 16531 16848 17065 17316 17618 17763 17996 18313 18426 18650 18813 19116 19316 19592 19787 19952 20096 20353 20396 20626 20800 21155 21215 21410 21696 21766 22051 22239 22421 22539 22772 22825 23037 23241 23484 23593 23718 23900 24060 24288 24482
3 3175 5499 6321 8400 9119 10165 10900 11541 12045 12980 13550 14524 15084 15496 16388 16843 17150 17748 18445 18513 19349 19891 20089 20523 21162 21600 21996 22045 22618 23230 23292 23850 24246 24468 24797 25357 25646 25821 26414 26739 27146 27272 27522 27924 28448 28650 28875 29111 29674 29777 30042 30553 30805 31061 31401 31573 31851 32115 32367 32765 32973 33174 33503 33782 34079 34237 34582 34816 35181 35461 35729 35794 36219 36284 36733
4 3200 7505 9432 10431 11758 12649 14795 15960 16895 17527 18642 19399 19823 20877 21630 22599 23048 23351 24462 25171 25886 25972 26545 27224 28046 28284 29230 29632 30008 30568 31200 31537 32486 32956 33323 33552 34157 34604 35136 35634 36089 36617 36817 37412 37838 38099 38492 39176 39347 39598 40343 40776 41035 41415 41822 42158 42581 43037 43207 43767 43832 44463 44814 45042 45586 45656 46276 46428 46928 47057 47598 47699 48180 48451 48662
5 6245 7280 10954 13077 15133 16371 18055 18841 20224 21331 22869 24228 25357 25768 26758 28036 28844 29462 30050 30822 32265 33076 33897 34583 34914 35986 36083 36770 37537 38678 39256 39509 40534 41195 41593 42285 42474 43058 44011 44283 44878 45365 46206 46637 47011 47802 48042 48621 49122 49608 50398 50892 51245 51730 52154 52621 52981 53563 54120 54342 54809 55371 55911 56551 56683 57315 57862 57905 58634 59042 59313 59783 60108 60457 60943
6 5879 9600 13735 15084 17055 20258 22224 22514 24593 26291 26993 28296 30476 30875 32555 32951 34676 35739 36791 37604 38456 39290 40160 41186 42086 42680 43714 44156 45235 45962 47198 47970 48045 49097 50085 50386 51109 52031 52444 53194 53920 54899 55161 56093 56820 57400 57887 58763 58959 59579 60490 60704 61447 62064 62848 63225 64029 64253 64744 65320 66185 66478 67243 67542 68126 68442 68956 69486 70033 70576 71458 71619 72359 72647 73328
7 6567 11629 15272 19399 21000 22180 24450 26341 28417 30959 32322 33041 35251 35748 38084 39225 39598 41789 42923 43849 44931 46306 46496 47497 48980 49951 50517 51951 52589 53329 54564 55260 56087 57297 57876 58900 59595 60912 61568 62154 62984 63696 64749 65561 66393 67112 67578 68328 68814 69663 70140 71276 71469 72178 73176 74055 74648 74962 75574 76052 77140 77684 78062 78687 79652 79898 80813 81513 82052 82790 83109 83813 84396 85067 85492
8 9732 12496 18452 20984 23131 26095 29632 31313 33447 34687 36204 38897 39517 41229 42573 44943 45537 47193 48292 50139 50975 52557 53379 55171 55771 56727 58613 59416 59931 61657 61968 63579 64399 65541 66260 67788 68014 68819 69852 70835 72302 73251 73583 74773 75658 76650 76733 78253 78677 79244 80128 80875 81851 82520 83354 84558 85327 85954 86799 86991 88000 88392 89586 90382 90707 91396 92385 92745 93364 94033 94792 95492 96253 97074 97783
9 11803 14734 21972 23469 28404 30227 33336 34810 38099 40007 41595 42823 44493 47007 48600 49916 52355 52909 55246 56836 57964 59509 60961 61490 63180 64750 64900 66527 67614 68566 70223 71481 72292 73975 74890 76346 76791 77984 78728 80257 80579 82368 82976 84216 84734 86099 86531 87277 88182 89657 90628 91729 91853 93097 93548 94616 95536 96766 97233 98145 99196 100107 100381 101057 102442 103198 104042 104741 105296 105741 107036 107700 108090 109208 109962
10 10000 15232 22091 27276 28284 31875 34641 37470 41665 44452 46861 47666 50517 52077 54699 55714 58103 58447 61449 61968 63372 65757 66963 69022 69397 71106 72415 74673 75366 77408 77897 79725 80474 81413 83114 84758 84994 86023 88136 88431 90421 91104 92304 92736 93957 95037 96519 97939 98975 99076 100140 101114 102430 103344 104709 105014 106019 107573 107926 108940 109709 111104 111624 112978 113596 114560 114961 116550 117030 117932 119130 119850 120599 120830 121820
11 14087 15864 22110 29680 32183 36150 38547 42318 45194 48600 50981 52478 54068 56132 59481 61206 63952 65002 67451 68271 70914 71829 73131 75187 76843 78525 80021 81221 82756 85120 86138 86698 89120 89473 91717 93000 94523 94804 96274 97993 99561 99876 101439 102743 103844 104471 105989 107620 108449 109868 110439 111247 112178 113678 114611 115495 116745 118167 118739 119875 121320 122293 123121 124042 124548 125477 127125 127771 128902 129930 130469 131963 132658 133513 134452
12 16100 18120 24710 32289 34613 38174 44058 47940 49941 50912 55304 57800 60716 62722 63679 67286 69351 70218 73151 75514 77398 78249 80962 82163 84649 85259 86633 89768 91074 91641 93384 94944 96359 98400 99216 101285 101823 103507 105135 106117 108585 108929 110165 112391 113335 114019 115724 116369 117918 119447 120431 121503 123010 124175 125031 126701 127584 128909 129422 130839 132000 133281 133777 134871 136547 137660 137995 139386 140313 141458 142067 143700 144379 145907 146183
13 16027 21122 26895 32578 39087 42405 48363 48988 54414 56725 59743 61472 64583 68247 68937 72939 74905 76865 78087 80137 84129 85997 86271 88896 91297 92437 94463 96865 98182 99584 101766 103020 105388 107169 107547 110002 111254 113003 113421 115195 116624 118806 119769 120557 122145 124067 125664 126762 127453 129453 130389 132345 133767 135025 135873 136370 138241 139167 141192 142194 143047 144271 145530 146894 147331 148815 149630 151560 151605 153488 153950 155761 157015 158002 158685
14 19600 22047 29367 36828 40382 46094 52083 55930 58800 59857 62984 65785 70391 72746 74451 77596 80813 83061 86211 86664 90601 92442 92865 95035 98399 100917 101382 104316 106363 108407 109415 110910 113010 114081 115718 117300 119714 121631 123518 124844 126280 127761 129800 130373 132076 133081 135243 136914 138168 138847 140308 141642 143375 144736 145788 146887 148532 149610 150785 152105 153694 155797 156249 157896 159453 159943 161480 163074 163842 164820 166335 166970 168489 170110 171167
15 13748 22249 32450 38536 46573 49477 52048 59245 61919 64552 69455 73178 75478 77942 80106 82976 87000 88182 90747 93867 94868 99227 100399 102352 104441 106616 108954 111647 112969 115957 117729 118415 120748 123256 124816 126143 127491 129835 132136 133593 134298 136261 138293 139169 141637 143028 144872 146448 148401 148614 150539 151789 153851 155798 157264 158177 160016 160885 162693 163686 165327 166196 167194 169121 169918 171473 172702 174774 175699 176542 178720 178821 181072 181271 183000
16 17817 26773 33714 43052 50190 51200 57689 61968 65032 70327 73251 76265 79486 83507 84845 88218 91074 95840 97849 99200 102749 105987 107950 108847 112320 113228 116041 118184 121768 122940 125618 126875 129590 130456 133406 134324 136929 137823 140472 141959 143751 145942 146677 149820 150740 152126 153767 156080 158101 159872 160830 162319 164170 165351 167321 167992 169328 171043 173303 175154 176697 177015 179086 179771 181415 183268 184188 185379 186590 189288 189747 191412 192984 194042 195279
17 15947 26336 38467 47112 48562 56587 59960 65489 70913 74723 79374 83005 86014 88335 90723 94896 98424 100918 103239 106979 107517 112611 113531 116298 119775 120208 124739 126670 127670 130668 131901 135404 137227 139855 141417 144170 145685 147224 149561 150946 153754 155473 157358 158347 161025 161598 164575 165486 167879 168772 171388 171860 174794 176538 177941 179686 180776 182938 184448 185417 187432 189090 190673 191248 192753 195167 195345 197844 198922 200485 201635 203688 204283 206506 206926
18 16100 31997 42290 47351 53153 57148 65891 67829 73690 77211 80980 87295 89567 93323 95383 100478 104400 107036 110374 113214 113842 118636 120048 124395 125897 128142 130646 133879 136847 137273 141549 141915 146055 147380 148519 150986 154381 154926 157539 160594 161399 163711 166303 168009 168855 170839 172800 175848 177462 178336 181434 183529 185111 186715 187926 189402 191884 193297 194733 196818 197967 199597 202017 203105 204536 206239 207367 208707 210007 212034 213981 214676 216300 218387 219895
19 14218 34620 42992 47916 54936 63700 70888 72996 76474 84715 88875 91200 96583 97919 102389 105514 109543 112598 116258 118350 120826 124127 128752 129646 132837 135261 138270 141878 143296 146140 147565 151143 153136 155800 158693 160682 161846 165507 167070 169175 171548 172890 175254 176935 179004 182162 182242 184251 188014 189277 190758 192642 195063 196207 199056 200933 202116 204248 206043 208100 209276 211507 211780 214927 216467 217598 218921 220596 222032 223523 225580 227747 228727 230269 232360
20 15492 37523 48166 54845 57411 68702 69513 79196 82559 86070 91214 96333 100319 102917 106658 111212 115308 117098 121194 125284 128125 132424 132846 136646 140741 142660 144222 148862 149666 154661 155383 157683 161889 164049 165457 168523 170786 173251 175180 177764 179064 182954 185170 186933 188213 191123 193701 194402 196937 199399 201514 202148 205407 206146 207846 211358 212075 213654 216370 218614 219199 221450 223643 226203 226733 229713 231413 232345 233649 236576 237958 238361 241528 242586 243902
21 28794 35638 42625 52793 62719 69268 75132 83579 88100 92113 98140 99833 105252 110485 111518 118571 119829 124096 127462 130064 134137 138090 140119 144214 146459 150205 154204 154774 158769 160647 164552 165993 169412 172302 174944 177049 180502 183026 185038 187783 189466 191549 194338 196370 197935 201030 201425 204208 206228 208440 210042 212505 214529 217429 220090 221289 222679 226138 226333 228813 230885 233469 235650 237179 238551 240466 242293 243201 245404 247622 248830 251720 252978 255372 256028
22 20638 41040 48798 58868 65263 72966 78587 83484 92609 96800 102813 103844 111138 113976 119125 123121 126457 129557 135474 137812 141964 145267 146197 151273 155252 157726 161487 164515 164868 168066 170582 173396 177697 179916 183486 186572 188431 191236 192245 196183 197461 199704 202065 204304 208107 210005 211337 213751 215600 219207 221229 223492 225218 228207 228715 232577 233739 236661 238697 240113 242160 244190 245849 248629 248979 251994 254630 255882 256901 259749 262013 262271 265791 266663 268868
23 18400 33489 52448 64400 66501 79008 80991 86181 97472 100043 105500 109534 114354 117728 125640 129619 132764 137385 140883 142154 146335 150961 154289 158950 161459 162895 166428 171500 172116 178098 179930 181277 184803 187023 190553 192652 196027 197907 200878 204997 206078 208274 212050 214776 217809 220320 221756 224695 226710 228199 230460 234194 236218 238225 240391 242538 243670 247162 249335 250816 252665 254376 258133 258461 260946 263488 264850 266363 268539 270697 273768 275923 276153 278974 280109
24 28800 46040 49185 60905 72478 77546 84103 95277 98605 102049 108293 112877 119808 123687 128529 132327 138703 141824 144000 148877 155464 156571 162280 164816 169094 171058 173333 179150 182084 184035 187876 189342 192659 196096 199763 202285 206121 206957 209447 211962 215733 218966 220800 223497 225396 228492 232491 233874 236859 238507 240719 244565 246255 249277 251256 253447 255169 257819 258666 261677 263301 265393 267253 270594 273094 275195 275948 278937 280420 282915 284742 287119 288280 290905 292209
25 34641 45000 58949 63246 75664 79057 93005 95000 100250 111467 116190 120934 122882 128647 135831 137022 145602 148408 150997 157560 160078 165680 166358 172554 175713 177553 180485 183780 187083 191050 194358 197421 201184 205487 207545 211955 214301 215058 219659 222711 225278 227211 230760 231894 236538 238118 240260 244796 245866 248495 251893 254902 257002 258844 260960 264386 266224 267161 270924 271846 274044 277984 280223 280980 283681 286749 287793 290775 293598 295593 296859 299625 300250 302696 304220
26 36027 50147 59061 70536 80053 87786 92144 102955 108579 112493 117087 126842 127797 133388 140881 143825 149811 153113 158408 164027 165013 171363 173636 177487 181703 186404 189925 193031 195675 199845 202733 207153 211161 211417 216785 218338 223419 224264 229390 231736 234289 236071 238917 243735 246329 246658 251650 252079 255171 259323 260675 264025 265302 267838 272542 273631 277507 279835 282289 282767 286095 288541 290037 292081 294248 297584 299621 302495 304278 306359 308382 309957 314030 315576 317072
27 22910 47692 59154 67012 76368 86737 93531 101887 108000 114806 124902 129937 137249 138413 144998 149161 154538 161369 163701 169477 172462 176143 180476 186671 187839 193045 194924 199508 203917 206969 210254 214849 217882 222254 225187 228975 229548 234201 237047 239677 244376 247400 249863 251955 254374 258242 260267 262498 265864 268049 270970 274233 275506 279447 281059 285230 286098 288534 293196 294980 296164 299785 302448 304083 306661 310159 311426 313340 315704 319423 321198 322421 324495 328380 329887
28 34972 54294 58466 70613 79984 94870 101111 109308 117866 119058 131093 136599 138423 143539 148901 156299 161723 166782 168280 175129 177176 184800 187161 193909 197037 200273 202299 207955 211098 216525 217176 222877 225882 230690 233191 236397 239232 240865 244548 249624 252311 256441 259420 261287 263676 267044 269674 273484 274857 278990 281842 283229 285545 290283 293239 294626 296800 300528 303332 305084 307490 309574 312046 316437 317920 319789 322912 326437 327588 330779 332387 335953 338279 340266 342334
29 38908 48178 59432 71035 86223 92437 102284 112616 117154 127336 130468 139200 146155 148439 158415 160105 167298 170780 178580 181846 184965 190960 194624 196944 201002 206939 210485 213342 218561 221618 227904 229008 232435 238083 240962 243255 247640 252417 255200 257431 262478 263565 266926 270494 274445 276885 278883 282181 285381 288838 290753 295003 298291 299305 303324 306139 309255 312124 313200 317255 319790 320893 324074 326401 330142 330753 334193 336000 338742 342495 343280 346644 348724 350984 353039
30 31177 54991 72250 80498 93915 100220 107331 115100 125427 130905 138910 141605 150120 153792 163328 169068 173378 175340 181494 188213 194237 197818 199359 205232 208710 214159 216583 221675 227130 231136 233846 237739 240375 247022 249992 252357 254700 259322 263317 267858 270067 274430 275085 279950 282701 285552 289372 292465 294367 297045 302866 304644 306764 311191 313554 315557 320256 322664 325662 327151 329181 333203 336054 337070 340365 342421 346445 349136 351960 353797 356937 357693 361945 362988 366786
31 23198 52242 71233 76439 92378 106849 113648 118126 127816 134698 140153 147242 155742 162743 168430 173046 176673 185275 188157 192200 200616 201476 206470 211619 217177 222337 225683 228224 232066 236821 240285 247146 249237 252074 257505 261872 265372 266888 272941 274626 279963 282967 285335 290475 291400 295331 299339 303357 305189 309752 310372 315835 317897 319526 322400 326193 328307 333131 335374 338738 340153 343415 345535 348857 352092 354649 357617 359012 361838 364748 369356 371224 374420 376570 378809
32 40980 63679 69522 88912 93624 109924 119047 123273 133636 138157 147061 153733 161021 167870 173981 177362 183603 191466 193170 197469 205000 207384 215709 219101 225003 228884 231199 237663 242610 246628 250337 254556 256799 262322 265118 270849 273633 277940 279483 285500 286860 290196 295164 297170 302971 304589 307133 310779 314252 318332 322041 323374 326839 330391 333108 338596 340886 343877 345718 347668 353104 353567 358686 361076 362604 366648 369541 372357 374714 378575 379062 383413 385384 387504 391866
33 25562 61561 74670 92400 94267 110439 119531 128319 133640 141400 153937 160856 164604 169429 177342 182905 187955 193775 199643 208606 210787 217900 222450 228535 232129 237692 238058 242679 247566 254250 259758 262345 267849 269713 274357 279001 283723 285331 290250 291896 298244 301440 302810 307379 311531 316043 318651 321644 326150 327216 330923 333871 337634 340716 345414 349177 350671 355298 356583 359018 364377 366582 370130 373236 375447 378048 379945 383652 386819 388111 390461 394567 397044 400919 402275
34 28037 62693 69012 87348 102678 111113 123153 133426 140679 147890 154765 160630 169728 177713 184730 189426 198136 203091 207818 211785 215035 224503 229997 230599 240128 244800 246963 253887 255159 259026 263626 270637 276050 279876 281770 285357 289380 292795 299972 300588 304333 311392 312356 316328 322337 323769 326825 332018 334378 338842 341628 344392 346800 351896 353404 359629 361745 364356 368708 372079 372948 376710 379401 384546 387123 389148 393167 394752 398366 401776 405043 407036 408227 411330 414298
35 27111 63773 81333 90730 107079 115022 121445 133918 141393 150296 160695 167562 176255 178740 185467 195875 198854 209883 214844 218014 223013 230469 234160 237691 243797 249754 256529 258432 262943 267836 274789 275857 281918 287852 291405 296655 299940 302543 308080 312658 316474 319556 322152 324954 331079 332923 337963 339410 343642 348527 351327 354521 359530 361975 366682 370207 371396 375137 378324 381355 385382 387600 391687 392874 398570 400104 403458 405457 410143 412703 415720 419066 421863 423080 426426
36 33771 63995 73426 90503 111076 121337 134121 136230 150857 154758 162599 169008 177681 189676 192659 199922 205925 213465 217793 223432 232528 235188 239122 249103 252411 257091 263268 264839 271794 278110 281353 284833 291222 295288 296951 304109 306402 311436 314171 319489 322235 328213 330808 333928 340994 345150 345900 349181 354047 358412 361509 367059 368750 373430 375023 379078 383970 386325 388667 391789 396850 400038 402814 406657 409768 410589 416045 419705 419829 423455 428445 431640 433019 436892 439259
37 51269 73256 89415 100923 113198 117004 130919 140015 151474 159057 165965 176982 185148 189099 199800 203466 211127 221630 222370 231657 239101 242512 250291 253767 258683 262778 269973 272597 281492 284202 288695 291902 299403 304121 308501 312732 315434 321794 324589 327445 334804 335539 342165 344716 349136 351870 356047 361390 365233 369926 373095 376964 378414 382731 387494 390521 392130 396228 398571 404909 407806 410283 415060 415917 420500 422449 427218 430665 432505 436224 440160 441402 444924 447929 451218
38 37232 73292 88630 97919 114757 128303 137642 142993 152569 164061 171632 184133 192567 200790 203362 210480 219481 222097 232391 235355 246033 246620 256831 262062 264912 271481 274654 279758 289100 290594 298536 299405 305611 311507 315286 322351 325738 329616 332147 335693 340222 344524 348856 356391 356553 361060 364642 371468 372942 376258 381063 386182 389977 392634 395784 398910 402728 406227 412156 413904 416755 420686 424989 429047 430659 435593 437446 443022 444973 448529 450328 452950 458904 461727 463351
39 51148 74815 92291 101100 115693 132370 144879 154826 163055 165830 178380 182926 191537 200082 209586 216722 223222 230331 237356 245793 252267 257754 262201 266230 271323 278078 286165 287967 296708 299565 304300 311023 316645 319229 325644 330374 331110 336306 340352 347428 352902 357271 360745 362259 368999 371382 377717 379003 384501 389532 393262 396344 398259 403193 407918 409333 413400 419463 420260 425797 428361 430769 435475 440268 442817 446580 451390 453072 454948 461059 463821 465197 468779 472077 475480
40 43818 62992 86902 107926 119465 128996 140171 158190 168190 170458 179064 189484 196122 206301 212716 221991 229922 233923 244360 250950 255750 263636 268924 272000 280799 285993 292192 296864 303051 304736 313739 315265 320699 325650 334568 335237 341198 347148 353089 353814 357860 364768 368348 372752 377020 382999 383833 391265 393711 398477 402393 407372 411047 414922 417382 421198 425356 427607 433848 437667 438397 443188 447214 450706 454594 456631 462065 463793 469007 470710 474839 477594 482129 485963 488983
41 28406 73800 93134 102089 119394 134989 149186 162145 166644 182254 183907 193874 202359 210821 219570 228573 232221 241448 246000 258528 264442 268855 271963 280363 286061 292799 298710 301399 310844 312999 318325 324496 330553 335700 339187 344498 350304 356771 357524 362473 368270 374606 375771 384527 387141 391630 394453 398861 403470 408439 413104 416670 421882 425058 428288 431183 434445 438604 442116 447182 450851 455820 460151 462701 466752 467688 474538 477434 479402 482408 488296 489946 493160 496151 499191
42 38494 74187 85251 114868 132283 133610 148848 158045 172354 178389 191365 205070 207974 215963 224769 236695 244612 245044 255061 264166 268274 274900 284734 285476 291953 297460 307720 313962 315308 324244 328460 331454 338406 343271 348878 352300 359438 362954 368931 373682 376691 382915 385669 393816 396672 401358 403200 409538 413140 418232 421844 424927 430454 434208 437688 444010 447256 450165 452977 459243 463829 466181 469499 472271 476732 481372 485532 487345 491454 493889 498510 502247 504839 509015 510952
43 33308 64357 95766 110469 128425 142874 160200 161121 173498 185250 192302 209070 218920 226884 229799 240493 250288 251173 259287 271820 274393 279070 286136 294668 299028 305149 313753 318432 324757 328042 336061 343247 346677 351970 358012 362529 366485 374372 375752 383545 385660 390141 397465 400247 405935 408387 413427 419994 424024 429311 431717 437164 440954 444296 447035 453604 455394 460963 465434 469390 474171 475106 479291 485119 487097 492308 497389 500945 503008 508492 508856 513053 516287 522056 523753
44 27828 69291 93958 119369 132293 151401 156926 173116 178837 189762 206003 211932 219648 227782 238738 247654 252147 260308 266917 278002 281325 290667 295423 301392 307119 313853 323093 328324 333472 339342 341730 351890 352550 359402 367288 370228 375008 378809 386299 392267 397756 403171 404896 411723 415002 421115 422400 430211 434242 438501 444291 448196 450780 454288 460384 465236 469544 471519 475200 478772 484320 488142 490911 494212 500054 501754 508195 511385 514104 518678 521210 526605 530633 532236 538816
45 57628 88640 93097 112770 137674 142871 166925 173352 185321 195944 207000 217122 226077 235208 245817 250064 255986 264698 275200 278128 287296 297136 302405 309422 316155 319088 327358 335061 340695 346704 348917 358873 361011 370752 374880 377142 384691 387941 394155 398040 403497 411842 416924 421657 426813 427950 432843 438051 442009 448919 450000 458294 460058 466787 469900 474702 479287 482907 487581 491222 493361 497286 503920 508639 511023 515834 519823 522775 527864 531686 533511 539400 542395 546782 550768
46 62397 87279 105700 123773 145174 149199 161197 180517 185603 199663 211200 215955 230551 235815 243583 252288 267750 268382 281165 290638 296548 299954 309536 318432 319626 325269 336398 338530 347414 355958 360447 366040 371662 378320 379326 384864 391514 396562 404172 410303 413898 419585 425693 428467 434256 437750 441887 447029 451082 457417 463391 466123 471090 476450 480959 485687 489419 494323 498840 501632 504828 509334 515036 517740 524077 527137 528820 534867 538495 544202 546839 551770 554601 559160 562179
47 49740 81406 112408 121111 146531 161724 167626 177359 196053 206800 218436 220850 235751 245122 249233 258628 270648 277897 286507 294717 297848 306475 318631 324402 330073 335515 345122 350583 352092 358188 366118 373169 377173 383100 391654 394128 402008 408873 412530 420276 421221 426122 430967 439293 444094 446376 451396 459255 460888 465656 470376 476071 481607 484624 489071 493030 497401 501823 508035 512882 518621 522610 525560 530497 533735 539252 543170 545038 551004 555555 557698 563295 564861 568836 572243
48 41845 89543 114397 118745 135765 155686 173066 187385 192240 208565 223497 226161 237103 245692 256340 265002 274231 282997 291341 297290 306599 313877 318685 329491 339275 340901 348917 354681 363661 365809 373414 383640 384000 391840 400102 402628 407407 414582 420760 426741 434128 435929 440346 449460 453136 457387 463790 468043 473232 475467 483062 487052 490258 495401 500583 505620 509886 513757 519377 525551 528785 530612 535625 542888 543482 548041 554395 559442 561087 565993 569483 574558 579271 583314 585206
49 39200 84870 118008 127023 151187 164570 180171 191539 201318 214707 227731 237030 243032 255928 265867 269277 280629 291869 294490 305691 310986 320566 329577 335784 340612 347175 356321 364449 366944 376376 383830 388925 395901 401202 408673 412416 420944 423786 430308 434196 441762 447271 450800 457881 463924 468251 471725 475881 481598 485372 492639 495845 499896 504676 513542 516154 519215 524643 530740 536500 539445 543701 548187 553505 556274 561686 564160 571013 573698 578449 583656 586610 590120 592799 596916
50 67082 90000 100000 135647 147986 172916 186279 191311 211896 214942 230868 239374 245357 262298 273496 282135 288964 293598 304959 311288 322180 331210 338526 342491 348712 359305 360555 370945 378286 385616 393319 397240 404228 408289 417732 418569 425206 434856 439886 444635 450555 454973 462925 466798 469468 474868 484252 487134 493559 499199 500700 508331 512933 515558 522398 526213 529150 536470 541572 544059 548908 553624 557943 562050 566657 570088 577321 579483 586515 587878 595147 599333 603407 607124 608523
;

param:	cost_bundl	marginal	:=
1 10 43
2 50 72
3 100 105
4 150 187
5 200 202
6 250 274
7 300 328
8 350 361
9 400 439
10 450 450
11 500 532
12 550 575
13 600 613
14 650 653
15 700 735
16 750 796
17 800 806
18 850 870
19 900 915
20 950 973
21 1000 1029
22 1050 1069
23 1100 1104
24 1150 1188
25 1200 1238
26 1250 1252
27 1300 1343
28 1350 1360
29 1400 1420
30 1450 1454
31 1500 1537
32 1550 1551
33 1600 1611
34 1650 1652
35 1700 1733
36 1750 1783
37 1800 1800
38 1850 1885
39 1900 1915
40 1950 1975
41 2000 2047
42 2050 2068
43 2100 2134
44 2150 2177
45 2200 2202
46 2250 2257
47 2300 2305
48 2350 2380
49 2400 2419
50 2450 2458
51 2500 2512
52 2550 2576
53 2600 2611
54 2650 2671
55 2700 2745
56 2750 2773
57 2800 2806
58 2850 2870
59 2900 2932
60 2950 2965
61 3000 3044
62 3050 3084
63 3100 3103
64 3150 3161
65 3200 3237
66 3250 3259
67 3300 3341
68 3350 3371
69 3400 3420
70 3450 3464
71 3500 3530
72 3550 3550
73 3600 3634
74 3650 3697
75 3700 3741
;