param num_bundles := 75;

param num_cust := 50;

param price_reserve :
   1 2 3 4 5 6 7 8 9 10 11 12 13 14 15 16 17 18 19 20 21 22 23 24 25 26 27 28 29 30 31 32 33 34 35 36 37 38 39 40 41 42 43 44 45 46 47 48 49 50 51 52 53 54 55 56 57 58 59 60 61 62 63 64 65 66 67 68 69 70 71 72 73 74 75  :=
1 632 1844 2145 2646 3143 3162 3555 3826 4030 4400 4508 4862 4919 5223 5355 5596 5824 5967 6129 6306 6412 6560 6756 6905 6994 7074 7236 7354 7529 7671 7826 7980 8119 8136 8297 8447 8490 8616 8727 8832 9053 9071 9271 9284 9459 9516 9598 9751 9879 9916 10042 10194 10224 10313 10427 10543 10670 10765 10793 10866 10976 11045 11221 11269 11323 11465 11512 11612 11682 11824 11896 11995 12033 12096 12185
2 2298 2857 4817 5231 6132 6512 7343 7920 8343 8588 9183 9491 10135 10400 10658 11042 11419 11926 12159 12579 12681 13103 13375 13612 13868 14322 14610 14875 15221 15331 15523 15809 16184 16263 16618 16833 17018 17219 17595 17871 18067 18181 18491 18706 18830 18974 19370 19485 19783 19980 20012 20266 20459 20669 20942 21155 21185 21485 21722 21850 21916 22177 22379 22606 22768 22915 23017 23317 23338 23654 23813 23850 24030 24169 24344
3 1897 5161 7048 7422 8549 9712 11145 11788 12252 13282 13774 14237 15203 15635 15942 16864 17034 17585 18050 18629 19153 19845 20196 20776 21128 21608 21890 22054 22506 23230 23362 23675 24194 24394 24746 25442 25611 25953 26373 26712 26907 27272 27711 28130 28346 28662 28931 29117 29461 29735 30245 30565 30717 30992 31344 31590 31986 32160 32428 32621 32967 33363 33637 33840 34121 34221 34702 34847 35150 35375 35593 35915 36239 36437 36669
4 2884 7288 9261 10643 12342 12700 13971 15031 16219 17158 18348 18864 19904 21014 21659 22011 23076 23392 24370 25146 25737 25948 26916 27176 27840 28610 28900 29622 29987 30484 31282 31608 32269 32790 33226 33514 34251 34770 35164 35418 35893 36266 36922 37198 37761 38208 38583 39176 39241 39912 40390 40643 41066 41508 41569 42067 42521 42821 43333 43811 44174 44225 44864 45248 45410 45698 46033 46524 46948 47275 47612 47967 48193 48458 48807
5 6928 7280 10149 13856 15100 16401 18466 19799 20616 21564 22361 24000 24940 25826 26814 27964 28931 29496 30496 31417 32388 32818 33764 33926 35014 35777 36428 37310 37497 38717 39026 39509 40175 40755 41292 42320 42603 43394 43841 44396 44800 45420 46098 46637 47138 47896 48187 48826 49224 49840 50379 50892 51352 51904 52038 52802 53179 53460 54102 54745 54809 55381 55731 56436 56824 57035 57836 58078 58515 58915 59515 59875 60233 60523 60902
6 5231 8736 12413 16366 17960 19012 22321 23970 24651 25512 27963 28142 29952 31407 32533 33707 34696 35940 36199 37814 38550 39709 40676 41535 42069 43066 43383 44156 44980 46134 46677 47729 48299 49024 49477 50614 51081 51739 52527 53464 53692 54689 55512 56195 56858 56972 57700 58665 58788 59735 60024 60976 61750 62146 62653 63225 63532 64096 65044 65507 65935 66532 66835 67521 68326 68568 69175 69683 70382 70922 71104 71980 72080 72716 73308
7 4643 12443 16800 19600 19799 23593 25394 26857 28828 30800 32473 34178 34747 36695 38238 38417 39623 41413 42233 43939 45322 45859 47062 47949 49418 50186 50594 51705 52923 53713 54420 55331 56488 57058 58028 59265 59726 60864 61281 61886 62891 63619 64764 65427 66275 66644 67651 68127 69098 69860 70307 70932 71824 72381 72746 73590 74635 75379 75794 76566 76758 77924 78162 78985 79369 79935 80837 81429 82100 82315 82872 83579 84012 84755 85411
8 8616 15347 16159 21105 23624 27058 29632 30061 32594 33979 36133 38566 39968 41631 42332 44542 46234 47786 49211 49677 50899 52484 54164 54799 55977 56636 58613 59566 60462 61157 62379 63538 64120 65267 66530 67352 68427 69337 70309 71106 71769 73216 73895 74944 75726 76616 76867 77843 78937 79904 80399 80812 82163 83077 83262 83905 85312 85761 86592 87079 87723 88493 89600 90028 90722 91788 92247 93213 93897 94128 94725 95626 96266 96968 97705
9 9353 14287 18532 24483 26577 30012 33288 35593 37326 39966 41828 43499 44347 47145 48932 50045 51576 52633 55187 56893 58271 59099 60642 62067 63614 64550 65422 66576 68187 69130 70038 71276 72560 73953 75278 75707 76516 78357 79282 80297 80699 82073 82859 83618 84944 86137 87128 87444 88859 89712 90753 90985 92381 93288 93911 95094 95992 96715 97416 98079 98935 100090 100912 101521 102458 103104 103840 104864 105634 106017 106778 107955 108255 109386 110036
10 9165 17088 23065 26683 28775 33645 37041 39749 42237 42426 45519 48744 49800 51653 52915 55245 58103 58617 60498 62193 64094 65635 66393 68381 69397 71330 72856 74485 75260 76184 78537 79145 80275 82024 82825 84735 85650 86787 87430 89376 89644 90664 92261 93744 94085 95184 96042 97139 98346 99015 100240 101863 101980 103286 104441 104957 106696 107592 108444 108959 109636 110851 112125 112623 113754 114560 114996 116138 116739 117729 118457 119449 120033 120946 122376
11 9071 17183 22863 27654 33582 35542 38358 43279 45937 47133 49732 53302 54381 56476 59685 60450 63458 65632 66147 68448 70090 71897 73725 74735 76527 78340 79444 81904 82990 84177 85913 87780 88658 89662 90788 92792 94421 95085 96022 98091 98559 99609 100913 102341 103540 104402 106217 107305 108583 109382 110986 111182 112178 113423 114337 115997 116869 118003 119004 119794 120780 121956 123318 123690 125246 126342 127315 127505 128507 129464 131043 131890 132092 133531 134578
12 14599 23880 25399 32289 37871 39143 43466 46227 50113 53451 54570 56489 61094 61423 64756 67028 68935 70871 72954 74825 77137 77954 80176 82093 83519 85428 87822 89124 90056 91735 93292 95277 97400 98838 100284 101313 102078 104393 105354 106631 108559 109903 110765 111594 113538 113943 115250 116888 117649 118915 121123 122070 122612 123571 124984 126017 127358 129066 129822 130486 131738 133497 134550 135233 135849 137723 138889 139758 140641 141437 142391 143860 144559 145769 146105
13 12469 20637 29301 33296 39772 44276 45108 51148 52453 57259 58601 61417 63952 68642 69717 71959 75668 77347 78905 80222 83484 85603 86545 88820 91223 92911 95247 96305 97734 100630 101899 103805 105163 106123 107641 109138 111102 112433 113361 115663 116942 117835 119657 121144 123219 123985 124962 126227 128431 128930 130338 131730 132702 134950 135400 137358 137653 139942 141096 141503 143236 143754 144832 145994 147812 149109 149765 150822 152094 153091 154826 155153 156498 157938 158579
14 18783 23259 28828 37357 42186 44975 48659 55437 57587 59792 65546 68242 70000 72151 74661 76936 79196 83061 85572 86845 88765 92017 93538 95159 98638 100839 102573 103827 105772 108335 109343 111298 113322 115209 116562 117400 119485 121824 123264 124277 125220 128037 128404 129891 131332 133081 135619 136225 138366 139664 140168 141919 143430 145223 146726 147100 149112 150342 150837 152825 153541 155696 156525 157199 158738 159625 161480 162303 164296 165627 166571 167252 168280 169972 170892
15 20125 26325 35242 39230 44497 47812 52479 58095 61262 65383 67082 71687 74095 77537 82049 84640 85750 88893 90995 93723 96000 97581 99679 103663 105981 107331 109119 110431 113802 114433 117537 119737 121008 122523 125284 126641 127385 130491 132170 133053 134933 136426 138065 139201 141000 142397 145152 146110 147245 148886 150599 152056 153821 154755 156605 158234 159367 160829 162028 163521 165463 166925 168054 169520 170605 171421 172728 174774 175006 176669 178645 179750 180823 181964 182975
16 22170 25399 36345 43170 48213 51895 59092 62543 64478 69669 73251 76733 79164 83200 86222 89027 91802 93733 98423 101092 102998 104135 108328 109737 111358 115333 117096 118270 120967 123190 125821 126390 128160 130181 132520 134742 136517 138675 141091 142499 143359 145345 147790 149410 151147 152429 153999 155587 157874 159455 161116 161719 163951 165134 166400 167931 170803 170893 172414 174803 176029 177333 178312 180878 181415 183408 184049 186261 187166 188257 189989 191947 192639 193752 195619
17 13600 33486 39063 44069 51564 56280 62785 63971 68508 74023 78716 81103 84317 88922 91358 95805 97894 99939 102170 106600 108214 111269 115099 116893 118806 121261 123059 125938 129066 129602 131813 134160 137564 138527 141254 142921 146081 147929 148592 150716 153754 155287 156769 158420 160738 161276 163165 165451 167223 168772 171051 172531 174563 175389 176931 179557 180680 182780 183506 186195 187740 187894 190734 192062 193770 194038 195877 197288 198718 200081 201348 203063 205046 205749 207790
18 24150 32599 36180 48700 54952 60988 64499 70912 74041 78954 82800 87518 90931 94221 96127 99245 104586 106429 108180 111774 115817 117373 120909 124395 124967 127483 130547 132859 136942 139195 140354 142280 144897 146410 150427 151969 154213 156838 157744 160594 161640 163076 166420 167931 170117 172575 173212 175811 177133 178336 180108 182822 185076 185426 188029 190154 190732 193163 194300 196225 197246 200084 200730 203519 204694 205705 207617 209451 211268 211544 214041 215910 216060 218387 220307
19 13701 30637 38378 47310 56235 65378 66581 75810 78062 84715 87894 91910 95152 98361 102951 105788 110658 112406 114316 118959 122133 124069 127908 130036 132837 134833 138739 141010 142589 146731 148346 151143 153371 155243 158009 160862 162292 163841 165682 169771 171800 173182 174593 178033 180130 181448 183466 184603 187937 189962 191099 191891 194618 196684 198475 199563 201973 203504 205516 206428 208723 209896 212392 213917 216099 216667 219218 221250 222324 223426 226188 227270 229484 230645 231987
20 21541 32000 40988 49477 56991 65605 69971 75578 84190 86994 90863 95331 99760 104766 106508 110200 114752 119599 120000 126238 127059 132363 134878 136411 139255 142773 145107 148432 152000 154816 156461 159248 162185 164049 165988 169328 171348 172650 176590 177088 179778 181284 184434 187403 189526 190746 192541 195591 197018 198837 201037 203293 205329 206572 208231 210637 212264 213691 217035 217366 219417 221197 224321 224642 227192 228316 231171 231655 233957 235830 237082 238763 241164 242652 243475
21 20142 34378 48800 58800 63558 67593 76528 82624 87295 89491 96874 102363 106169 110963 114252 117525 119165 123383 127046 131548 135185 138981 140245 142738 146459 149263 153688 155740 159213 160041 163477 166152 168524 170656 173628 177248 178339 182736 183266 186084 189792 192331 192606 195514 199002 199489 202430 203732 207082 209958 211340 212547 215718 216575 219085 221089 223470 225278 227266 228890 230197 233582 234298 236546 238292 239878 241600 244323 245152 247230 249891 250596 253361 254334 255545
22 18142 36283 50552 58703 64965 75956 78092 83831 88000 96399 99073 103844 110176 114400 119207 123043 125303 128281 135546 138583 140318 145000 146263 150181 153874 156741 161487 162978 165103 169443 171261 173284 177479 178891 183433 184957 187194 190221 191792 195738 197363 200430 203782 204872 208107 209497 212252 214520 217166 218499 221404 222624 226418 228080 229855 230990 233573 236538 237681 239022 241038 243754 245298 247380 250143 251725 253449 255920 258217 259413 261013 263449 264586 267569 268868
23 27981 32851 49969 60504 67135 73887 81382 90024 92687 100781 106100 110592 113332 120745 122312 129945 134033 136225 138841 142600 145610 149977 155926 156129 160934 163737 166238 169265 174679 176966 179282 182267 185888 186909 191936 193911 196996 199504 200984 203443 205770 210547 213144 213343 217323 219261 221565 224742 227316 228013 230138 234013 234555 236799 241051 243018 244147 245788 249123 250056 253918 254210 256324 259686 260500 263889 265608 267552 269012 271984 273690 274809 276192 279126 281240
24 19791 43730 52362 66337 70708 81459 83828 95398 101142 105272 107867 116295 118162 124708 129244 135084 137702 142391 146065 149495 155464 158908 159632 164045 167451 170923 173598 179343 182210 183030 188366 191940 192898 196038 200569 201142 204662 206846 209447 212722 214984 218650 220748 223754 227330 228996 231647 233381 236616 238411 242055 244565 244800 248119 250015 253174 256070 256878 260176 262819 264349 266476 269100 270338 272841 275488 276282 279061 280954 282508 285267 287480 289277 290311 292524
25 27839 40000 58523 70356 75664 83815 87750 94207 102347 108858 113248 121552 126787 127769 133323 137840 141421 146884 150416 155000 159765 162250 166433 171245 173494 176777 182209 186615 187417 190591 194743 197611 202176 203224 207485 209225 212191 215116 218746 222317 225776 227541 230380 233077 235744 238223 241402 243619 246221 249349 250749 252537 256710 257924 260144 263960 266224 267769 270185 272489 273861 276677 279061 281114 284253 286313 289050 289525 292703 294830 295888 299291 300083 303521 304918
26 30764 39942 57200 73170 73723 84169 94606 101100 105035 116159 121172 125556 129165 136196 140111 145321 150171 155218 159852 163118 165749 170096 175726 176341 183627 186331 190138 191696 196502 200453 201731 204988 210391 211225 214528 219573 222813 225706 227556 232202 235325 237896 241002 243513 246493 248351 251918 254694 256808 257754 260312 263974 266674 270000 270949 273285 275600 279352 280559 282624 285100 289243 291432 293788 294845 298400 300792 301555 304367 307064 309651 309826 312433 316175 317541
27 30547 50368 62276 73646 80458 86400 94616 104988 112626 115691 120748 131941 137249 142257 146000 149357 155572 159094 163255 170164 174646 176391 179423 185967 187762 193573 195223 200165 204987 205697 210461 215797 216539 221400 225640 226027 230814 233827 235381 239616 243240 245507 248869 251318 256031 258693 260211 263551 265315 268103 271615 275029 276140 280124 282972 284975 286404 288786 291750 293444 297980 299542 301241 303891 305470 308226 311239 313153 315195 317683 319514 323955 325750 326689 328514
28 19399 44094 56000 75962 85480 94870 96995 110023 112000 119583 130253 136713 140559 147950 148479 156500 163171 165556 169672 176289 179287 181547 189244 192285 194957 198859 202144 208106 210950 216163 217753 222525 227197 228710 232720 234332 238049 240995 246909 248112 252435 254846 258875 262424 265159 267806 271181 273542 274857 279664 282009 283174 288223 290445 291092 295317 297855 301153 301725 304930 309017 311543 312999 316041 318561 320475 322863 325138 328114 329973 332434 333940 337211 338464 342791
29 26579 55933 62198 81200 83649 95127 103103 115127 117870 128257 132387 137498 142070 149905 153563 161985 164458 169296 177825 181383 185962 187941 192626 197881 204979 207912 209443 215695 218945 222148 227756 229595 234237 239070 240123 245594 247300 252150 255002 256777 259449 263693 266295 271115 274935 277856 280986 282121 285852 288605 291850 295572 297275 298742 302824 304597 308819 310232 312770 316193 319737 321626 325162 325782 330346 332022 335097 336600 340228 343035 344502 347371 348097 352037 354844
30 31749 54332 70228 83138 88994 100936 103923 115724 124129 128265 138261 140712 150479 154026 159085 166169 172546 174929 181791 185515 192281 196723 202494 207499 211792 214830 219800 220536 227921 229024 234154 238571 243130 245634 250926 251857 256039 261465 264409 268127 270932 272323 277626 278403 281936 287124 290489 292711 295222 299279 302212 305529 308052 310902 311942 315157 317604 321322 323833 327811 329181 333904 335571 338349 340576 342210 344883 348207 349960 352675 357139 359700 361596 363879 365656
31 42050 59144 68200 82486 95649 103189 112799 121653 128865 131814 142465 149701 156971 158070 166248 172601 178620 182347 186516 195078 199077 205069 209152 211437 217442 219903 225513 231734 235682 239243 240844 245351 249930 253670 256383 261284 265009 269040 271033 274135 277688 283103 286545 289813 293569 294288 299980 300684 306383 309938 310929 314127 316686 319345 322340 326488 328424 332842 335660 336860 340323 343415 345368 350561 352147 353726 356648 359547 363163 366220 367791 370758 372723 374933 378200
32 38930 49986 64637 81710 100380 101597 119219 119733 132559 136966 147200 155850 162414 167382 171968 176320 184271 189315 192213 199737 202689 209838 213994 221055 223267 227177 232171 238867 240660 245213 251480 253589 257833 260756 267348 268952 274977 275943 280653 285141 288142 290267 294261 296756 300323 303983 309921 312291 314122 319936 322296 323438 327840 331382 332862 337384 339019 341846 346133 347668 352175 353509 358514 361076 363055 366648 367930 371090 374441 376296 379871 383359 385968 386975 390505
33 40146 56390 67630 84263 104146 110833 120076 131670 139851 142168 150068 161397 167489 170837 177220 185153 190487 196565 200623 208502 213048 215690 219493 227101 232035 235390 242320 245268 248882 254934 258498 261263 264247 270922 273562 276492 280403 284413 289724 294496 296853 299337 303743 306882 311041 315974 318377 320763 325079 328147 331120 335108 338343 342374 344087 347802 350546 354746 355421 358715 361798 366761 369659 370835 373586 376894 379543 383766 386875 389568 392298 394236 398577 401137 402004
34 42466 57700 70994 88138 99243 108800 126852 129557 139524 144410 159039 165311 167396 176669 182716 188692 195078 200110 207706 213633 217068 224400 228787 233884 236147 243284 246213 254342 258847 259828 265461 268665 273610 278468 284220 286166 290098 295389 299818 301126 304713 311318 315156 318586 319021 324268 327531 331670 335344 337954 343046 345464 349853 351633 354449 359565 359886 365812 369272 370022 375419 375727 380496 384245 386046 390571 391989 396096 397844 402236 402753 405784 409922 411442 415413
35 33571 66408 70000 85732 104766 120839 123248 137706 141220 155110 160237 164314 177364 178603 191191 196499 198731 209065 211974 218014 225526 231953 236761 242083 243294 248574 256815 257767 264430 268019 273807 275768 284083 287341 289888 296076 297809 304641 305364 310456 313206 317479 324501 326758 329818 335197 336073 340203 345704 347259 350140 356313 358233 361637 366749 368748 372318 375855 377611 382894 383980 388736 391249 392999 398016 401937 404549 408107 410083 411752 416544 419650 420932 424987 427229
36 48833 52417 87295 91923 110139 122400 124915 138495 147556 157250 166069 169315 180719 187615 191715 199142 204662 213950 217554 223200 227912 235408 241924 246593 253026 256081 262183 269303 273031 275300 283190 287008 291578 296602 298170 302999 309600 311603 314336 319245 325596 329788 331278 334781 337787 344849 347545 350293 354632 356818 362297 366493 368046 373984 376678 379488 383632 386460 388333 391789 394557 397894 401396 406720 407357 410653 415235 416730 420692 424983 427416 430015 432659 435168 439200
37 26681 69023 86930 103864 109760 126235 135644 142918 150568 158021 169878 177754 186033 193110 198149 203197 213705 219893 222247 232247 235525 244984 249414 256023 258683 264750 268346 272095 281103 281784 289831 295166 298579 300772 308767 310359 317079 322134 324336 327863 332342 338949 339836 346143 350701 354042 355893 360023 363656 367773 371624 375728 379065 383803 387777 390451 393455 397677 400626 403487 406192 410817 414532 418149 418999 422189 427346 428498 431617 434652 439164 442703 445908 449455 451279
38 38000 62671 89280 107211 111178 123017 138479 142791 159781 167889 177586 180490 190607 199780 206463 214692 219481 224811 228253 235723 242010 249530 254685 259293 264694 269987 274969 281508 285279 293856 296010 300657 306743 309181 313632 317931 324583 327242 332581 336209 340985 348110 348276 354848 359778 360500 365117 369128 373252 378401 381895 385658 388939 393882 396222 401220 402872 407008 411805 414252 419586 421783 423491 428912 429988 433533 437512 441389 445038 449301 451928 455873 456949 461289 462852
39 54600 63367 94248 98354 115429 132370 136221 152050 162869 169997 175457 187525 196709 203399 211896 213612 224716 230595 235426 242679 251058 255145 261038 267484 270200 280149 285100 287438 293616 299158 304400 308569 316645 316837 325831 327042 334310 339367 340709 348739 351606 356247 358206 363600 367512 371709 374075 379244 383313 386710 390156 395499 399707 402211 407247 409481 413841 416406 420622 426154 427295 431545 436033 438538 441717 446307 449296 453676 457748 460464 462310 466763 468455 471884 474455
40 38367 67882 90510 102450 117576 137171 142211 151789 161394 174539 179064 188298 197585 207384 211660 224998 229364 239867 243705 246836 253740 260829 265451 271765 279313 288000 291094 295784 302417 308389 312308 316986 324173 327414 332746 336951 340823 345022 351545 354807 358218 363450 369822 371720 378291 382079 387484 387814 393223 397432 402154 406743 409644 414381 418531 422261 426408 428654 431259 435026 439563 441887 448428 450209 453184 457891 461164 464965 469076 473151 474232 477728 480400 485304 487738
41 47814 62985 98741 115384 128088 132982 153189 163384 168848 176252 185545 198332 204014 210981 219264 224716 233520 239210 252475 255256 260600 270227 271963 278921 284648 293945 299945 304396 307254 316205 317585 323355 332479 333287 338293 343912 351454 354881 361079 363122 368818 371542 379687 381454 387141 393087 397002 400459 402886 407368 412290 414972 421643 425690 426873 432972 436838 439752 444240 449058 452340 453750 459127 462192 466176 470340 472622 475741 480593 481920 485257 489465 492478 497234 499729
42 58800 80570 87699 114252 119386 141559 149322 167579 174186 181914 194837 201600 212505 216616 227886 235949 241125 245763 256441 263096 265764 277327 278596 287079 294360 300880 304377 312837 314860 320634 325872 331667 340796 344707 348575 351498 359339 364603 369600 373021 377346 380326 385852 391570 394532 400302 404772 407465 411600 416118 423597 426667 430536 433476 436558 440820 447886 450400 453600 457704 461236 464893 470625 474953 478210 481079 483347 489728 491884 496240 497376 500911 505049 507905 512538
43 33308 80675 87703 111136 128713 145947 155990 163400 177085 184048 197426 205322 218074 225248 235049 235991 244609 255117 263811 265070 275603 278937 286265 296544 301000 306961 310554 321092 325439 328042 334074 340977 346036 354065 355524 360995 368698 370699 379473 383352 387573 393538 396813 399599 406026 409743 414409 420082 423588 425678 433767 437333 440619 443296 449180 451152 458147 460642 464320 470492 473078 477513 479599 483210 489067 492007 497315 501314 501536 506233 511320 514493 517574 521134 523542
44 42203 67019 101104 109912 129930 142440 162502 170865 177097 191993 202017 211200 219118 229813 237111 245928 252608 261791 270090 273792 278975 286102 295947 301905 310753 312988 318750 324289 332193 339114 342635 346903 352769 359079 366549 370751 373767 378707 386900 393154 397269 399989 403938 411723 413413 421482 424594 427049 433528 438413 441143 445336 450694 454203 460720 462984 469709 471273 476177 478043 485358 488856 492014 497025 498658 503910 508880 512066 515082 519200 521210 526090 529318 533689 535934
45 48466 64273 93097 126961 135000 151136 168134 169095 183123 192608 209528 214117 224640 233827 244661 246804 262238 264392 274316 281169 286873 296727 302003 306265 317816 321742 325745 332026 339146 343300 350076 355015 362243 365803 375959 378963 383953 389711 397021 402392 406398 407592 413609 419442 425768 427571 433964 436848 443381 448196 452602 457852 461990 464089 470158 473848 477000 480974 488162 489405 495491 497367 501664 508082 512052 513158 518028 522310 528017 528707 535178 539024 543290 544333 547597
46 63739 76421 97797 124115 131724 158550 159879 174072 190553 196243 215170 222518 233107 238491 247205 252288 267434 275693 279504 288739 294687 304296 306375 312800 318830 330304 336901 338530 348752 350446 357855 364069 369606 376639 379772 388148 391406 400596 403858 407094 413591 417360 423200 428467 434061 437460 443131 446650 453514 455470 463026 468478 471090 474759 478842 485774 490887 493381 495435 503653 505163 508586 512482 519454 521973 527618 530657 533124 537000 542410 547922 549926 553913 559387 562781
47 65125 76366 94935 130927 142868 154171 162813 186348 188235 209137 212074 227356 234435 239838 251527 263032 266867 274860 287738 290945 301680 309915 314865 322353 330608 338791 342036 346910 352594 363332 366479 371627 379509 383792 389958 394352 402777 408873 411565 416898 425292 427261 431070 438588 445584 448745 454906 459159 462514 466225 474211 479031 482615 488257 488619 494729 499882 504369 509164 512365 518110 520831 526736 529747 534148 536047 542193 546414 548351 552845 557698 561802 564939 571625 573554
48 67200 91578 111128 119133 140436 154199 171730 183408 193435 212071 219754 232788 235151 245317 257416 267425 278565 281036 292761 298064 304791 315780 322566 328651 334488 339818 350893 356366 360480 367443 375997 382437 386035 392193 398718 406387 409212 414137 419883 428358 431253 437301 440346 448742 450382 457085 461599 469812 474885 478462 482012 485441 491854 496887 500951 506804 511510 513219 517243 522649 527825 532086 534764 539397 543991 550893 552146 559277 560923 564281 568511 573515 576959 583551 584734
49 56297 69986 116369 136498 141677 158324 175855 193782 196489 211553 226038 235608 248696 258542 263691 271409 281825 286220 297733 308350 313753 319817 328994 333632 339765 351436 356591 360075 372400 376376 381445 387069 396870 398921 405606 414391 419687 426272 428295 437062 442088 448879 454302 458824 461121 469378 474466 476687 484084 486262 494099 498742 502292 507617 512232 517084 519030 524552 531193 532457 538376 542286 547223 552897 557740 558686 563479 568569 574200 575953 581430 587019 588979 593932 596755
50 38730 70711 115326 132288 152643 160624 174929 192354 210476 218174 234307 244131 254755 261725 273679 276405 290689 293258 300998 308383 323883 329697 337639 344384 352136 355106 364143 370540 379605 384968 388844 396232 400125 410974 412795 418808 429767 431509 437264 443509 447214 455631 461194 464327 471487 476655 483322 486518 494672 497092 502892 508134 512250 517301 521536 526878 529434 535164 540093 544151 548635 553173 559464 565243 565951 571489 576194 582495 585577 588897 595231 599083 602744 604649 609672
;

param:	cost_bundl	marginal	:=
1 10 38
2 50 62
3 100 121
4 150 190
5 200 229
6 250 258
7 300 327
8 350 352
9 400 424
10 450 492
11 500 513
12 550 550
13 600 642
14 650 655
15 700 720
16 750 761
17 800 800
18 850 877
19 900 919
20 950 953
21 1000 1023
22 1050 1063
23 1100 1142
24 1150 1174
25 1200 1214
26 1250 1299
27 1300 1344
28 1350 1389
29 1400 1447
30 1450 1482
31 1500 1501
32 1550 1589
33 1600 1609
34 1650 1695
35 1700 1745
36 1750 1792
37 1800 1835
38 1850 1878
39 1900 1928
40 1950 1956
41 2000 2033
42 2050 2058
43 2100 2103
44 2150 2166
45 2200 2217
46 2250 2263
47 2300 2333
48 2350 2360
49 2400 2405
50 2450 2482
51 2500 2522
52 2550 2570
53 2600 2614
54 2650 2664
55 2700 2741
56 2750 2787
57 2800 2825
58 2850 2898
59 2900 2901
60 2950 2979
61 3000 3022
62 3050 3093
63 3100 3149
64 3150 3196
65 3200 3231
66 3250 3284
67 3300 3307
68 3350 3389
69 3400 3433
70 3450 3466
71 3500 3534
72 3550 3574
73 3600 3647
74 3650 3685
75 3700 3715
;