param num_bundles := 75;

param num_cust := 50;

param price_reserve :
   1 2 3 4 5 6 7 8 9 10 11 12 13 14 15 16 17 18 19 20 21 22 23 24 25 26 27 28 29 30 31 32 33 34 35 36 37 38 39 40 41 42 43 44 45 46 47 48 49 50 51 52 53 54 55 56 57 58 59 60 61 62 63 64 65 66 67 68 69 70 71 72 73 74 75  :=
1 1281 1562 2163 2498 2987 3231 3726 3789 4064 4427 4490 4858 5012 5099 5463 5495 5699 5930 6132 6321 6384 6624 6657 6867 7026 7194 7233 7400 7510 7647 7826 7982 8057 8124 8345 8388 8595 8621 8800 8875 9022 9117 9180 9295 9464 9567 9687 9714 9835 9914 10078 10129 10284 10296 10473 10511 10615 10698 10798 10923 11007 11089 11200 11259 11375 11454 11507 11643 11696 11793 11846 11953 12043 12121 12241
2 2742 3394 4176 5586 5685 6548 7451 7777 8109 8579 9372 9633 10080 10415 10606 11092 11454 11980 12093 12361 12681 12998 13410 13793 14068 14400 14461 14897 14988 15352 15672 15824 16169 16263 16580 16795 17186 17219 17645 17830 18018 18208 18422 18638 18834 19070 19362 19514 19742 19827 20080 20306 20439 20611 20972 21060 21260 21421 21589 21865 21920 22141 22446 22532 22673 22968 23148 23234 23392 23495 23823 23930 24037 24298 24420
3 3934 5161 6997 8227 8674 9544 11112 11241 12223 12784 13470 14524 14916 15461 16189 16617 17213 17960 18159 18552 19040 19627 19990 20715 21060 21575 21955 22410 22634 23020 23400 23819 24090 24387 25028 25221 25463 25981 26167 26604 26846 27325 27593 28008 28181 28637 29037 29222 29686 29819 30150 30494 30864 30928 31223 31556 31913 32031 32555 32809 33076 33223 33611 33915 34147 34410 34650 34857 35145 35298 35537 35804 36060 36324 36737
4 4525 7462 8080 10969 12445 12674 14621 15738 16685 17745 18539 19498 20302 21151 21630 22127 22922 23365 24120 25031 25675 26351 27011 27411 28057 28722 29087 29578 29976 30641 31169 31688 32179 32565 33014 33790 34054 34687 35054 35372 35857 36521 36704 37310 37643 38183 38450 38872 39460 39671 40343 40556 40933 41415 41592 42302 42551 43059 43436 43650 43942 44232 44721 45227 45466 45873 46102 46503 46689 47308 47645 47706 48073 48550 48951
5 6633 9434 11489 13153 14629 17263 17916 19391 20347 22316 22804 23473 24617 25981 27295 27964 28844 29682 30676 31496 31859 32757 33496 34583 35071 36000 36592 36837 37736 38613 39192 39762 40200 40902 41497 42214 42462 43151 43669 44261 44978 45618 46249 46787 46904 47686 48083 48775 49183 49810 50468 50537 51039 51913 52029 52820 53376 53470 54056 54443 55218 55525 56018 56347 56921 57158 57827 58155 58472 59017 59489 59917 60225 60803 60934
6 4800 9675 13576 15554 18199 20715 20819 23698 25286 25960 27730 28270 30500 31038 32356 33428 34363 35456 36398 37316 37947 39691 39872 41552 41742 42731 43878 44562 45044 45773 47046 47955 48522 48965 50056 50798 51011 52128 52936 53086 54027 54768 55460 56195 56629 56946 57587 58246 59288 59433 60096 60882 61224 61902 62412 63430 63815 64287 65077 65342 65825 66326 67168 67638 68358 68809 69091 69889 70054 70515 71236 71579 72468 72904 73230
7 8743 12364 16024 19449 22047 22356 25891 26266 28623 29764 32047 33248 34691 36935 37409 39025 39697 41318 42877 44094 44931 45881 46748 47497 49080 50400 51191 51876 52421 53604 55100 55561 56609 57383 58415 58700 60135 60638 61393 61838 63000 63480 64658 65337 65904 67127 67593 68457 68743 69607 70210 71125 71756 72327 72813 73430 74253 75366 75691 76399 76758 77381 77986 79085 79344 80131 80813 81309 81753 82647 83297 83965 84384 84581 85515
8 5769 13764 18796 21407 24318 26485 28125 31231 32516 35236 37318 39094 39257 41322 42992 44686 46262 47247 48872 50343 51549 52533 53162 55287 56274 56569 57954 59351 59909 61073 62727 63880 64973 65228 66626 66990 68483 69319 70527 70781 72302 72478 73478 74275 75489 75928 77099 78335 78823 79936 80224 80954 81631 82830 83691 84528 84936 85969 86829 87167 88319 88392 89557 90084 90637 91536 92468 92786 93815 94400 94873 95840 96306 96770 97508
9 9693 15692 21374 23469 26332 30758 33385 33962 37282 39926 41125 42329 44384 47179 49196 49492 52138 52633 55187 56176 57262 58493 59835 61517 62561 64725 66014 66819 68471 69037 70683 71865 72872 73953 75106 76027 76706 78025 78790 80236 81280 82309 83268 83618 84581 85798 87165 88035 88877 89784 90806 91180 92082 93045 93790 94701 95874 96900 96966 97798 99098 99636 100317 101664 101903 103151 103887 104245 105050 106032 106763 107278 108344 109090 110154
10 13711 14142 20591 27495 30265 33645 35665 37417 40050 42895 45695 46989 50517 51459 54148 55317 58034 58549 60033 63087 63372 66091 67498 67853 69426 70795 72883 73539 75551 76525 77769 78842 80573 81560 82898 84522 84947 86603 87681 89219 89599 91477 91695 93145 94213 94953 96809 97939 98489 99318 100020 101035 102157 103673 103942 105338 106207 107089 108591 109014 110145 111194 112143 112889 113807 114525 115447 115845 116825 117796 118878 119365 120797 121507 122000
11 12050 17462 25562 27301 32557 37529 40506 41800 46461 48649 50552 53165 56046 57664 58662 62070 62652 64853 66910 68941 70948 72533 73856 75572 77094 79292 79990 81132 82815 83918 85800 86726 88137 90682 91479 93104 94318 95187 97025 98289 98633 99634 101128 102199 103797 104726 105508 107034 108226 108939 110439 111919 112824 114294 114864 115871 116849 118228 118678 120137 120880 121758 122590 123592 124975 125958 126495 128111 128902 129352 130581 131559 132256 133295 134524
12 12000 16971 28498 29589 35759 39363 44189 45726 48299 53343 54465 56845 59081 62860 64040 66294 69102 70831 73817 75629 76950 78506 79816 81882 83794 85360 87953 89253 90852 91735 94183 95820 97281 98867 99795 100485 102921 104503 104971 107009 107412 109509 111180 111490 112800 114170 115475 116468 118381 119928 120694 121550 122963 124384 125697 126905 127675 128215 130221 130464 132349 133432 133928 135701 135828 136821 138349 139241 140805 141376 142472 143800 144499 145789 146930
13 11628 20800 31416 35172 36861 41762 46072 51148 53789 56126 59118 62454 65415 66997 69814 72381 74995 77391 78000 80977 82466 84730 87439 89804 91186 93383 93888 97109 98113 100227 100999 102856 104324 106568 107390 110063 111102 112823 114695 114813 116913 118550 120023 121172 122669 123411 124935 126815 128483 128720 130389 132396 133540 133868 135350 136889 138412 139070 140785 142384 142479 144598 145484 146618 147972 148587 149720 151158 152161 153642 154038 155957 156476 157788 158962
14 16327 25044 33483 35857 43287 44887 50010 53200 59331 60509 63047 68414 69888 73497 75600 79097 79788 82967 84928 88411 90297 92696 94870 95857 97237 99390 102650 103449 105920 107463 109020 111333 112906 114629 115955 118132 120172 120465 122722 124718 126031 127300 129589 130283 132194 133698 135098 137057 138140 138847 141171 142690 143129 144871 145815 146833 148717 149584 151666 152671 153720 155343 156525 157598 158787 160237 161213 162569 164176 164487 166759 167392 168908 169695 170639
15 14697 28302 30594 40583 43162 51176 55964 56285 63356 63781 70036 71309 74458 79202 79994 83301 85750 87875 91143 93193 96234 97995 101025 102791 104914 108000 109202 110227 113287 115217 117077 118794 121194 123511 124816 125857 127703 129800 131316 133660 135366 136261 138326 139331 141351 142965 145245 145832 148462 148735 150897 152499 153088 155509 156317 158518 159255 160465 162416 162997 164672 166250 167087 168802 170842 172232 173300 173948 175724 176363 177508 179675 181047 182088 182877
16 21466 26964 36904 39582 47786 54869 58657 63438 67731 69669 73461 76265 80064 82272 86932 88334 90848 93295 96797 99561 101496 105114 106661 110666 113047 114218 117445 119390 121305 122397 125862 126187 129748 131629 131939 134628 136592 139411 139851 141959 144603 145415 146677 149820 151384 152764 154729 155752 157874 158683 160798 162225 163889 165103 166738 168601 170413 171461 173421 174920 175767 177535 179571 180991 181161 182765 184188 185213 187603 187985 190474 190877 193037 194095 195881
17 12722 25215 35170 42872 50887 56893 63244 66886 69263 74257 77083 80315 84454 88335 90914 95986 97064 101546 104685 105125 108161 111632 113938 115900 118171 120688 124507 126807 128707 129557 133035 135233 136042 138568 140967 142638 145883 146516 149252 151252 152660 155176 156030 158784 159945 161491 164013 165940 166947 169864 170441 172699 174563 175422 178006 179493 181415 182685 183285 185884 186319 188324 190491 191097 192693 195256 196201 197112 199154 200485 201835 202864 204000 205721 207818
18 16885 34342 36000 44091 52786 58714 66964 69714 75342 77630 82172 86998 91500 93877 95587 98656 103652 107820 108479 111018 116208 118253 121230 123716 126820 127990 132125 133443 136278 138261 140492 142143 146144 146852 149476 150642 154087 156300 157580 159094 161840 164579 165365 167622 170687 171596 174070 175701 176473 178772 180611 183141 185146 187027 187615 189026 191207 192693 194133 195696 198033 199695 201889 202402 204219 205263 207524 209079 210408 212400 213192 214495 217227 218179 218979
19 24918 32689 44478 50556 55719 64823 68716 71396 77412 82645 86903 91910 95455 97476 102741 107413 108616 112277 114253 119262 122664 123836 127682 131471 132183 136271 139051 141419 143849 145843 147516 150808 153136 154544 157230 159961 161891 164501 166724 168233 170365 172471 175830 176771 179447 181408 182321 186006 187360 188359 191250 193539 194023 195728 198147 199310 201257 203042 205165 207126 209414 211131 212834 213410 215397 217399 218558 220203 222129 224586 224811 227905 228727 230394 232670
20 24980 34176 47497 53814 60663 67171 72333 76210 82073 86163 92952 96664 100319 103228 106958 110417 115169 117915 122180 123418 128062 131271 132725 136411 139140 142211 145767 148378 150093 153206 155538 158442 160549 164195 166613 168238 171953 172047 175454 178527 180798 182121 183913 186633 189484 190872 192707 195673 197666 198111 200400 203096 204783 206378 208461 210219 212490 214290 217035 218358 220363 221991 223964 225637 227543 228631 230061 232482 233615 235797 237790 239666 240965 243080 244262
21 19247 39175 48619 51439 61153 66805 76528 81115 84523 90763 97599 102621 106253 108552 114638 118348 119091 124238 127115 130741 133874 137129 141435 144214 146820 151025 153688 156080 158268 161468 165087 165780 168629 171636 173983 177943 180209 181282 184609 186558 189977 190765 193702 195605 199046 200107 202342 204984 206783 207932 211465 212297 214570 217266 219929 221925 222719 225004 226450 229237 231115 232105 234712 237254 239400 239584 242766 243889 245476 248440 248866 250702 252035 254542 256269
22 15242 38610 45087 57873 66000 74670 78955 87338 89419 98091 101391 104402 111573 114315 119450 122254 126150 130673 135474 135974 140800 144398 146130 149794 152674 156803 161547 163453 165161 168181 173060 174398 177642 178999 181417 184957 188277 190526 192094 195689 197020 200719 201633 205909 207920 209497 211704 213479 216138 219868 220878 222624 225218 228419 229307 232535 234153 235801 238616 239992 242679 243952 246282 248357 249601 252569 253678 254896 257240 259935 260456 263229 265572 267207 268832
23 17212 42160 52246 61715 67135 76144 81512 91191 93935 98337 104188 110208 113798 120394 122398 125976 132684 134348 141408 142005 147702 149482 154905 156061 159879 163413 168890 170511 174376 177205 178454 182151 184746 187023 190553 192597 196404 199026 202505 203547 207306 210598 211600 215366 215857 219310 222518 223230 227456 228940 232106 233515 236397 238003 239686 241533 244839 245659 249123 249971 253918 256076 256241 258420 260378 262321 264450 266721 269758 271828 272451 274115 276766 279315 280449
24 23515 40729 55564 60144 67882 76800 84103 91326 99303 102049 108824 112774 119904 123780 130927 135680 138037 141905 146773 150110 154944 158473 160782 163059 169298 172266 173598 177600 179728 184347 188854 190857 194207 196448 199243 202057 204887 207347 209612 214233 215038 219439 220904 224166 225447 229096 230899 232837 237297 237782 241769 243951 245411 248443 251485 252491 254807 256878 259777 261941 263651 265956 268371 271274 271699 275237 277613 278317 281077 282752 284499 287680 288919 291499 292446
25 25495 45000 56347 66332 72457 82765 91652 93941 103682 106771 114018 120208 123085 127671 133791 138654 143265 149164 153867 154434 161941 163018 169041 170880 174786 179374 182893 185540 189671 191181 194679 197927 202176 204083 207966 209284 214826 217256 219659 221980 225111 228254 229728 231948 236802 238118 239896 243311 246120 249800 251694 253130 256174 259181 261391 262916 266130 267114 270000 271983 275636 276405 278433 282312 283769 285701 288054 289784 292916 294873 296859 298538 300749 302242 304590
26 16444 37857 58138 66389 80558 83686 92583 103609 107453 112132 120389 125125 129792 134297 141551 144575 149811 154432 156950 163035 166806 169778 176187 176647 183701 187417 190706 194079 195882 199439 203200 205581 209361 213707 217283 220004 222873 225527 229213 230625 235268 238180 240721 243735 245394 247369 251865 252240 256598 258749 260208 264792 266116 269900 271049 274026 275796 279255 280993 282863 286897 288588 291386 292959 295441 298536 299892 302137 303566 307152 309607 310828 313599 315876 316731
27 24746 45180 59889 67446 82956 91800 97200 103590 112885 117566 122664 129375 135000 138202 143176 151200 154066 160190 165649 169563 172124 175562 183043 184708 189154 193874 196192 201688 203416 206616 210669 214849 216202 220145 225834 226478 230435 234636 235814 239190 242279 244615 247812 252591 254660 257677 261719 261997 266850 268538 270539 274870 276246 280488 280956 284411 286607 290749 292947 294535 296115 300223 301434 305088 305995 309029 311192 313014 315149 318325 321515 322647 326019 327358 328647
28 32653 52830 67665 71056 81729 94870 103713 107134 114492 118794 127454 132638 137171 147526 149846 155293 159870 165176 172240 175218 180247 183095 188912 190482 196719 200899 204994 206062 213168 215800 218615 222243 226367 227955 230894 237192 239232 241775 244483 250189 251190 256563 257722 261107 264567 267338 268800 271816 276733 277356 281341 284720 285545 288441 292543 296165 297117 299377 301777 305547 307541 311745 312749 314848 318954 319544 323348 326005 326869 330163 332576 334831 336000 339343 342425
29 28414 50895 70321 73365 86612 99110 108198 112466 116579 123310 135154 138473 146959 151245 155089 159790 165478 173903 176686 181105 186504 190519 195916 198475 202917 208155 209283 214835 218561 222753 224783 231927 232145 237800 241101 244083 248454 249804 255595 257300 260096 264012 268371 271053 274996 275607 278702 283014 286029 289768 292311 295572 295971 300594 303989 306029 309200 311477 314593 315927 318102 322200 324541 327892 329070 331312 334947 336400 338493 342789 345283 346741 349495 350840 354275
30 28142 59397 72993 76131 90000 98772 107499 114315 120599 129938 134432 141478 148068 158632 161778 168107 173170 179198 183270 187734 193401 194422 202672 203558 211707 213570 216915 223937 224580 230278 235457 239775 241197 245634 250064 253425 254770 258975 262907 264953 270799 273576 278014 281297 283019 287687 288811 292219 296803 299580 302331 305882 307760 310902 314242 315728 317887 320762 323722 327316 330599 331469 334927 336749 339835 342841 344726 347327 352011 353847 356281 359500 361746 364768 366000
31 35616 43841 67918 81076 97638 106127 113817 120062 128865 131814 138913 150725 152121 158070 167055 172712 176019 185275 189886 193595 198980 202807 207492 214416 216557 219991 224145 227971 235192 239002 243148 245429 248077 252226 256158 262678 264356 267320 272306 274135 279138 283171 285940 290740 294026 296824 298245 301896 304684 308944 312900 315592 316747 321086 323650 326782 330757 331512 335832 338851 339984 343303 346591 348967 351655 353889 358315 359226 361519 365485 368000 370654 372929 375548 377284
32 26388 52386 76265 85865 96000 107284 112320 122439 130221 139191 148171 151452 157549 165536 172325 176900 181132 188121 196116 200964 203998 210617 216657 217223 223267 228346 233841 236627 241595 245213 248284 253669 258151 261540 266197 271227 273033 275498 281963 282689 289206 292516 294330 299025 300596 303848 307600 310713 316137 318525 320384 326086 329149 330949 333353 336533 340706 342564 344829 348668 352523 355301 357542 360167 364463 365697 370206 370979 374441 378196 380948 381700 385012 387134 389402
33 33654 64329 76115 89039 100528 108850 121877 123827 134452 142780 151943 158675 167619 171473 180387 180748 188995 196897 201165 205768 211715 216898 220977 228345 233158 235852 241690 242589 249930 252099 259087 262345 267524 270922 275387 277514 280325 283953 290700 292120 296266 302378 303815 309427 311181 313274 319538 320763 326417 328478 332171 334197 336923 342692 343771 346484 351601 353516 357985 359685 362339 365750 368951 371715 374750 377587 380174 384560 387494 388168 391353 395560 396110 399995 401462
34 26336 58890 73553 89956 102678 107732 127034 134976 144089 148203 155659 164751 172431 174298 184980 191610 198136 200225 209038 214927 219188 224915 229695 230599 239839 240512 249292 253796 255249 263275 265113 271149 274959 276301 280948 286973 291767 294763 298194 303953 305471 308933 312060 315816 320250 323411 329502 332575 333200 338637 342034 346400 349985 352683 355296 356789 360913 363530 368018 370085 374618 377997 381588 383583 387481 389563 392755 395044 398134 400508 402868 406695 410655 412733 414800
35 40817 64156 80119 90189 106160 113088 128121 135915 147167 150947 157150 170605 175838 182940 188090 195750 203723 204443 212551 215868 223891 228548 235412 242285 247091 251708 252583 261635 266092 267744 273985 279036 280350 287085 288957 294333 298220 304399 308874 312266 315389 320245 324350 324728 329074 332039 339049 339698 345987 347259 352441 356038 358575 361433 364202 368814 372910 374811 377741 381741 386207 388232 391312 393248 397955 399184 404912 405759 409126 414066 415484 419358 421863 424526 426713
36 40088 61937 75857 88475 104586 120048 126564 136610 152225 158564 168240 169468 180862 189266 193330 198360 204662 213344 220630 222735 229724 234747 241495 249311 251485 259000 263465 265523 273316 274546 282915 286556 290063 293350 299818 302571 305555 312351 317209 319570 325755 326947 333540 334316 341298 342436 347768 351475 355216 358774 360719 365502 368679 371899 375368 380375 383430 384981 388933 391722 396000 399519 403136 404163 409198 412542 413922 417476 422414 424373 426930 429050 432240 436655 440261
37 45012 59661 86298 97613 111246 123383 136650 146138 153806 157674 166130 174489 184407 191973 201030 203332 209957 221011 224819 232365 236569 241721 245987 250946 256664 265061 271591 272597 276883 285356 291244 291526 296647 303490 305200 313781 315521 321027 325768 330855 331351 336517 341284 345272 348586 351714 355277 361844 363656 366879 370148 376456 378342 381585 384942 391361 394150 396988 399942 402467 407336 410283 413076 416640 421410 422124 425806 431300 432378 435972 438290 441030 446399 448235 452006
38 42315 70480 87976 98214 108016 122074 135527 144600 158875 164237 171800 178560 193016 197015 207300 213883 215497 226092 230394 235845 244739 248602 256042 262723 268486 271268 279035 280068 287899 291884 298439 299502 307589 309087 314092 320554 325560 326888 332581 337922 339967 344105 349104 353380 358330 363452 367639 370222 372710 376641 380228 384683 388419 394249 396877 398547 403588 405800 412506 413624 416962 421920 426278 427698 432533 433333 437776 442304 443543 448851 451737 455493 456886 461164 463849
39 53474 62400 90292 97109 117519 131448 141694 145925 163986 172484 181591 190582 196554 202049 206957 220203 225257 232042 238634 241926 250694 254189 260921 264856 273890 278297 282528 286803 293719 301084 303499 308174 315587 319705 323958 327321 332576 336125 342934 345761 350653 355564 360407 363600 366849 371955 375698 381961 384580 389688 392100 397571 401226 402211 407695 410890 414282 418228 421056 425440 427579 431263 437218 439300 441855 444737 448958 454747 455082 459605 464215 465458 468714 473621 475480
40 43818 57131 89443 108812 119733 131453 140171 149666 166277 174906 184868 194813 197585 208154 214960 222711 232689 235015 244491 251460 257868 265089 267492 273174 277820 285881 293721 294591 301357 307037 311281 317490 320899 327610 331397 336381 340447 345485 350816 353904 359466 362921 370254 373524 376425 381240 385165 389872 392489 399039 400000 406900 411437 415461 415692 421957 424905 429251 431629 435321 439272 441814 448500 451770 455719 457611 462826 463033 467983 471593 473489 477527 482261 485634 489310
41 54393 74254 99420 115675 123000 130429 144376 157089 166240 180958 186268 199008 203684 216020 223365 229600 237517 240471 251808 256962 260987 270848 277955 282751 284175 290724 298146 302512 310411 315886 321791 327282 328819 335900 339088 344302 347993 355544 357618 364600 369273 372085 377734 380307 387575 390255 395475 400627 404801 406789 412371 414972 418762 425611 428445 431105 434909 438528 444996 446956 450702 454046 457954 460297 466536 467975 472408 476377 478208 484703 486364 491590 492956 497166 501341
42 52458 68757 96142 116998 121147 137000 148136 165674 173374 185372 193017 202995 211673 216127 227576 234750 239363 249184 252280 264700 267880 277836 283741 285970 294839 298643 308293 309321 319421 324679 329747 332305 339239 345831 351096 353399 356679 364118 366533 375378 379583 382362 386583 389945 395514 402412 403200 408848 415269 416372 423846 424678 432090 435830 439538 441140 447729 451573 452432 457164 463144 467088 468672 472421 477398 479536 484295 489656 493102 496738 500347 503159 507418 509015 512400
43 58328 77400 94990 113767 121622 147960 154800 170488 177710 189785 197987 206579 217565 226557 231562 238175 245515 257426 259999 265349 275334 281182 288581 292274 301123 304906 312217 319938 324871 332632 333077 343892 344537 351339 358631 363852 365677 371197 378204 383255 388621 390709 394570 402917 405205 409472 415212 420697 422714 428622 433000 434874 442378 445460 448768 454744 455475 461124 467020 469390 474483 475806 481830 485729 487856 492608 495154 499615 503890 508565 509437 512693 519500 519713 526570
44 38358 68165 100721 116080 136329 146197 164162 172893 183960 192597 198342 214835 221578 228800 237111 243714 251070 257466 268796 277025 283245 289198 293978 299071 308502 312493 323213 328324 334631 336938 346009 350236 352659 362192 366338 372106 375008 382674 384087 391872 394432 399214 403746 408039 414255 418440 422308 427503 432455 438678 444204 446117 451295 453264 460552 465236 469462 473077 474874 478853 485438 489568 490042 494369 499046 504755 506669 510400 516433 517257 522100 524616 529099 533834 537305
45 43162 82486 98178 121750 140296 154580 158206 168615 186628 194283 202450 220086 226256 235381 243333 249090 258192 268496 276082 284463 287437 297136 301466 308898 317050 318834 329945 333243 342118 347871 353644 355585 363582 368780 374772 378107 383320 390231 394258 399056 406796 412039 414489 419829 423861 431531 432936 438975 440908 447925 450090 458647 461903 465658 467913 472221 476235 481311 488328 491799 493853 499480 504803 505524 511419 514891 517246 521690 525094 529855 533890 536463 543514 544184 550988
46 59623 85812 103679 116735 142822 148915 160143 180282 193638 195811 213987 220032 228153 238846 246862 253125 264410 268539 280109 290055 297972 299813 308852 312258 322788 326568 331966 343740 344478 352733 356789 363953 372685 376751 379437 385633 392054 398159 403334 407405 414715 418271 426289 429158 431910 436588 445037 449860 452487 458895 463757 467393 472077 476450 480430 486731 487947 494495 497226 502896 503905 512069 512317 517249 521081 524884 528900 532806 538809 541707 547844 550849 552000 557569 560219
47 46050 70968 107998 126813 147733 159523 167098 177359 192183 200068 213940 228712 236873 245122 253626 258970 273086 275982 286199 290337 304450 307195 318353 324674 332207 337223 344225 347927 353595 361869 368163 374705 378226 384367 392781 397699 402008 408224 412423 415093 424043 428809 433217 439996 443895 450220 452569 459736 464516 465466 473838 475607 481423 485080 490784 493836 500589 503317 506554 513656 514859 519387 525812 527741 534231 538350 541296 544551 549317 554998 558727 563059 564939 569845 574016
48 39582 84240 115599 124059 149957 155686 173066 185655 197209 204550 224525 225957 237103 246442 261148 265696 276906 286717 294643 299606 308846 317817 322280 328791 333108 340901 349577 358942 363535 371682 375261 380019 387821 390426 397792 404569 408874 414026 421089 425877 430932 437406 440241 446890 452322 455671 464783 468043 475079 476725 484396 485631 491947 497813 501686 506349 508075 514026 518933 523442 527738 532173 535969 540933 545260 550809 554727 555640 560676 565178 568754 572147 578315 582127 587485
49 33948 85434 114287 136498 154641 158020 175855 193534 200601 212685 222613 233972 246758 250236 266949 271939 279944 293346 300622 306162 316648 317859 325472 335498 342299 346898 358739 363526 367598 378793 383580 389296 394077 399042 406198 415663 420145 425708 427958 436953 439254 445226 451119 454407 460183 467327 472234 478698 483985 488331 494196 496232 503819 508940 510730 515036 520416 524826 531283 532637 538376 542198 547749 550198 554805 559631 566454 570845 575119 578615 581430 586610 588327 593285 599805
50 54772 84261 110454 140712 152315 168226 178326 197231 204450 222711 228254 239165 248998 262869 266458 275136 288444 295804 306594 309677 317805 326803 337787 345688 349857 357771 362905 371484 375633 384708 390768 398372 402492 407922 412674 418330 428719 430349 438292 444860 448330 453652 463357 467868 470532 477912 479792 485901 492037 497393 504579 505569 513128 518845 523737 527257 529245 535630 540185 545985 548635 555338 557674 562228 565685 570526 577235 582580 587026 589406 594390 597662 601997 606300 611555
;

param:	cost_bundl	marginal	:=
1 10 18
2 50 78
3 100 106
4 150 152
5 200 225
6 250 266
7 300 324
8 350 353
9 400 431
10 450 474
11 500 517
12 550 561
13 600 619
14 650 688
15 700 729
16 750 791
17 800 842
18 850 871
19 900 937
20 950 963
21 1000 1026
22 1050 1085
23 1100 1120
24 1150 1164
25 1200 1223
26 1250 1295
27 1300 1323
28 1350 1395
29 1400 1426
30 1450 1489
31 1500 1524
32 1550 1597
33 1600 1640
34 1650 1666
35 1700 1734
36 1750 1791
37 1800 1842
38 1850 1881
39 1900 1911
40 1950 1954
41 2000 2028
42 2050 2054
43 2100 2107
44 2150 2162
45 2200 2243
46 2250 2258
47 2300 2306
48 2350 2360
49 2400 2422
50 2450 2487
51 2500 2519
52 2550 2568
53 2600 2605
54 2650 2685
55 2700 2742
56 2750 2770
57 2800 2803
58 2850 2850
59 2900 2932
60 2950 2955
61 3000 3004
62 3050 3065
63 3100 3126
64 3150 3188
65 3200 3211
66 3250 3282
67 3300 3330
68 3350 3378
69 3400 3402
70 3450 3489
71 3500 3501
72 3550 3593
73 3600 3607
74 3650 3680
75 3700 3716
;