param num_bundles := 75;

param num_cust := 50;

param price_reserve :
   1 2 3 4 5 6 7 8 9 10 11 12 13 14 15 16 17 18 19 20 21 22 23 24 25 26 27 28 29 30 31 32 33 34 35 36 37 38 39 40 41 42 43 44 45 46 47 48 49 50 51 52 53 54 55 56 57 58 59 60 61 62 63 64 65 66 67 68 69 70 71 72 73 74 75  :=
1 1200 1887 2236 2608 2898 3280 3572 3752 4089 4450 4565 4758 5075 5235 5415 5611 5776 5933 6020 6280 6347 6487 6648 6853 6980 7147 7335 7357 7513 7697 7854 7907 8042 8129 8338 8386 8528 8688 8823 8940 9033 9091 9183 9332 9449 9585 9644 9732 9826 9982 10084 10141 10249 10387 10425 10539 10615 10718 10802 10927 11042 11069 11153 11312 11360 11426 11500 11586 11674 11788 11901 11957 12005 12096 12202
2 1960 3578 4436 5470 6053 6475 7255 7980 8178 8935 9156 9724 9920 10500 10748 10969 11377 11798 12225 12342 12712 13260 13500 13694 13868 14294 14588 14746 15137 15425 15523 15859 16105 16390 16536 16762 16994 17367 17536 17794 17889 18278 18365 18719 18864 19100 19208 19563 19604 19819 20028 20246 20400 20735 20804 21014 21272 21455 21574 21821 21931 22195 22421 22457 22733 22867 23051 23172 23385 23515 23722 23937 24067 24242 24380
3 3000 5466 6378 7566 8960 9506 11128 11353 12223 13186 13917 14350 15262 15531 16222 16649 17244 17900 18040 18898 19040 19507 20285 20724 20966 21433 21955 22265 22490 22847 23599 23675 24030 24673 24949 25114 25597 25884 26318 26665 26973 27351 27567 27963 28404 28737 28887 29320 29589 29904 30162 30322 30653 30986 31332 31647 31828 32261 32511 32765 33120 33250 33434 33814 34015 34326 34582 34826 35135 35400 35658 35774 36055 36249 36733
4 4800 7111 8800 9960 12548 12998 13994 15636 16219 17436 18400 19016 19823 20953 21570 22214 22670 23338 24619 25006 25687 26364 26785 27212 28182 28800 29164 29405 30189 30839 31005 31557 32259 32868 33043 33780 34270 34669 35054 35390 36124 36354 36817 37129 37914 37973 38475 39159 39257 39920 40263 40603 41019 41461 41861 41975 42528 42708 43104 43525 44044 44362 44564 45078 45396 45810 45984 46379 46832 47085 47605 47712 48239 48431 48813
5 3162 8124 11533 13601 14765 16432 17748 19494 20543 21817 22804 24413 24980 26019 26907 28107 28320 29833 30199 30968 32047 32772 33226 34540 34728 35972 36373 36797 37802 38171 38974 39711 40162 40878 41280 41952 42685 43116 44023 44373 45200 45343 46314 46594 47106 47582 48218 48693 49336 49769 50388 50951 51039 51711 51962 52707 53113 53535 54240 54553 54991 55669 55767 56276 56727 57018 57827 57966 58515 58822 59203 59791 60366 60737 60959
6 5879 10182 14648 15738 18278 19571 21094 23207 24563 25456 26913 28775 30168 31453 32533 33877 33984 35006 36358 37277 38643 39454 40178 41309 41656 42697 43267 44449 45028 45805 46984 47699 48135 49346 49477 50628 51320 51725 52389 53518 54293 54544 55069 56106 56820 57487 58135 58567 59118 59518 60168 61176 61739 62238 62780 62963 63691 64130 64911 65639 65956 66500 66942 67840 67893 68809 69070 69776 70238 70494 71064 71518 72409 72538 73426
7 5940 11024 16327 17374 20142 23552 26004 27147 29031 29764 32017 34264 35666 36130 38058 38999 40236 41460 43128 43872 44405 46009 46811 47559 48538 50419 50497 51743 52737 53877 54258 55649 56834 57109 58298 59033 59955 60379 61329 62123 62875 63773 64339 65531 65978 66908 67317 68113 68814 69719 70014 71001 71688 72679 73390 73776 74635 75106 75962 76399 77025 77356 78062 78687 79554 79825 80752 81272 82052 82754 83203 83450 84163 85044 85503
8 8908 13948 16395 21821 23839 26144 28080 31516 32516 35309 37008 37930 39808 41907 43141 43993 45255 47866 49289 50037 50596 51871 53856 55032 56274 57333 58570 58788 59888 61761 62359 63860 64040 65483 66028 67086 67882 69559 70545 70997 72231 72901 73826 74653 75557 76315 77530 77859 79180 79390 80399 80923 82256 82520 83844 84011 84845 86118 86696 87475 87811 88435 89371 90198 90919 91228 92468 93117 93336 94224 95116 95639 96611 96797 97639
9 9000 16497 18793 22337 26022 29686 31794 35638 36269 38898 41086 43870 44493 47111 48198 50464 51670 53245 54834 56893 58271 58521 59889 61858 62354 64424 65074 66454 67662 69130 70223 71910 72135 73205 74260 76006 77127 77880 78769 80156 80579 82290 82526 84274 84925 86156 86737 87332 88457 89132 90735 91606 91800 92975 93859 94940 95434 96866 97333 98294 99261 100058 100800 101089 102505 102915 103871 104849 105250 106169 107096 107700 108344 109297 109682
10 9798 15100 23409 27055 30919 32062 34641 39141 41473 42755 45387 48042 50833 52383 54074 55857 58000 59161 61057 62801 64094 66030 66783 68935 69742 71330 72277 73539 75604 76837 77795 79574 80697 81951 83427 84000 85837 86971 88204 88386 90044 91389 91695 93467 93915 95058 96644 97796 98691 99800 100240 101292 102235 103615 103942 105565 106094 106921 107852 109453 110236 110671 111427 112499 113472 114403 115030 116207 117422 117983 118828 119532 120399 121194 122164
11 11432 18407 25467 30165 32333 36681 41040 41393 46252 47338 50743 52754 54469 56433 59318 61285 62536 65263 66256 68871 71084 72366 73164 75828 76559 78894 79322 81311 83165 84921 86474 87171 88357 89958 91743 93208 93778 95212 96850 97149 98485 100118 101176 103142 104053 104864 106171 106649 108226 109382 110154 111203 112738 113337 114801 115495 116766 117900 119166 120298 120800 122095 123337 124081 124800 126093 127220 127600 128770 129875 130858 131578 132018 133767 133857
12 12471 22257 25625 31749 35679 41151 42324 47759 49361 52141 55148 56438 60240 62169 65419 66641 68432 71317 72120 75017 77621 78396 79960 82408 84785 85932 87460 88247 90598 91610 94213 95579 96896 98605 99824 101483 102331 104448 104641 106307 107492 109693 110765 111309 112774 115050 115450 117011 118284 119157 120575 122282 122776 124222 125559 125949 127087 129177 129955 131366 132479 132892 134121 134956 135849 137325 138889 138952 140600 141152 142956 143660 144280 145789 146262
13 8222 23687 30983 32370 38476 43661 45556 49126 54600 56427 60809 62292 64739 68296 70296 72381 73997 76557 79672 81600 84009 86115 86389 89275 91037 93311 95282 97214 97561 99516 101832 103707 104970 105868 108080 109725 110554 112823 114459 115809 117346 119090 120079 121784 122476 124665 125717 126655 127824 128693 130052 132064 133363 134699 136246 137111 138436 139434 140014 141861 142479 144271 145088 146040 147606 148928 150216 150598 151716 153135 154607 155805 156065 157552 158834
14 17929 24087 34178 35307 40188 45752 52083 55154 57791 62547 63665 65666 68700 72042 74556 79097 79935 82112 85618 86890 89029 91633 93664 96468 97639 100488 102344 103145 105809 107609 109951 110804 113253 115311 116225 117633 120172 120498 122338 124781 126280 127053 129649 129951 131361 133727 134895 137057 137400 138621 140977 142525 143567 144898 145976 147419 148743 150055 151122 153260 153439 154736 156274 158194 158689 159845 161286 162978 163794 164701 166688 167416 168443 169718 170547
15 16432 26665 35875 40025 42953 50020 52134 59017 63285 66000 70292 70993 75895 79145 81994 82432 85223 89900 91044 93097 95530 99136 101247 102703 105214 106574 108457 110349 112290 115724 117805 119248 121602 121897 125355 125714 128406 130560 132408 132748 134432 137445 139072 140136 140968 143248 145214 146816 148007 149399 150000 152647 153938 155190 156719 157579 159762 160269 162361 164070 164590 166087 168000 168855 170789 171683 173274 173871 176057 176720 178368 178846 180724 182360 182631
16 10613 27341 36765 42332 47786 52873 58570 63357 65346 70907 73947 77398 81459 81584 86163 90340 92910 93350 96160 99097 102400 105697 106373 110574 111634 114039 115865 118357 120160 121852 124183 126794 128519 131200 132095 134095 136854 138564 141127 142211 143251 145837 146852 149581 151181 152059 154132 155949 156833 159551 160479 162760 164543 166092 167014 167901 170563 171103 173007 175213 176378 177794 178226 180339 181330 183659 184964 185296 187930 188366 190151 190662 192586 193805 194727
17 20400 29248 39504 42330 53110 56177 60535 63699 71884 74568 77606 81316 84659 88204 90212 95564 98717 101146 103015 104850 109012 111217 112970 115750 119243 121404 123341 125478 128886 130845 132207 135404 136212 138568 141376 143446 145566 146713 148864 151214 153678 154242 156990 158347 160522 162098 163306 165241 167050 169284 170034 172296 174530 175619 177061 179847 180680 181765 183474 185666 187710 188416 190157 191610 193173 195108 196054 197053 199531 199936 202521 203489 204679 206394 207149
18 17636 29247 43050 48700 55304 58493 64197 68589 73602 76368 82565 86849 88841 94290 96464 99961 104834 106002 108000 111367 115369 117208 120748 123716 125123 127737 131141 133346 134892 137131 141595 142644 145165 148344 148519 152225 154674 155926 157044 159825 162439 164422 166770 167080 170687 171785 174442 175036 176914 178554 181291 182964 184621 186263 188511 189026 190936 192827 194966 196752 197574 199045 201953 202466 204694 205799 208085 209327 210623 212613 214192 215850 216868 218209 219806
19 22481 37618 40927 46850 57253 65046 68294 73094 76284 83514 86986 91437 96133 100035 103301 104897 108350 111113 114127 119685 122899 124069 126375 129368 133704 136112 139466 142081 144300 146288 148395 150760 152522 155336 157092 160951 163356 163533 166247 168362 170916 172513 174635 176404 179286 181089 184055 184877 187591 189658 190948 193614 194914 196574 199129 199274 202009 203504 205481 207509 208965 211234 213071 214456 215865 217332 219842 220400 222454 224650 225996 227683 228853 230926 231145
20 14967 32000 48000 55136 61838 67171 74081 76629 81780 86348 89532 96747 100399 102059 109032 109618 115239 117303 120532 125092 127373 131575 133086 135706 140855 143833 144665 149345 149933 154143 155435 158745 161096 163218 165650 168000 169847 172928 176590 177584 178975 181240 184824 186419 187745 190452 192997 195878 197585 198474 201316 203725 205212 206766 208921 210941 213317 215146 215407 218248 220472 222423 223750 224678 227086 229504 231032 231862 233855 236068 237352 238529 241031 243212 244197
21 16267 38033 42209 54922 63558 68885 76297 83895 88499 93161 94570 102793 103732 110405 111597 116014 121728 125157 127876 129929 135055 137706 139298 143662 145553 150440 153055 155002 159876 161085 163477 166258 168315 170760 174490 176600 180600 180893 183411 186037 189838 191457 192651 195740 198292 200107 203516 204596 207592 208313 210880 212173 214694 217429 218884 221727 223075 224219 226917 228466 230082 232863 233997 236695 237625 239658 242947 243962 245978 246766 248475 251123 252594 253918 255752
22 15242 42886 50934 54956 63152 75444 81251 86446 92922 95390 101391 106876 110439 112609 118963 121539 125458 129258 135188 137108 141623 145067 146725 151081 152864 156123 160525 163689 165337 168756 170978 173563 177097 179539 183063 184905 187297 191741 194000 196331 198342 200333 202448 206003 208432 210557 211749 214520 217299 219427 220044 222363 225347 227357 229307 231784 234359 235636 238657 239709 241920 243436 246203 247615 250066 251648 253564 255503 256864 259824 261198 263082 265244 266082 268544
23 20572 45769 48025 61026 66977 73600 85935 89671 95498 98444 107092 108466 114354 117817 125724 126479 131724 135914 140658 142452 146768 150329 153739 157546 162439 163154 168199 170511 172178 177860 180165 182151 184345 187757 189663 193638 197532 200351 200720 205203 207357 209388 212797 214382 216591 219743 220800 223088 225916 229493 232152 233560 236352 237647 239774 242843 243843 247675 249802 249886 252749 255621 257189 259115 261027 263929 266125 266522 270150 271945 273845 275155 276498 278214 281014
24 20365 44254 53666 59373 71196 76800 87854 95880 98838 106685 111128 113589 120766 125903 127539 134913 136357 141417 145986 151561 153975 156350 161426 164536 168684 172466 176298 178570 180623 185717 187569 189706 194504 195036 198432 202967 206344 207735 210709 213856 217064 217806 220278 224679 226721 228341 230600 234464 235298 239038 240000 243857 246255 248397 250521 252263 256025 257774 259156 262293 264218 266130 269185 270722 273221 274651 277197 278772 280667 282915 285025 286717 289556 290707 292879
25 18708 47697 57663 67454 76974 79215 90000 99247 103078 107587 112694 121140 126886 131339 134629 140089 145172 147054 150000 155804 160078 163478 166508 170734 175000 178746 180970 185809 189209 192029 196023 197231 201060 203408 208926 209165 212309 216852 218918 221246 223663 228090 229183 233131 236008 238170 241919 244847 247134 249850 252290 253427 254951 257585 261056 263296 265895 267442 270324 272855 274864 276722 278478 281957 284737 285613 288487 290732 291762 294534 295846 299082 301455 302324 304179
26 31200 38913 58370 71109 81724 82874 91555 97976 108455 110554 118236 123054 130104 132778 141742 145321 148451 155566 158919 161535 164438 168900 172700 177334 182297 185823 188137 191272 196365 198964 203798 204856 210584 212055 215596 218338 222266 225046 228208 230917 233827 236643 239257 243624 244676 248514 251757 253577 257282 258697 262020 263307 266319 268342 271846 274420 277263 279594 281761 283436 285716 288869 290503 293190 295486 297992 300207 301151 304899 305917 308031 310523 312087 315790 316346
27 37021 53184 61806 68518 77692 89712 98984 106231 108941 114806 125717 126986 137568 141435 145500 150233 155385 159277 163523 170507 174396 178527 180638 185496 190460 193347 195447 199289 204203 208233 209489 214170 216674 220740 225122 227250 229738 232576 236123 240467 244078 246455 248752 251781 256088 258693 259537 261942 267013 269351 271723 274233 277720 278506 281267 285384 287065 288584 291750 293792 296558 299980 302930 303507 307279 309265 311332 312594 316073 318142 320744 323955 325706 326823 330284
28 34063 54869 59529 74713 84186 93873 104617 106400 117999 124340 127454 133581 139664 144628 148374 154076 162978 165745 169487 176467 180421 185139 187244 191631 195519 201678 202918 206518 212210 213242 218113 221395 226714 228367 233863 237059 240605 241060 245252 248554 252000 255399 259359 262305 264270 266809 270138 272853 276393 278709 281285 283395 286915 290877 293560 295423 298643 299482 303022 306418 308051 311090 312398 315395 318068 319838 324075 326341 326725 330685 333047 335486 338001 338927 341738
29 29574 48526 61381 74953 91154 92072 103591 115564 117584 125070 129951 140043 145463 151245 154437 159368 166794 169296 177730 178956 185600 190696 192452 198814 201587 207426 209363 215226 217094 224183 226794 228935 234954 237446 240053 242631 248115 250946 252883 258474 259578 263884 266169 271363 273647 275912 278702 281644 285263 287554 291504 293631 296311 300986 303047 304707 307455 312070 314967 317467 318525 322566 324645 326968 329121 331667 335599 337149 338643 342151 343427 347420 348965 351176 354275
30 21633 46476 61482 75895 87361 101292 108167 115724 126428 128125 134700 142492 147092 156115 163768 164426 170658 178292 183172 186965 193680 198816 200260 205582 212047 214411 218403 220699 225140 231603 234307 238722 240375 246073 250567 251141 255406 258279 262290 265496 270599 274758 277561 279821 282574 284605 289310 293878 294673 299820 300240 303045 308519 308927 313955 316468 317660 320481 324721 327261 330545 332012 336268 337497 340259 342263 345717 349600 351244 353746 355978 359399 360699 362839 366098
31 33959 55800 66488 84784 97441 103931 108278 118613 127213 138220 143004 146981 156358 162270 169567 174263 176564 182874 187133 192000 196844 202523 207769 212254 216823 220078 226618 231900 235273 238760 242118 247922 249930 254427 255708 260916 266239 270038 271387 276509 279825 281264 285537 287683 294026 296176 298052 302023 306006 308384 311854 314310 318139 321265 322161 327076 329884 331570 336346 338681 341732 345034 345702 350177 352529 353672 356433 361413 363269 364537 369304 370706 374010 375702 379114
32 30019 56523 72124 80954 98942 101193 116614 127519 128956 142535 144249 151452 156898 167870 173628 179428 181471 187576 196011 201066 203194 209643 214089 220962 224821 229777 231818 238952 240490 244711 251887 253911 257833 261540 266812 268952 273183 277054 282109 286074 288781 292095 295650 299025 303174 305328 308065 312094 316655 319488 322169 325646 326588 330453 333415 338535 339079 343162 346783 350250 351243 354031 357828 359826 362434 366815 369984 372357 375370 377166 379278 383947 384693 389034 391081
33 21890 51968 70159 85035 93804 113934 118433 127467 139071 144749 152658 156880 166707 174245 180507 184328 188303 192987 200623 208188 213661 216597 223232 227389 229202 236866 241780 246154 248795 251580 259171 262760 264988 268256 275545 277828 280946 286245 291149 291598 298390 301585 305031 307733 311181 315353 317075 321034 324878 328014 332368 335433 337311 341674 345603 347739 350236 354009 357437 361196 361858 366939 368065 372067 373352 377414 381832 383255 386875 388672 392298 395174 398467 399668 403573
34 34673 50887 68000 88138 100170 110277 118757 127398 140350 149291 154167 165031 170000 174695 182590 189426 195670 200341 206702 213633 218660 223884 229393 235068 236147 242618 245177 250403 255521 260805 265548 270124 275547 276468 282589 285924 289220 295546 296405 300895 307808 308858 311838 316474 322265 324980 329221 330133 334999 338706 343114 343854 347865 351304 353731 356725 361233 363593 368394 369647 374803 375850 380496 383161 386704 390275 391222 394634 398250 402121 402351 406240 408227 411723 415858
35 48497 57723 78262 90460 101198 113305 123248 134101 143115 151109 157927 165650 175977 183341 189518 197494 202275 207181 214502 220694 223233 231635 234056 242184 246098 247487 253067 257387 266276 269841 274521 277892 280437 286829 292077 295330 300593 304721 307522 312344 314377 316938 323215 325782 330931 332997 337165 341640 343286 347400 351676 353968 357343 362178 366816 368016 372516 375137 377221 381227 384172 386841 391312 394802 396042 401265 404791 405819 409485 411514 414894 418071 422385 423428 427172
36 23880 70177 73426 93045 107760 119615 128798 139055 147732 159053 162120 170079 177681 184831 194800 199922 208924 213587 220630 227570 232416 237382 243951 247223 251382 257494 264153 269014 269784 275864 279783 284924 289436 296339 300249 302400 306487 311769 314666 321591 324000 327738 332762 336557 340310 345225 348513 352432 355216 357254 363440 364863 368187 373291 376540 377640 382821 384577 387932 393966 397503 399713 401525 407166 410021 411283 415796 417041 422352 423027 428264 431520 434870 435168 438846
37 46802 61022 84373 103335 108253 122938 133200 138441 153628 164806 172913 175272 188228 192542 198149 203735 211645 220142 222000 230472 237031 242738 249743 253335 257941 264544 271591 275991 279442 286123 290491 295444 298762 303129 305200 309741 314913 319659 324505 328363 334968 337816 343044 346933 347721 352336 355431 360328 365308 368814 370739 375144 378631 383874 387706 391291 394775 396367 399051 403555 407605 411815 414466 416969 419130 424904 427922 430092 434273 434715 438852 441526 445355 449638 451279
38 52654 68821 91516 101681 116009 122782 140959 143598 155939 162469 170789 183819 192567 197307 201651 208273 221315 223910 229263 238039 245799 250224 255704 262393 265348 270842 276749 284264 286894 290594 297373 302381 304190 309741 316017 320103 322978 328387 333708 337751 340392 346447 350755 353951 359457 363054 366459 371779 375258 378858 383103 384458 389829 394249 395857 401651 403731 408778 412015 414461 418759 419930 425804 426684 432733 434863 439750 440538 445363 448529 450969 453460 457833 461602 462540
39 48711 76025 88247 101100 118293 130984 139094 152050 160612 166562 182260 186712 196863 200234 209732 217423 223358 231911 234908 240665 249844 255621 264050 268959 273111 278734 284246 290491 296092 298547 306193 309061 314138 320275 325831 328712 334946 338560 342579 346113 350566 354020 360829 363684 366683 372527 376749 379885 384501 386710 392488 394112 400468 404774 405450 412295 415894 419826 420766 423792 429779 431051 437148 438399 442749 445898 448822 451996 456550 459274 464149 465000 469233 472528 475224
40 38367 61449 85790 109690 121589 133387 148162 157987 168760 173251 185213 194813 203804 210447 217476 222423 228666 234060 245145 250567 258364 261565 268090 276319 278740 282843 288998 299119 301038 307350 312000 319700 321198 327902 331687 335428 343348 347977 349445 355438 357771 366082 368695 371720 378967 380820 384333 389461 394117 396706 400799 404455 409175 412757 416538 422791 425732 427757 433110 437667 439782 442827 447643 451132 455157 457121 460747 463655 466545 470438 475580 477661 481331 484380 489048
41 41000 65600 87552 101428 126503 137701 150978 162972 167248 181144 186809 197822 208738 214615 220029 231060 233088 241448 248312 258918 261244 269479 277349 278679 285355 290146 298259 302956 308891 313322 320430 323770 331872 334395 340868 344985 352409 354691 359960 363862 369910 375144 375771 381278 385051 393002 394879 397679 401716 407945 410574 415619 419324 425453 426715 430871 436376 437837 443255 446881 449955 454712 459054 461173 466752 468334 472337 475741 481362 482199 488227 491590 494454 496828 501609
42 42000 74661 100800 117900 126559 132816 145492 157822 176000 183074 188205 198958 209158 217429 227421 231115 242002 247907 257402 258905 271412 277327 281118 289770 290985 300762 305418 310004 315084 320854 329319 331561 336629 341313 346850 352900 359339 364215 370268 374154 379862 380512 388857 390397 394442 400566 405382 408071 411943 416372 423846 424678 430454 435587 439538 442338 446466 448909 452588 457087 462153 465424 469349 473167 478136 479021 484877 489079 490304 494531 499359 501474 504700 510054 511366
43 54391 75465 93023 116973 129286 139203 155990 168525 179985 191531 200953 210480 216884 224919 230762 242636 244004 253080 262969 270182 277208 284841 289349 295420 302593 306961 310077 318084 326007 331964 334517 341735 349228 352180 357288 363344 365475 372490 377519 381418 387573 390520 394758 401998 406026 407934 412979 419024 424112 426979 431031 436318 438600 445543 447200 454825 457581 461364 466941 470649 472922 475028 480678 482674 488310 492007 496273 498726 504843 505282 512188 514565 518217 520851 525797
44 47389 64065 100335 108850 137460 151145 162025 166736 177751 195193 201633 210097 215735 229813 236947 247810 255806 259115 264586 273084 280083 291066 293319 301392 305729 312988 321290 326905 330557 338771 345897 348017 356373 360907 364005 372833 373560 381660 385295 391872 394825 401824 406994 408513 415841 420102 424047 426777 434510 438060 440616 448541 450952 453947 459036 465569 467726 471601 477638 480467 484799 486633 490358 496791 501291 503526 508043 512897 513124 519796 521432 527633 529026 532018 538169
45 61041 74760 97765 122744 134700 150060 160240 173118 186628 195737 208753 218053 221371 233654 245157 254240 255353 265309 270599 284320 286449 297136 302405 305868 314614 322497 329823 336509 338189 343418 352037 359212 362913 369658 372713 379924 386267 391888 395078 400677 404199 410858 414977 420214 422808 429367 431906 440816 444476 449460 450899 454567 462341 464351 469383 474531 478780 482151 487747 490149 495654 498018 501180 505605 511419 514262 520057 522930 527480 528784 532979 536916 542171 546856 549000
46 49544 84820 111544 121705 132045 156129 168890 174800 186966 197960 211400 221183 228523 237602 243930 253960 262966 268224 281917 288886 293248 302483 306237 316566 321605 329278 335264 341021 345949 351411 356552 366271 370978 375851 384313 387275 391514 396775 402493 408650 415429 417157 422199 429355 433182 439101 443989 448353 453514 456398 463665 466668 470911 474046 478046 485948 488900 494751 497991 503821 507587 509501 516103 519128 522541 525609 532250 534947 539829 541317 544901 549926 554982 555896 560823
47 35172 74016 105095 130250 141000 153309 167098 178847 191031 203570 212905 226772 232543 247632 254148 263871 269667 277738 286044 296957 304159 306475 312753 322627 329000 337747 339443 346527 356581 362236 369481 373406 376704 384137 390185 394800 403872 408116 411673 418062 423522 429427 434642 437176 444293 448942 452862 458581 461079 466320 473652 478385 479953 486807 492671 492940 497934 502175 508557 512192 515974 519812 523792 530580 532575 538514 543252 545200 550041 555555 559280 562117 567592 568991 574862
48 57600 74978 107760 127720 145591 161497 167382 186398 192000 211200 218703 227380 240575 249785 262731 270849 272038 280050 294643 298990 308995 311224 319840 331304 336822 343460 348256 357914 362900 368320 375997 380383 384839 393834 399757 402170 411234 412912 423707 424033 431253 439718 441496 445134 454152 458293 461899 470204 472258 478076 482681 486958 493350 495680 499661 506622 508619 514653 518578 521943 528000 530351 536313 542209 547200 548041 554395 556883 560430 566644 570130 573675 578315 580304 585600
49 55437 91408 102783 125501 149269 155261 182027 186458 201794 216267 227942 234177 242637 252718 263144 275099 285380 286556 295954 305219 312987 321165 332045 333776 346066 351982 354158 362202 371367 377650 382828 389542 392490 398078 404183 415432 416471 425257 427846 433754 439582 447807 451864 459452 462992 466711 470094 476687 483985 488528 492736 496232 503152 505912 512607 514850 522166 525923 529744 532547 540690 543613 548362 553418 556274 561601 565435 568991 571769 577785 580769 586774 590526 592799 598924
50 51962 99499 107238 129228 149332 164012 181384 194165 208567 217945 233666 239165 250599 256905 266833 276767 290345 294449 306105 313209 319687 328938 336452 344964 349142 359166 365513 368511 380000 381051 390128 396863 404599 408167 412311 421663 425323 432666 438064 442154 448999 456946 463573 468508 470106 477598 480937 485798 493964 495379 500600 505272 513809 515946 520961 525547 531883 538145 542494 545344 551271 555338 556866 563560 568859 572713 578187 580948 584893 590508 595063 598582 600583 605805 609590
;

param:	cost_bundl	marginal	:=
1 10 41
2 50 52
3 100 138
4 150 172
5 200 219
6 250 279
7 300 304
8 350 393
9 400 449
10 450 458
11 500 549
12 550 591
13 600 630
14 650 682
15 700 739
16 750 779
17 800 823
18 850 898
19 900 937
20 950 955
21 1000 1011
22 1050 1077
23 1100 1113
24 1150 1160
25 1200 1232
26 1250 1281
27 1300 1332
28 1350 1365
29 1400 1431
30 1450 1491
31 1500 1503
32 1550 1565
33 1600 1616
34 1650 1654
35 1700 1720
36 1750 1753
37 1800 1821
38 1850 1885
39 1900 1943
40 1950 1978
41 2000 2049
42 2050 2053
43 2100 2113
44 2150 2177
45 2200 2215
46 2250 2282
47 2300 2302
48 2350 2377
49 2400 2425
50 2450 2498
51 2500 2530
52 2550 2576
53 2600 2620
54 2650 2675
55 2700 2723
56 2750 2764
57 2800 2812
58 2850 2893
59 2900 2949
60 2950 2994
61 3000 3009
62 3050 3092
63 3100 3132
64 3150 3177
65 3200 3208
66 3250 3252
67 3300 3332
68 3350 3383
69 3400 3407
70 3450 3455
71 3500 3548
72 3550 3593
73 3600 3622
74 3650 3675
75 3700 3722
;