param num_bundles := 75;

param num_cust := 50;

param price_reserve :
   1 2 3 4 5 6 7 8 9 10 11 12 13 14 15 16 17 18 19 20 21 22 23 24 25 26 27 28 29 30 31 32 33 34 35 36 37 38 39 40 41 42 43 44 45 46 47 48 49 50 51 52 53 54 55 56 57 58 59 60 61 62 63 64 65 66 67 68 69 70 71 72 73 74 75  :=
1 1342 1709 2163 2538 3137 3298 3567 3955 4030 4377 4512 4874 4903 5115 5433 5561 5713 5872 6093 6190 6471 6536 6747 6791 6980 7091 7275 7454 7521 7710 7813 7970 8015 8207 8297 8417 8577 8637 8720 8877 8982 9150 9220 9317 9383 9587 9656 9749 9798 9906 10012 10188 10204 10354 10438 10564 10609 10720 10783 10872 11034 11105 11207 11236 11356 11437 11524 11588 11710 11773 11898 11962 12055 12138 12231
2 1497 3816 4214 5614 5960 6753 7277 7725 8371 8616 9016 9650 9847 10229 10785 11078 11614 11879 12047 12573 12674 13121 13279 13694 14057 14148 14516 14956 15009 15263 15590 15920 16030 16395 16565 16781 17130 17422 17509 17767 17987 18265 18469 18655 18931 19129 19258 19432 19645 19992 20040 20341 20521 20661 20934 21132 21275 21474 21544 21891 21993 22221 22393 22510 22716 22929 22985 23221 23467 23508 23806 23846 24143 24199 24347
3 1897 5231 6708 7494 9295 10004 11128 11819 12614 13268 13563 14636 15024 15588 16066 16864 17108 17819 18396 18888 19228 19809 20089 20584 21179 21517 21988 22249 22753 23004 23415 23834 24097 24688 24992 25121 25639 25911 26339 26590 26860 27166 27801 28136 28410 28562 28943 29234 29668 29783 30227 30447 30747 30904 31459 31527 31992 32261 32472 32666 32913 33212 33455 33835 34015 34420 34613 34981 35140 35329 35684 35764 36125 36353 36605
4 3837 7111 8198 9895 12471 13600 13926 15179 16781 17781 18067 18864 20223 20490 21630 22500 22698 23664 24000 25070 25525 26181 27011 27306 27931 28465 29076 29394 30178 30463 31374 31880 32368 32575 33284 33695 34307 34687 34917 35625 35973 36521 36913 37404 37914 38006 38533 38856 39273 39638 40128 40721 40871 41268 41861 42173 42566 43052 43178 43803 43964 44427 44893 45170 45445 45684 46040 46366 46716 47010 47598 47672 48080 48398 48866
5 5657 7681 10954 12610 15000 16971 17692 19723 20809 22249 23195 23917 24779 25846 26889 28071 28302 29292 30249 31385 31733 33015 33630 34117 34771 35986 36579 36919 37656 38197 38884 39522 40534 41183 41737 41833 42825 43417 43966 44565 45266 45343 45913 46605 47339 47864 48322 48621 49214 49870 50220 50813 51361 51846 52269 52839 53047 53712 53852 54461 54772 55561 55848 56214 56657 57254 57758 58052 58310 59051 59473 59816 60366 60548 60918
6 6119 9449 12869 15367 18936 20750 21700 23484 24387 25877 27100 29320 29418 31658 32444 33342 34089 35476 36140 37528 38512 39436 40303 40712 41621 42460 44058 44643 45632 45789 47000 47805 48433 49039 49666 50214 51600 51656 52362 53639 53933 54491 55577 55823 56540 57047 58160 58419 58849 59856 60120 61070 61411 62088 62630 63031 63927 64220 65166 65243 65935 66608 67328 67755 68231 68736 69445 69755 70197 70576 71367 71679 72369 72677 73367
7 7139 11797 14948 19145 21958 23800 25122 27506 28896 30416 31894 33160 35611 36588 37748 38773 40696 41860 42209 43219 45062 46391 46874 47703 48558 50342 51057 52215 53163 53659 54510 55296 56262 57160 58247 59265 59512 60557 61600 62532 62875 63972 64293 65277 65845 66805 67651 68127 68828 69311 70363 71331 71688 72571 73028 73763 74371 75184 75509 76348 76911 77735 78250 79122 79431 79898 80485 81513 82076 82600 82872 83614 84465 85113 85251
8 6400 14924 19133 21762 24053 26677 28800 31190 32476 34092 36275 37694 39968 41692 42603 44714 46428 47920 49159 50368 50748 52313 53880 55379 56501 56749 57954 59566 60399 61761 62972 63012 64140 65032 66183 67352 68483 69411 69797 70871 71858 72690 73895 74568 75183 76231 77066 78237 78710 79952 80542 80954 81976 82520 83721 84437 85387 85506 86622 87270 87840 88551 89228 90241 90594 91788 92344 92828 93610 94495 95277 95452 96173 96757 97862
9 5692 17452 18090 22482 26454 29136 32699 33962 36045 39804 40330 44054 44420 46487 47996 50368 50975 53880 54359 56636 57120 59672 60401 61200 62691 63767 65323 67109 68044 68825 70820 71549 72872 73183 75127 75407 77358 78398 78625 80418 81140 81836 82741 83985 85115 86062 86587 88145 88255 89748 90431 91676 92521 93305 93669 94872 95332 96883 97400 98063 99392 99457 100945 101265 102220 102821 103715 104245 105388 106398 106733 107790 108329 109193 109888
10 7211 14283 20000 27928 28983 34409 35665 37947 40050 43267 45255 48374 49880 51498 54736 56391 57585 59228 61254 61709 63561 66091 67201 67823 69857 71638 72856 74351 75763 76968 77949 79473 80747 82268 83259 84451 85767 86464 88000 89196 90443 91345 91869 92909 94657 95289 96000 97304 98000 99639 100975 101725 102762 103557 104518 105052 106602 107685 108259 108922 109982 110815 111768 112303 113472 114088 115048 116482 117167 117830 119029 119800 120266 121326 122458
11 13015 19179 26308 30085 34365 35337 39170 42546 44979 47948 49683 52800 53979 57031 58827 61482 63420 65927 67522 69116 70090 71356 73462 74703 76748 78247 80142 81459 83397 84693 85631 87531 88712 89716 91532 92138 93675 95744 96925 97919 99488 100721 101128 102530 103423 104517 106171 107192 107822 109072 110745 111443 112910 113700 114632 115495 117138 118064 119065 119511 120660 122095 123141 123592 124626 125593 126495 127543 128469 129427 130655 131412 132585 133150 134686
12 13145 23145 27885 30072 36948 38325 43133 44900 49419 51864 54146 56642 59032 62400 64264 66899 69060 70912 72000 75285 76987 77880 80891 82513 84479 85798 87723 89446 89864 92049 93600 95790 97163 98312 99766 101199 102837 104476 105954 106604 108320 108824 111180 112237 112672 114196 115425 116419 118430 119133 120407 121929 122400 123920 124754 126905 127720 129110 129422 130640 131869 132978 133842 134700 136758 137241 138536 139055 140743 141233 142472 143479 144160 145373 146459
13 10400 19971 29758 34979 38212 41356 47231 50282 54165 57963 58254 63367 64739 67650 69862 73309 74905 76069 79545 81642 82834 84530 86428 88553 91629 92254 94176 95989 97699 100630 101733 103020 105388 107011 107986 109045 110431 113182 113986 115839 117144 119090 119204 121590 123274 124121 125044 126147 128588 129609 130234 132012 133210 134925 135275 137038 138387 139821 140328 141240 143260 144692 144879 146272 147583 149268 150374 150845 152161 152959 153950 154957 156000 157831 158621
14 15078 23089 28279 35638 43196 45838 52308 54797 58264 60379 62735 66790 69155 71551 76630 77394 80813 83579 86029 88455 89381 91419 93287 95406 98120 99469 101768 104654 105586 106951 109773 111227 113218 114081 116663 117900 120074 121953 123264 124246 125564 127730 128526 129891 131332 133081 135185 135879 137314 138621 141365 141393 143430 145196 146726 147605 149269 150003 150785 152953 153516 155797 157125 157847 159428 160823 161771 162858 163411 164534 165769 166900 168466 169903 171350
15 12000 28618 31464 40583 46957 51352 56045 58327 63356 64133 68411 72062 74639 78288 81719 83030 86741 89750 90399 93145 95247 99136 101469 102922 104441 107583 108995 112089 114197 114276 117843 118794 121157 123037 124093 126570 127668 129314 131385 133525 134633 135864 138910 139911 140840 143436 145183 145986 148189 149549 151285 152263 153088 154434 156144 157464 159734 160297 162914 163025 165381 165843 167221 168908 170129 172154 172858 174026 175211 177457 177634 179600 181221 181791 183172
16 16000 30189 38666 39711 48319 54588 58918 60884 64000 68483 74773 77530 80256 83077 86044 90340 90736 94006 96319 99458 101345 105357 108328 108894 113092 114933 116920 118875 120585 122481 125128 127720 129669 131862 133022 134856 136141 137749 141018 142642 143858 144886 146956 149957 150332 152227 153833 156047 158263 159936 160511 162414 164263 165227 167657 168874 169781 171402 172948 174569 175446 176784 179343 180481 182260 183128 183993 185738 187739 188637 189315 191680 193196 194569 195907
17 17337 28243 40373 43007 50659 54506 61483 65577 70749 73867 78200 82865 84591 86750 90914 94896 96467 99126 102903 105125 108107 112457 113481 116049 118708 121404 122683 125340 127760 131242 132382 134933 136467 138401 140885 142597 146200 147381 149058 151061 153038 155733 157395 159329 160306 162277 163200 165765 166600 169011 171388 172431 174794 175718 178006 179525 180872 181765 183379 185105 186753 189090 189944 191761 192663 194038 195670 197405 199589 199705 201290 203858 204340 206534 207901
18 19387 25960 39926 50400 54597 58382 65397 67350 72449 80257 82878 86325 88402 93946 96665 99376 103402 107820 108180 112237 114183 118745 121923 123349 126871 129550 131388 133492 136705 139102 139799 143414 145655 146410 149433 150857 153666 156258 158849 159582 162957 164816 165600 167042 169430 171935 173735 175258 177060 178336 181755 182716 184621 185915 187096 190426 191782 192390 194300 196027 197836 200343 201729 203169 203774 206365 207305 208583 210284 212339 214404 214947 216090 218683 218979
19 14218 37810 39673 47462 55067 63700 68400 71497 78707 82819 85732 91121 96133 97772 101965 107413 108948 113619 115260 118533 120527 124359 126261 130645 133434 134511 138479 141521 142690 145744 148249 151620 153747 154590 157368 159419 162114 164281 165812 168233 170873 174096 174924 176444 179608 180929 183662 185501 186316 189886 190796 193725 194432 196170 198911 200286 202508 203433 205235 206568 209380 210515 212596 214220 215263 216700 219842 221348 221772 223587 226252 227556 229326 230707 231769
20 27423 30199 46476 54699 57131 64622 71777 79398 84475 89174 92693 95415 100160 103228 108074 110635 114123 119599 122768 125475 126807 131575 133147 137753 139828 141873 145657 147675 151684 153987 156307 159449 160499 163805 166565 168190 170552 174080 175636 177854 179644 182866 185343 187403 188510 191374 193618 194443 197180 199038 200000 203254 204548 207692 207923 209952 212678 215295 216037 218541 220835 221305 224107 225175 227086 228701 230130 232585 234231 236203 237082 239499 240366 242256 244720
21 18307 39175 46769 55402 59545 72625 77330 79689 86687 90666 95406 102018 104916 107326 113478 115098 118868 125228 126070 132150 134137 136419 139614 143047 146519 150440 151956 156700 158212 161741 165034 166365 168733 172200 174793 177049 179768 181720 183363 187077 189093 191780 194610 195785 198558 200503 203082 204079 206954 208017 210713 212131 215882 216331 218238 221169 223982 226138 226177 228582 231838 232029 234486 236621 238773 240942 241965 244756 246086 248333 249750 250631 253292 254888 256956
22 26400 37335 46979 54956 68306 71627 80533 83368 89419 93855 102719 103189 109028 114569 118228 122174 126610 131633 132512 137178 139765 145865 146923 149211 155127 157542 158644 161666 166852 168928 171825 175394 177588 181257 181523 184748 186676 190526 192346 194398 198927 199849 203354 204399 208060 209590 211612 215241 216853 219074 221666 222885 225990 228546 229138 231241 234235 236906 238332 239911 242080 244507 245967 247771 249135 251994 252761 255162 257014 259861 262049 263853 264403 266736 269120
23 26425 33803 49969 59267 70065 73600 83055 91191 94047 98013 106597 111259 113891 118801 124540 126144 131563 137077 139449 144296 145537 150961 155926 156197 162439 163089 166619 171747 172239 175344 179046 181394 186740 186853 190609 192707 196942 199663 201614 204635 207153 209237 213194 213442 217128 218778 221279 224883 227223 227781 231376 234149 235545 238713 239951 242495 244190 246132 247888 250647 252036 254792 256942 258256 261554 263488 265847 266562 268657 270971 273497 274424 276153 278481 280638
24 29589 45537 55771 66337 69227 76198 89027 93446 101028 104834 108399 117183 119904 123314 128619 132588 138120 142956 146065 148723 154795 157159 159270 164045 167244 170856 175512 178247 181132 183219 186954 191098 192000 195979 198258 201142 206121 208676 209832 212722 216799 218808 222049 224217 225498 228996 230450 232985 236859 238797 242008 243431 246114 249138 250797 252308 254083 257013 258666 262556 264392 265219 269057 270764 271656 275363 276282 278069 281282 283688 284661 286597 289794 290549 293900
25 25000 40620 54083 68191 71764 80156 90416 95525 100995 111692 112027 121450 122882 128647 136015 140357 145086 148997 150250 155242 159217 164469 169189 172192 174571 179513 182140 185000 187617 193455 196532 199937 201184 205609 206882 209762 212485 215523 219602 221642 225887 228583 229674 233880 234681 239635 241661 242436 245764 248797 251197 254018 256271 258795 262011 263960 265330 268840 269258 271937 274408 277218 278523 281247 283593 285570 287663 290388 291933 294746 297153 297993 300583 303274 306105
26 32055 51214 56486 66795 80222 86701 94463 98663 105932 113570 120164 126948 131961 135300 139045 144949 147078 153818 156433 164027 167776 171993 175495 177715 180808 184435 188137 191131 197258 200588 202600 207675 208195 211928 216660 217842 221474 224866 227912 231385 232725 236586 238691 241730 244012 248514 249492 254216 257334 259688 261349 264536 267333 268846 270300 273482 276775 278964 280656 284150 285527 288354 290689 292959 294616 297947 300522 302227 303209 306800 308031 311132 313168 315876 317200
27 35820 38940 60132 68091 81000 86905 95840 106915 110139 120506 122188 129262 135108 139148 145800 151104 152926 160826 163166 168442 170763 178036 179098 183282 190842 192970 195522 199581 204346 207391 209698 214102 217614 222386 222779 226027 231508 234201 237539 240103 241676 245566 250096 251376 254374 257790 261105 263163 266084 269351 271883 274180 276351 278034 282043 285179 287826 290749 291500 294337 295770 299055 302834 305184 305804 309406 311426 314222 315010 318417 321016 322512 324719 328069 329134
28 32170 54294 57109 75755 87116 93538 99705 105809 113805 123327 128067 132638 140782 145492 151304 154686 159870 165556 169856 174231 181115 181461 187077 189988 194635 198938 203535 208633 209533 214707 219546 223650 226506 229805 234131 236463 240735 243584 244419 248743 253303 256074 257783 260325 264744 267865 269324 272910 276563 278089 280392 285105 287679 290391 291092 293827 297749 299587 302711 304312 309118 309675 314249 314848 317278 321354 322523 324220 328687 329782 333094 334503 337072 339020 341049
29 35754 47828 69841 74276 86806 94773 107730 115273 116000 125070 130597 136022 143484 152243 155954 161881 166289 173322 176400 183320 187673 191136 195228 199911 201252 205880 212077 214835 219022 224183 226646 230326 234165 237871 240683 243600 247912 252017 254342 258019 260484 264521 266485 269185 274384 275851 278762 283073 286381 288605 290348 292886 297388 300146 302157 304320 309146 312124 314379 315501 318367 320420 324955 327636 330295 330753 333588 336650 340623 342740 343280 345818 349303 352228 354417
30 42000 43681 72250 79145 87361 98955 112089 115256 126854 132408 137870 141605 147580 155885 162555 165191 174207 178897 181295 186965 192281 195254 201871 205582 207846 214830 217660 222000 225460 230512 234691 236829 241719 245341 250208 252500 255969 258279 262975 265428 270333 272984 277950 278726 281808 287374 288998 291973 296803 298918 300599 304585 308344 310438 314414 315214 317774 321322 324888 328250 331143 332662 336535 338083 341421 342316 346497 347379 352216 353542 357139 357944 360749 364522 365656
31 23198 52973 66776 86356 89632 101688 107745 121019 129608 138498 140973 149187 156481 160842 165901 174483 177433 182453 186619 195767 197429 201667 205724 213698 218501 219554 226788 230903 232148 238116 240445 246757 250007 254729 258474 260621 264283 267104 270749 273855 280648 283578 286075 290343 291070 296046 300428 302850 305000 308384 311176 314555 318622 320547 325072 325249 329943 333304 335775 339362 342350 342799 347145 348691 352801 353780 357241 359226 363639 365432 367006 370395 373753 376825 379114
32 37318 58657 70108 88218 97901 101597 114487 126552 128320 136066 145942 155850 160128 167014 171013 180680 184937 190716 196741 199224 205499 207975 214281 217788 221703 230044 233490 235325 242018 247540 247871 252212 256480 261697 264499 270244 273108 277424 281382 282761 288142 293005 293355 300118 300528 305529 309194 312553 316719 318332 322486 325960 328464 330329 335069 337141 339502 341786 345718 348609 351534 353567 356739 359598 364182 364856 368987 371421 375206 376949 379655 381700 386127 388560 390819
33 23797 48049 80563 81637 101176 109449 117510 128996 134452 146544 152658 159360 166053 173116 180266 181710 188418 194112 201489 204280 213457 215992 219593 227772 231094 233998 240515 244824 249756 255191 258413 263174 265399 271805 274039 277828 283723 285178 288141 293385 298682 301296 304460 306172 310761 314177 318309 321847 325548 328280 330396 333806 336665 342628 343517 346610 350919 354930 356217 360108 361557 365452 369836 372008 373761 377183 380174 384560 385013 387831 392963 394015 396879 400267 402924
34 43541 53973 81600 83283 98306 115600 125386 134633 139359 144410 159329 159474 171893 177713 183222 190521 197668 201491 204227 209921 218660 222538 227572 233786 238873 242046 246869 251784 258579 260805 267630 267889 273272 279628 283569 288099 290576 294449 299586 304029 305319 307883 313022 317422 320395 323483 328588 330972 333408 337680 341425 343518 349985 350579 356530 358535 360207 365116 367074 372327 374803 377385 380982 382557 385627 390571 393402 394459 398714 400508 404471 405898 408962 411555 414856
35 39598 67506 75392 93392 109343 111781 130396 133368 145155 154000 158082 166829 173170 181326 187307 194242 202758 206708 214273 220250 224437 230575 236347 239232 243193 251611 253841 260133 262010 270657 271741 276301 283824 285717 289719 294998 299204 304319 307602 312893 316242 319633 320933 324577 328478 333291 338760 339338 345916 348738 352372 356725 359735 360755 364538 368482 371989 373960 380068 382702 384873 387094 390058 393435 396289 401021 402850 405577 408167 411812 415248 419416 421514 423890 428604
36 38099 60240 75170 101568 111076 120479 134507 142734 147028 154087 167931 173847 179134 190358 193598 201600 207430 214555 216599 226657 233196 238580 241066 248687 251897 257997 263858 266205 269976 277924 282732 286104 290598 294673 300939 304705 309181 311935 317536 320461 323840 327738 330416 336017 337787 345075 347768 350737 355289 356818 362368 366776 368679 372735 374538 377914 384307 386795 390264 394229 396458 398870 401977 404484 409135 413107 415172 417352 420137 424556 426627 430196 432480 436596 440320
37 29600 71363 78663 94477 105952 120690 128598 144253 154694 162126 171002 174175 183812 188809 199251 208649 211516 216632 227362 228083 235408 242512 246321 256237 256344 265370 267528 273300 281589 281978 290020 294702 299677 304481 308856 309564 316734 322474 322728 329362 332342 337897 342325 344796 350076 354737 355354 361314 365158 368666 370518 376601 380723 382302 384942 389960 394844 397815 400763 404909 405990 411948 412147 416640 419522 421995 427218 429710 431617 437039 440036 441154 444739 448967 450732
38 35647 73292 90883 101681 119685 121362 139724 146780 152380 161578 173972 184133 193315 199780 201077 212256 220138 225068 234001 235600 241293 246971 257504 260626 265130 272012 274022 280068 284366 294249 295522 303429 304949 311043 317658 317931 326623 328299 331538 335951 343601 347030 348773 354359 360420 360820 367167 369598 374719 379924 381290 386481 390865 391234 398402 399633 404803 407008 411314 412786 417585 421235 424309 427090 429921 434465 438698 442826 444584 446787 450136 454795 458274 460224 462852
39 47446 60920 93600 98663 115429 124556 143825 155218 165095 172836 176149 189782 196089 200992 207984 218678 223494 229935 236328 241296 246781 256334 262085 267825 271883 276323 284353 291536 292058 300376 303800 310632 313556 321224 321791 326391 330926 336034 341423 345409 349872 354192 359900 364019 366766 370479 377958 378441 382359 388828 390156 396805 397800 404774 405900 409481 413988 417573 420260 426654 429142 433374 434706 440268 443504 446035 450040 453005 455816 458279 463559 466307 468065 474391 474648
40 33941 79599 89443 109982 115931 137637 138564 153467 163756 173066 185386 192333 197099 211054 215407 224428 231586 234879 242784 249800 254118 261442 267372 274226 280913 284197 291094 297832 302205 309322 313433 317792 321894 327512 333035 338373 340916 346687 351181 353270 361508 365820 370772 374721 379389 380484 385165 390446 392082 399279 403584 405325 408314 413841 416308 422033 426858 430070 433405 437374 441525 442972 446067 451770 452690 456561 462757 463724 469553 472407 475849 479867 481597 485436 489702
41 53771 61363 87167 102089 124359 140361 142501 158580 173173 179278 186088 198162 206633 209060 220487 224716 235527 245316 252342 254860 264188 267099 274792 282751 289682 293372 297243 301845 310194 312570 320850 323978 330451 337796 338889 346832 349054 352695 361824 362102 367996 371814 378978 381013 387054 390513 396324 398776 401967 406789 413592 415700 419164 422360 426242 430637 434445 439982 444089 445374 450179 455303 459785 462483 466320 470769 471910 476518 481152 484217 486295 489328 492478 497166 500469
42 29098 82730 89293 107244 125720 138791 153745 166735 176200 185752 193200 202124 212671 220970 225082 237439 241856 250596 253813 264966 266692 277327 282245 286710 292677 302283 305765 311480 316313 322061 326845 334210 341003 342448 347053 353499 357469 365955 370458 374719 379676 382546 387221 391750 398004 399596 406077 410140 412285 418738 422262 426832 431518 436153 437768 442338 446466 450870 453522 456623 462305 464209 468069 471449 477693 480051 483493 489151 490879 494816 498510 502879 505677 510676 511090
43 50146 78820 103200 121013 127848 148459 150193 166982 177294 184650 193834 205322 217395 221273 232200 236773 249103 254101 263250 266045 277208 282101 286781 294919 298409 307442 312217 317618 323959 332410 334074 342168 345180 353438 356459 364461 365576 374075 375654 382192 385756 391843 394102 399136 403376 408568 413516 420873 421663 428190 433682 436233 439274 446786 448686 454907 457905 460321 465831 469390 471826 476039 481907 483286 488083 491029 495229 500650 504036 506233 510452 512476 517789 522056 523118
44 29186 68730 102247 119693 125071 141075 156680 172219 182481 191590 200478 212297 216809 232660 234648 241159 250607 257014 265171 277025 281737 287586 292922 299975 305095 316311 323213 326905 333472 337167 342635 347795 354630 359725 364537 368341 376039 382775 385496 391081 396196 402786 406423 412475 416213 421758 424959 428136 434955 437706 442282 446638 452067 456244 460047 462816 465985 471273 475933 477962 484799 487189 492957 497258 499976 505215 507356 511764 513199 516883 522249 527560 529903 534994 536872
45 54000 67350 101025 113128 132883 149248 157178 176822 186845 191131 204044 213928 228572 233133 245817 251034 257878 265157 277253 279145 286166 297545 300929 308373 312288 322873 324624 333486 341170 346821 348917 357856 362131 366467 373690 376927 384164 389191 395488 400879 405899 411449 416536 420503 423670 431437 435641 437218 445204 447473 450630 457143 460322 467480 468260 472650 479371 483494 484748 492375 496715 498668 503437 508002 512131 515049 517324 522698 525942 531991 532827 537745 542021 546041 549369
46 52043 73023 98659 128141 134270 146624 160934 182846 191661 200509 213591 217906 232380 239200 243757 254459 263929 268697 277224 284606 293536 298114 309536 315360 319758 331583 334632 342754 347779 353811 358328 366964 371776 373706 381994 385523 391730 397201 404591 407509 413693 421095 423800 431420 436006 439101 442079 447502 455005 456769 462477 465396 472167 477426 478665 485687 489679 494323 499010 503064 507670 510662 515939 519128 520674 528420 530817 534393 539829 541395 546220 548925 552383 557948 560294
47 54811 91620 109218 124350 137510 161724 166037 176360 198516 207014 211448 226187 234435 247811 257258 261516 271300 274860 286970 295166 299623 306042 318492 325354 329939 333269 339182 351087 355464 363453 364424 373051 380439 383792 387572 396364 402338 405510 410598 419750 421221 426640 435353 436367 443098 450023 451004 458196 461941 469153 471689 476535 483438 485444 490424 497135 498023 504807 508470 510810 517342 519557 525140 528661 533900 538432 543414 545119 551645 553803 559359 560937 567436 570929 574785
48 39582 80319 106901 129866 140436 158908 174657 180623 196272 213371 223909 226365 241149 252354 261325 268457 277571 284134 293075 301904 309591 315634 318685 328511 336274 343862 348785 352988 363281 370689 376976 382075 388296 391605 396981 402170 408762 417131 422727 427712 429969 435294 444201 449973 453136 458595 462995 467551 470694 476241 483253 485346 490540 496052 500122 504434 512410 513398 517065 521590 528872 531826 536141 539909 544414 550976 555059 559112 560430 564852 571502 575600 578395 580304 586072
49 60411 89282 118819 135084 150869 169458 177215 194771 204160 215377 221965 239048 244215 258727 261680 271232 277878 290054 295629 304116 315889 322657 326797 338064 346205 347589 354158 364713 368381 374714 382451 390527 396143 401919 406434 415663 419344 424239 432534 435632 443172 445873 453137 455990 462057 465165 471420 479399 480500 489412 491272 495264 504295 508468 513262 514197 520047 527109 527928 535335 538911 544760 549762 553331 556533 559030 566369 571181 572692 576453 582915 585135 589631 594336 596916
50 42426 72801 109545 130767 146287 160624 180831 188414 203961 213307 231517 238328 249800 257876 273496 281069 283549 292575 306268 315119 319844 325423 337194 340441 346410 355668 361248 369324 378153 385616 391024 395474 400000 409634 416053 420595 430000 434971 440000 443170 450777 454863 458585 465510 473286 477389 482286 488365 490510 496286 503587 504975 513517 516624 521249 529056 532917 534322 538516 546626 551453 553715 560803 561605 568683 571052 575065 579051 585235 587367 594054 598164 601166 606135 611801
;

param:	cost_bundl	marginal	:=
1 10 26
2 50 60
3 100 143
4 150 199
5 200 202
6 250 268
7 300 340
8 350 351
9 400 401
10 450 464
11 500 538
12 550 574
13 600 625
14 650 691
15 700 708
16 750 764
17 800 810
18 850 851
19 900 935
20 950 966
21 1000 1033
22 1050 1093
23 1100 1105
24 1150 1156
25 1200 1230
26 1250 1275
27 1300 1348
28 1350 1369
29 1400 1400
30 1450 1464
31 1500 1513
32 1550 1573
33 1600 1641
34 1650 1661
35 1700 1731
36 1750 1791
37 1800 1827
38 1850 1863
39 1900 1928
40 1950 1989
41 2000 2011
42 2050 2087
43 2100 2105
44 2150 2184
45 2200 2201
46 2250 2291
47 2300 2302
48 2350 2366
49 2400 2419
50 2450 2468
51 2500 2515
52 2550 2596
53 2600 2619
54 2650 2652
55 2700 2724
56 2750 2761
57 2800 2824
58 2850 2856
59 2900 2944
60 2950 2958
61 3000 3000
62 3050 3096
63 3100 3141
64 3150 3162
65 3200 3201
66 3250 3284
67 3300 3312
68 3350 3374
69 3400 3427
70 3450 3476
71 3500 3545
72 3550 3596
73 3600 3648
74 3650 3658
75 3700 3716
;