param num_bundles := 75;

param num_cust := 50;

param price_reserve :
   1 2 3 4 5 6 7 8 9 10 11 12 13 14 15 16 17 18 19 20 21 22 23 24 25 26 27 28 29 30 31 32 33 34 35 36 37 38 39 40 41 42 43 44 45 46 47 48 49 50 51 52 53 54 55 56 57 58 59 60 61 62 63 64 65 66 67 68 69 70 71 72 73 74 75  :=
1 775 1428 2236 2561 3085 3311 3510 3929 4233 4405 4583 4746 4911 5099 5322 5528 5776 5831 6017 6181 6378 6554 6660 6873 6971 7175 7305 7370 7584 7624 7826 7957 8015 8158 8275 8476 8553 8683 8738 8899 9051 9148 9191 9299 9453 9512 9598 9702 9895 9976 10080 10155 10270 10303 10450 10490 10632 10713 10850 10877 11015 11076 11187 11312 11396 11466 11538 11595 11705 11768 11893 11972 12030 12091 12229
2 1697 3666 4079 4964 6053 6729 7376 7879 8275 8681 9060 9499 10143 10307 10703 11027 11503 11859 12179 12535 12700 13054 13291 13816 13960 14227 14494 14870 15089 15399 15702 15935 16085 16356 16507 16771 17088 17321 17504 17808 17942 18115 18365 18728 18843 19054 19200 19453 19645 19864 20112 20353 20424 20622 20792 21158 21260 21507 21556 21861 22040 22138 22332 22507 22796 22902 23114 23259 23396 23495 23789 23903 24090 24255 24465
3 3747 5161 6434 7846 8777 10323 10767 11803 12340 13145 14046 14097 15226 15829 16032 16864 17002 17940 18248 18677 19256 19736 20107 20567 20880 21475 21691 22168 22498 23004 23477 23917 24075 24549 24876 25164 25758 25849 26461 26712 26973 27246 27750 27827 28416 28731 28831 29283 29455 29813 30036 30304 30858 30986 31361 31721 31766 32037 32389 32627 33131 33342 33407 33712 34126 34305 34629 34810 34996 35491 35588 35940 36100 36482 36684
4 5060 5769 8836 9895 11482 12825 14686 15347 16608 17436 18013 19066 19726 20707 21733 21967 23131 23759 24331 24877 25298 25960 26569 27574 28000 28397 28844 29437 30379 30652 31282 31648 32130 32496 33399 33894 34204 34706 35018 35625 36186 36380 36982 37275 37540 38074 38550 39094 39574 39872 40327 40532 40972 41345 41654 42067 42686 43022 43289 43745 43876 44355 44700 44985 45290 45663 45970 46586 46682 47085 47524 47913 48266 48616 48807
5 5099 8062 10583 13711 14387 16125 18547 19026 20025 21610 22627 24166 24779 25690 27019 28054 29138 29428 30083 30838 31875 32924 33166 34293 34684 35917 36715 36946 37443 38341 39026 39522 40262 41195 41425 41964 42661 43301 43772 44204 44855 45749 45837 46669 47074 47508 48010 48631 49467 49709 50180 50764 51166 51807 52269 52716 53217 53460 54166 54562 54827 55236 56080 56356 56736 57280 57576 58121 58489 59000 59414 59875 60083 60737 60828
6 8314 10040 12700 16189 17758 19681 21399 23546 25057 25988 27756 28925 29711 31407 32820 32973 34216 35047 36180 37161 38155 39618 40392 41500 42137 42832 43976 44449 44932 45726 46507 47699 48090 49068 49825 50614 51208 52058 52348 53504 53853 54794 55343 55848 56477 57450 57924 58358 59203 59916 60263 60988 61493 62169 62860 63487 63509 64332 64955 65595 66131 66662 67189 67744 67956 68726 69091 69465 70310 70749 71468 71920 72459 72687 73052
7 7539 13574 15013 18414 21370 23593 24848 27541 28244 29961 32047 34178 35168 36292 37904 39300 40114 41104 42969 43603 44669 46221 47311 47744 49458 49537 51344 52158 52904 54023 55082 55118 56661 57315 58231 58950 60053 60444 61791 61886 62953 63403 64643 65531 65725 66820 67564 68371 68671 69381 70349 70780 71838 72083 73015 73537 74477 74897 75509 76039 76962 77873 78037 78762 79369 80057 80497 81091 82208 82790 83026 83965 84035 84616 85480
8 7838 15179 17817 21287 23241 26436 29676 30860 32279 35562 37008 37897 39808 40792 43289 43905 46096 47598 49185 49986 51574 52581 53066 55379 56091 56659 58241 59135 60420 61864 62707 63377 64933 65502 66665 67618 68127 68893 70563 70727 71769 72760 73496 74910 75183 76499 77497 78351 78904 79952 80780 80859 81804 82876 83277 84103 85086 86118 86400 87049 88290 88580 89728 90241 90552 91606 92233 92676 93747 94196 95156 95920 96173 97193 97823
9 5692 15692 18356 24876 25835 28744 31845 35181 37239 39354 42137 43125 44420 45926 48600 50207 51513 53275 55421 56750 57233 59400 60588 61068 62561 64524 65298 66891 68400 69621 70683 71094 72739 73492 74954 75385 76368 78357 78522 79832 80539 82172 83190 83966 84925 85457 87184 87351 88859 89259 90592 91393 92258 92940 94221 95094 95773 96799 97549 98557 98771 100058 100671 101505 102046 102978 103449 104555 105542 106002 106520 107564 108389 108926 109992
10 7211 18655 21909 24658 30397 32680 36770 37417 41905 44091 46733 48000 50160 52115 53066 56356 57480 59397 60893 61741 63781 65085 66873 68790 70456 71750 72774 74539 75736 76785 78562 79925 80895 81437 82753 84664 85370 86209 87636 88363 90244 91520 92109 93595 93957 95016 96250 97529 97980 99639 100120 101331 102157 103092 104594 105033 106565 107592 108351 109435 109654 111104 112018 112303 113472 114508 115152 116396 116996 118152 118912 119983 120615 121622 122376
11 13562 18668 24100 30957 34011 37722 39478 41568 44274 48300 49974 53574 55044 56605 58331 61600 63952 65225 67019 69396 69605 71288 73560 75476 76937 78432 80232 81281 82463 85007 86306 87032 88082 89743 91293 92818 93855 95668 97025 98289 99147 100576 101343 102719 103330 105371 106285 107215 108471 109028 110373 111464 112931 113465 114738 115369 116766 117551 118474 119612 121419 122333 122807 123886 124606 126074 126858 127865 128940 129239 130803 131651 132055 133658 134200
12 8314 23269 24239 31476 36477 41151 43066 47880 48180 52252 53987 57750 59032 62906 64667 67499 68935 71599 72716 75323 76046 79563 81353 82058 83519 85999 87953 88735 90915 91515 93446 94610 96180 98488 99766 100657 102528 103812 104696 106766 107465 109114 110895 111387 112749 114598 115425 117477 118332 119060 121004 122070 122917 124430 125605 126519 127019 128215 129955 131168 132327 133086 134678 135191 136674 137157 138765 139138 140272 141539 142067 143880 144778 145749 146557
13 14476 23687 26769 34786 38826 41600 48223 51346 52774 56963 59969 62724 65156 67299 69328 73447 74860 75802 79757 82013 84009 84250 87400 88362 91629 92802 95033 96376 98526 99142 101267 103740 105292 106060 108610 109787 110554 112703 113629 115663 116450 118350 119995 121172 122145 123521 124881 126708 128299 129165 131242 132038 132753 134398 135824 137062 138558 139942 140977 141837 143000 144598 145251 146410 147124 148405 149946 150531 152494 153554 154891 155457 156994 157959 158195
14 13717 27291 29764 35748 41625 44800 50787 54004 57994 61536 63109 68414 70835 73015 74134 78948 79492 83485 84280 87026 89293 91032 94040 96509 97076 99508 101420 103031 105549 107791 109092 110485 113253 113943 115651 117999 119616 120628 122049 123771 125626 127976 129498 129831 131570 133815 134808 136599 137884 138791 140503 141532 142800 144275 145735 148003 149243 150759 151666 152594 154407 155343 156650 157274 158441 160041 161529 162810 163483 164630 165674 167275 168326 170041 170731
15 16971 26833 34857 38066 47244 50379 52650 57784 61335 66340 68411 71875 74699 78746 82104 84267 85750 88233 90747 94821 97118 98955 101025 103053 105811 106911 108623 111000 113486 114355 116344 119812 121342 122890 124274 126357 128300 130181 132340 133323 134198 136261 138521 139911 141764 142650 145368 146602 148250 148765 150090 151671 153997 155653 156748 158149 159085 160353 162167 163052 164508 166006 167893 169626 170156 172049 173274 173741 175980 177229 178393 179349 180599 181494 183344
16 16933 29503 37998 44456 49574 51994 56974 62133 66818 69227 74154 75928 78904 84118 85746 89428 90679 95412 97272 100889 101949 103988 107140 108659 110897 113137 116262 118486 120458 122397 124759 126592 128559 130417 133559 134209 136141 138009 140873 141887 144391 145169 147061 148998 151519 152429 153933 156637 157322 159872 160128 161719 164014 164730 166431 169237 169389 171998 173628 175154 175796 176900 178398 179714 181725 182821 183965 185600 187138 188338 190151 191091 192825 194253 194675
17 18930 33313 35982 44331 50085 55556 60726 66278 69679 73553 76858 80960 85407 87678 90723 93608 96407 99997 102000 107194 110068 111632 115199 115750 120112 121499 122871 126487 127534 129914 131813 135617 136297 138568 141988 142476 145248 147264 148748 151939 152129 154691 156326 157835 159908 162881 163412 165800 167362 169592 171220 173000 173933 175158 177094 179300 181255 182463 183222 185074 186474 188754 189670 191731 192723 195197 195906 197727 199473 200974 202093 203063 205187 205749 207790
18 19718 33771 42748 47076 53639 60240 62665 71549 74477 77713 81379 88108 90359 93600 97200 100543 103715 107459 109785 111774 115144 118855 121976 122135 125174 129750 129800 132419 134844 139241 141366 143233 146144 147512 149736 152225 154465 156092 158318 160957 162679 164422 165678 168586 170040 170801 173212 175922 176950 179928 181256 181969 184971 186888 187615 189813 191444 192356 194033 196621 197902 199727 202017 202498 203901 205326 207524 208458 209914 211605 214404 214797 216150 217941 220042
19 17414 31336 43659 47462 58624 63473 70786 74270 77132 82382 88793 90245 93081 97772 102741 106468 109806 112854 114063 119019 120227 125573 127682 131306 133000 135953 139362 141266 143598 146830 147467 149703 153888 156078 157138 160457 161801 165551 166291 169729 169941 173681 176076 176444 179004 181089 183269 185033 187668 189886 191325 193128 195174 197051 198111 200105 202044 203575 205938 207787 208343 210789 213037 213782 216099 217033 218987 220269 222616 223684 225132 227302 228790 229798 232360
20 24658 39395 46476 51225 57966 66693 69857 78282 83331 88453 93723 95415 98631 104461 109252 112143 113278 116893 122246 124643 127624 132121 135529 135706 139828 144111 145877 149452 150625 152787 156307 159097 161790 163951 166805 168855 171534 173205 175727 177629 180311 181945 183739 187147 187787 190032 193163 195223 197707 199078 201037 202781 205251 206804 209685 210105 212490 214252 215666 217624 220799 221233 222746 226168 226698 228070 231448 231793 234640 235151 237285 238998 240000 243278 244786
21 26563 39623 44050 58499 65066 67331 75249 81007 85354 90763 94009 101758 103135 108552 114484 117074 121147 125930 127046 130471 134597 136419 141746 143969 145916 149911 152304 154831 157206 161140 164069 166099 170087 171995 175397 177993 180209 181526 184179 185989 189373 190209 193474 194837 197757 199445 202430 203862 207677 207974 211089 213540 214570 217023 218360 220690 223035 224612 227227 229160 230618 233280 235275 236061 238810 240906 242293 243745 245332 247051 248759 251229 253118 255234 255476
22 20163 33509 49585 57537 68165 70674 79930 85885 90495 97993 101582 106149 108404 116247 118881 122412 125226 131706 134470 136542 140525 143456 148431 150632 153244 158583 161006 161666 166155 169329 170638 175007 176275 180936 183063 185375 188225 191438 191842 196232 198391 201297 203735 205485 206425 208942 212980 214520 217611 219074 220615 222450 225819 227357 228631 231366 233449 234978 238738 239022 241640 243674 246557 247732 250568 251224 253793 255541 257014 258591 262086 263266 265572 267569 268256
23 24772 44599 49544 57638 65540 75865 80336 88123 93822 100360 107092 112394 116554 120569 122829 126144 132605 135212 139297 143192 148773 151521 153119 158283 159879 162700 166365 169889 174497 177801 178809 182962 184517 189216 192322 194238 196081 198973 202974 203910 206334 208426 213045 214184 216396 220512 221995 224035 226243 228940 231056 232380 234915 237825 240391 242669 243887 247247 249632 251111 252875 254916 256117 259278 260256 262321 264490 266562 269169 270345 272722 275885 276804 278594 281541
24 16628 44513 52362 64399 73895 77843 88508 91200 97548 103729 107973 115100 118648 125811 127177 133195 137702 142472 147243 151028 153300 155538 161068 166208 166968 171193 175578 178764 182210 183722 187630 191760 194089 197560 198954 202512 204212 207624 209502 212342 217011 219124 221009 222670 226568 228996 230700 233775 237442 237830 241006 244093 246208 248860 250291 253265 254491 257908 259777 261545 263651 266259 269014 269784 272165 273937 275906 279845 281732 281977 284782 286516 289556 291262 293821
25 26926 39686 51962 63048 77460 80777 91104 97082 104523 106184 114782 120416 125996 131529 135647 138112 143003 146116 153948 155644 160779 164241 165831 170660 174642 177834 181590 185068 187150 192938 193907 197674 202731 204267 207666 210416 215000 216852 217945 221303 225444 228583 231517 234094 235584 237592 242229 244387 245051 249600 251396 253328 257148 258699 261008 263106 265707 268188 269768 273542 276089 278343 280223 282489 283417 285745 287750 290431 293215 294406 297489 299917 301786 303521 305000
26 30321 36770 56006 64530 73539 88247 90067 100024 110186 110676 120276 124692 131448 135500 140785 144481 148542 155479 158323 161451 165504 170017 172621 179983 180733 185021 187777 192330 197737 198283 202333 207870 211033 212055 214591 218090 220985 225407 228741 230859 235038 237156 239200 241618 245669 248949 250789 252776 257072 259375 262278 264485 265709 268846 271249 273680 275453 279013 280222 282432 285100 289243 290549 292774 294662 297992 300297 302227 303744 305917 309258 310262 312736 314331 316346
27 32400 51795 56636 73646 78253 85892 99425 104431 114296 118554 123376 126871 136610 139984 143176 151585 155760 159002 163523 169391 173306 178853 182724 183917 190690 193498 197599 201399 202554 208653 210738 214985 218283 220807 223954 228338 231949 234387 237723 240830 244316 244972 249980 252648 255746 258242 260379 263993 267068 268429 271293 273274 275559 279499 280800 283487 285894 289643 291600 294337 296951 299444 302978 304610 306042 310065 310535 312827 316764 317683 320380 323505 325885 326644 330063
28 28000 55719 67200 72368 82872 91161 104015 110591 116931 120498 130493 136828 141670 145923 148374 154787 160653 167907 168745 174231 177883 181720 188580 192366 194071 198543 204227 206821 212210 213536 217176 221040 225396 228848 233124 236264 239690 241515 244996 249938 251564 256074 258754 262125 264981 266751 270718 272910 277016 278484 282509 284720 288223 290499 291146 294520 297433 300736 301777 305803 308458 310686 312297 314449 319151 320132 322572 325571 327061 330400 332482 335393 338093 339112 342105
29 38033 48526 65363 80785 85832 93342 105999 110657 119429 123173 134154 138716 147758 150688 157136 163638 164049 170977 175731 179706 183779 190343 196260 197796 202917 207101 209845 215928 220553 223958 226200 228641 232072 238788 241937 245526 246142 250946 253414 259319 261772 263118 268434 269934 274261 275424 279124 281345 285852 288838 290174 294832 295971 300203 303823 305148 308656 311908 314326 317308 319211 321050 324282 325989 330447 332831 334495 336999 338195 342986 344209 347613 348097 351367 354275
30 37947 48000 70993 73485 89196 96187 112089 118338 121045 133626 136426 144997 150120 155653 161778 168748 170552 175237 184054 185903 192094 198363 200529 206804 210770 214327 219144 222648 225140 229417 234768 238193 242165 245194 249343 252927 256741 261190 261878 266376 269533 274627 274955 279564 283908 286747 289931 292342 296742 299520 301257 304880 307643 309800 311769 315500 319750 320312 324555 328579 331252 333419 336321 339305 340576 344099 345143 348052 350936 354051 354965 358447 361696 363681 366344
31 32807 47218 70418 85236 88554 102253 113309 117800 128267 136682 140564 149316 155372 158070 167285 173711 176564 182979 190694 195078 199366 205444 207954 213338 216024 220427 224488 231734 233963 236414 241163 246757 250544 254955 255858 262898 264501 268969 272236 273855 278310 280854 284998 288150 291202 294157 298052 301195 304495 308321 310743 313698 318863 319826 323828 326899 330117 331512 334628 337316 340040 342518 347698 349627 353182 354269 358529 359333 361625 365327 368939 370862 373907 376672 378911
32 39452 63679 77066 80701 100787 104968 113047 127840 128479 138749 145239 150502 157549 168844 171849 178628 186481 191573 192533 201371 204700 210228 215899 221610 222716 230222 232876 237232 241086 245963 248036 254475 259259 261227 264963 271303 272056 275423 281309 284062 287715 290901 294470 297514 300868 306065 309591 311897 314057 319744 320384 325080 328526 329957 335436 336715 339743 344472 345896 348727 350659 354204 356911 360167 364069 366089 369097 371034 373620 376459 381055 381592 385544 388138 390085
33 33000 60849 68271 93104 101391 110636 118617 126265 136542 146692 153086 159905 165659 170326 179539 182547 190830 193325 201813 205662 212023 218698 223427 225851 230717 236313 241058 246154 250626 253564 258245 262511 264495 271965 275861 277906 282724 285712 288896 294570 298317 301440 305174 307804 310761 316181 319879 320083 325749 328677 331974 335887 337246 342247 344846 348677 349364 352961 356644 360894 361497 365094 369600 372827 374808 378796 380918 383084 386875 388896 390517 394512 398139 399614 403249
34 44069 48562 73867 88922 105783 113989 118951 127398 141662 151290 157431 159474 168085 177973 183852 187463 192333 203091 208040 214065 218766 224297 226655 234082 238291 244422 249199 253340 258847 260805 265374 270124 272170 276803 282261 285681 291291 293505 296717 302963 305395 309007 313391 315816 321835 325051 326683 333061 333269 337132 342709 346333 347599 352815 353469 358083 362319 365053 367011 371083 373691 377752 381528 384065 386644 387839 392814 396038 397087 399872 403212 406751 408340 411161 414298
35 44822 52383 85446 86017 107764 119616 128503 131332 145661 150296 157617 167562 175000 181191 188351 196749 200327 206826 212897 220916 224109 227581 232691 239846 245100 250831 252583 257577 264337 270022 274789 279299 282179 286059 289296 294416 300593 304238 308000 309745 314533 318327 321848 326758 329074 334465 337310 339338 344283 348246 352372 353968 359598 362043 364538 368881 373567 375725 377416 383278 385636 387221 391437 395299 398262 399184 402911 408107 409963 411990 416426 418129 420583 424468 425966
36 44384 65989 86099 99766 107760 123873 131585 142371 150857 157085 164658 174739 182574 184971 194400 197312 206804 212125 217077 225050 232751 234526 240420 244164 250866 257595 263956 267565 272841 277083 279041 286737 288450 294497 299990 302486 308594 312185 313841 318839 322878 327738 332372 333850 339012 342738 346574 349997 356309 358991 363226 366847 367341 373846 377434 377846 381532 387397 388467 393307 395738 399519 400944 406402 408564 411661 415360 416730 421123 424434 426140 429110 432959 437485 439436
37 43779 73629 89415 95342 106467 117471 137648 145198 154162 164473 171801 178062 186621 190253 200757 207068 213063 218895 225184 231538 236221 242399 247651 254198 259634 263091 269872 276784 279050 284684 287840 295166 299769 304930 305469 310359 317338 320600 322813 329445 334231 337086 342725 343443 347721 354814 358346 362298 363881 367773 370296 374633 378414 382731 385795 390451 393246 397883 401855 403419 407538 409883 414268 415653 420695 423355 427282 430092 433390 435218 440347 443198 444370 449211 450307
38 40927 69239 83945 99962 112470 130313 138270 149123 155382 167889 177098 182558 190152 200646 206463 208135 218954 225964 229263 239008 244739 249414 252978 262062 265891 270628 276957 279758 289100 293364 295131 301807 307683 313079 316930 319833 325205 327418 333968 337495 342169 345863 348607 353053 358652 362417 367167 369910 373871 377484 380000 387227 387525 394176 396368 401076 403946 407008 412085 414113 417447 420068 423150 429719 432733 436123 437182 439882 444973 447884 450328 453523 456380 459596 465217
39 44123 76025 93600 108641 113837 123329 140400 154038 161368 173188 175457 186549 197942 202199 212756 214323 221443 228741 235813 240539 250816 257282 261620 266230 270425 275992 281341 287544 294030 301790 306392 310730 312682 319515 323206 330374 331661 336215 342401 345321 352815 355136 360998 362259 368586 370808 376021 380365 384422 388202 390857 393881 400240 403344 407545 411261 414135 418010 421922 425225 429071 432320 437009 440683 443915 444668 451188 452736 456350 458345 462837 465197 468844 474071 475864
40 56000 57131 92952 111427 119465 136000 145767 152840 164146 178168 183826 194155 198555 209074 213317 223571 232826 237183 244884 251587 253740 260092 265812 271293 281709 284647 289220 297832 299760 305470 310252 319800 320000 326239 331976 337426 342602 344465 351272 355708 360178 362392 368608 371462 378967 383333 386657 389215 392489 398397 403267 407686 408000 415153 418836 421881 423471 428728 432222 437154 441597 445206 446067 449497 454383 456210 461511 466133 467641 470914 476118 476789 482328 486424 488917
41 44913 68606 86392 105331 119112 136721 147144 161313 170039 174720 184454 199851 207931 213830 222309 228426 235670 244904 249797 258398 260084 267602 272457 283345 286766 291994 299160 303843 307691 314820 321059 325634 330451 335800 338889 345472 350784 356299 358838 363492 369091 375234 378001 381454 387401 392574 395730 401046 404801 408110 410819 417878 418361 423076 428524 432195 437222 438987 442648 445525 451373 455893 459200 460443 464152 470911 474113 476095 479051 484217 485603 491795 494250 496625 499662
42 37566 76065 93915 111755 122017 144519 147180 163961 170501 178586 193929 198780 208313 216941 226021 236546 241418 247337 255890 264433 271542 272838 280112 287201 294719 302633 306571 309549 317204 321183 329426 332092 338615 344195 351297 353998 359045 361786 367110 373965 376972 383743 386765 389583 397383 401446 406598 411257 412713 418570 420252 426419 429387 433232 438010 441140 446940 449066 456005 458705 462839 464817 468220 472421 477102 482397 483420 486475 491454 495030 497589 502387 506374 508113 514050
43 31008 64357 91014 108442 121926 148708 159738 165871 178126 191917 196299 206758 216713 223765 232041 235678 248806 252055 259714 270456 273312 281182 289987 297416 300262 304056 311980 319707 323273 331964 333631 343570 348167 352705 359352 361609 364867 374372 378693 380447 387668 391560 396440 402825 405388 408477 414855 418847 421926 427412 433256 435299 440787 444463 450906 451561 455313 461364 464081 469547 471277 476272 480601 485881 487780 493358 495900 497835 501904 507327 510669 514924 516573 522693 523542
44 32927 83484 94369 114061 129930 143793 161066 165337 180132 193600 205061 207501 217166 226760 238900 246243 252608 259712 268940 275624 284337 291199 294241 301777 308753 316678 321652 323572 332542 335556 342861 348351 356699 358971 366232 369286 376451 380645 385898 390486 396586 401631 406518 408039 416585 418069 422583 428136 434153 437441 440440 447850 449834 456159 460888 464737 468554 471765 476583 481674 485677 487666 492486 494447 499899 502217 508804 512520 515983 519051 522026 527193 530852 533617 536223
45 55480 70292 109119 116306 139427 142871 159987 179098 190068 200641 207781 213169 223917 236582 240319 248602 258349 264545 274905 279725 287155 297681 299038 307716 313453 318453 329085 332148 341645 343064 348569 354673 363025 367019 374880 380243 384375 389191 392404 400070 404900 410858 414684 418089 423861 429461 433684 440265 443199 448919 451079 454745 461815 464438 468865 474446 480047 481058 485750 489736 495164 499966 504000 507922 510467 513158 518575 522543 527940 532067 534118 537896 541423 545150 548705
46 58186 66977 92915 126144 143709 151171 160671 178157 187192 201772 207357 224223 229632 234735 248911 257600 267434 269012 279656 290784 296120 300377 311580 315494 323573 325269 333746 338530 348994 355601 359154 365808 369034 375851 384093 388366 391838 398372 403858 411128 412772 419786 423800 429158 435035 438330 444942 448730 451175 459816 463391 468478 471450 473867 480871 485251 487079 492179 499264 502054 504912 511076 514131 518312 521324 526333 531056 534947 539123 543034 545522 549156 554906 558100 560974
47 37600 93529 112408 123280 133599 155598 174597 177608 195375 201169 219847 229868 232923 244400 256398 264205 273732 276142 288352 296957 297848 310058 316125 320566 329805 334460 341778 347419 352343 358681 364909 374351 377875 382292 393118 393455 400908 406163 409952 415199 423418 427881 432809 439192 442699 448154 453836 457037 460984 467739 472251 475792 480688 486172 492671 495532 497401 502439 507078 512278 517939 519727 524466 527574 533817 536377 541296 545200 549237 553723 557302 562353 564939 568136 573092
48 34613 80319 98838 131278 136103 152395 179343 179856 196741 210106 219124 227177 241340 250889 257058 270509 275237 286878 292603 301599 308248 312701 323422 329491 336411 340901 347727 357012 364547 369195 374277 383400 384480 393483 401367 403200 410000 413581 419664 423925 431146 434764 444616 445754 454659 456278 460700 467649 471085 476725 484586 486768 492509 498738 501135 507440 510608 516084 517154 524673 529743 532432 537600 539653 545006 547368 553563 559442 561662 567619 569402 574237 577279 580145 585993
49 51857 74635 100897 122402 151187 158324 176672 184646 202981 214931 226886 231703 249275 255365 262413 277013 279257 290054 299341 303958 314517 320866 329723 336641 339623 351846 359274 360342 372271 374586 382200 388802 397353 401202 409612 414854 417967 423106 430085 437721 438488 448450 453243 459034 460913 467636 474263 479099 481099 486854 494779 496039 500472 504866 513262 515036 520877 525466 528564 535962 539445 543171 548625 550373 555583 562284 565265 571265 572021 576870 579859 586528 590038 592313 599004
50 62450 88318 105357 122474 145945 165831 176918 196214 210000 220000 225389 235160 251197 256320 272764 274044 284253 293258 306431 313050 319218 324037 333467 339264 350143 356511 364829 368917 375766 381969 387298 396358 402492 409756 416653 422611 428952 434166 440114 443959 448553 453100 461411 467974 474131 474868 482494 488160 492544 498096 500400 506458 510098 519134 521536 528583 530566 535350 542402 544426 551090 553895 559643 561338 570000 572451 577062 579655 583952 591270 592030 596657 602329 607042 611392
;

param:	cost_bundl	marginal	:=
1 10 46
2 50 74
3 100 132
4 150 186
5 200 231
6 250 273
7 300 323
8 350 364
9 400 414
10 450 481
11 500 524
12 550 568
13 600 617
14 650 661
15 700 723
16 750 778
17 800 842
18 850 874
19 900 948
20 950 974
21 1000 1001
22 1050 1089
23 1100 1134
24 1150 1185
25 1200 1212
26 1250 1299
27 1300 1304
28 1350 1374
29 1400 1438
30 1450 1468
31 1500 1528
32 1550 1569
33 1600 1636
34 1650 1678
35 1700 1717
36 1750 1781
37 1800 1817
38 1850 1854
39 1900 1912
40 1950 1976
41 2000 2007
42 2050 2081
43 2100 2121
44 2150 2184
45 2200 2207
46 2250 2295
47 2300 2318
48 2350 2382
49 2400 2427
50 2450 2473
51 2500 2501
52 2550 2569
53 2600 2634
54 2650 2689
55 2700 2748
56 2750 2784
57 2800 2820
58 2850 2878
59 2900 2904
60 2950 2988
61 3000 3040
62 3050 3054
63 3100 3115
64 3150 3175
65 3200 3222
66 3250 3295
67 3300 3322
68 3350 3359
69 3400 3435
70 3450 3471
71 3500 3529
72 3550 3597
73 3600 3608
74 3650 3654
75 3700 3733
;