param num_bundles := 75;

param num_cust := 50;

param price_reserve :
   1 2 3 4 5 6 7 8 9 10 11 12 13 14 15 16 17 18 19 20 21 22 23 24 25 26 27 28 29 30 31 32 33 34 35 36 37 38 39 40 41 42 43 44 45 46 47 48 49 50 51 52 53 54 55 56 57 58 59 60 61 62 63 64 65 66 67 68 69 70 71 72 73 74 75  :=
1 632 1600 2425 2466 3118 3219 3510 3975 4040 4285 4539 4720 4915 5284 5433 5543 5667 5940 6000 6216 6444 6502 6708 6864 7006 7091 7294 7473 7494 7738 7810 7962 8005 8229 8338 8393 8497 8695 8807 8848 8971 9148 9250 9284 9474 9539 9658 9784 9826 9934 10050 10161 10224 10338 10454 10581 10634 10733 10828 10896 10980 11112 11204 11246 11356 11412 11494 11622 11734 11751 11915 11916 12022 12105 12198
2 2683 2939 4665 5154 5797 6375 7266 7694 8020 8926 9148 9466 10127 10261 10807 10954 11572 11993 12007 12342 12794 13035 13363 13582 14102 14367 14489 14918 15100 15258 15631 15748 16120 16376 16628 16942 17060 17413 17504 17830 18058 18124 18361 18612 18800 19133 19291 19539 19742 19944 20104 20199 20506 20738 20900 21071 21260 21418 21630 21806 22073 22221 22350 22471 22705 22971 23131 23214 23338 23525 23742 23876 24150 24321 24475
3 4157 4327 6000 7422 8798 10076 10496 11447 12671 12910 13603 14287 15179 15426 16355 16864 17202 17940 18258 18754 19368 19535 20214 20628 20923 21374 22029 22289 22634 22957 23431 23857 24365 24527 24978 25150 25751 25814 26366 26590 26873 27397 27672 27905 28340 28587 28974 29345 29449 29735 30293 30512 30875 31160 31418 31681 32026 32071 32450 32803 33109 33234 33460 33787 33989 34431 34499 34888 35170 35410 35709 35850 36185 36427 36580
4 4996 7332 9398 10214 11621 13387 14533 15880 16857 17083 18137 18948 20365 20412 21689 21967 22670 23351 24370 25082 25886 26412 26689 27458 27977 28352 28900 29794 30178 30474 31261 31628 32010 32702 33419 33466 33998 34549 35027 35327 36204 36407 36991 37446 37863 38275 38591 39159 39485 39808 40263 40477 40894 41430 41738 42044 42693 42753 43296 43458 44007 44521 44771 45205 45474 45656 46137 46483 46887 47132 47396 47933 48020 48497 48754
5 5745 9487 10724 13748 14248 15875 17944 19799 20469 22204 23259 24372 25080 26420 27313 27839 28601 29563 30578 31177 31780 32802 33242 33926 35114 35426 36538 37108 37443 38432 39013 39724 40000 41170 41376 41988 42591 43278 43589 44452 45222 45706 46271 46626 47413 47864 48322 48898 49061 49940 50299 50774 51323 51653 52163 52469 53170 53647 54019 54644 55191 55308 56062 56533 56692 57254 57498 58164 58387 59085 59372 59942 60349 60655 61139
6 7099 11447 12471 16885 18474 19349 22159 22957 24768 25960 27704 28974 30120 30712 31817 33169 34655 35980 36909 37585 38866 39069 40410 40888 42205 42663 43993 44707 45426 45868 46708 47244 48685 49068 50099 50813 50982 51934 52499 53086 54000 54465 55226 55823 56413 57236 57862 58567 59008 59615 60311 60633 61529 61960 62481 63271 63781 64376 65077 65331 66000 66337 66899 67734 67935 68453 68935 69889 70453 70820 71064 71950 72349 72657 73377
7 5048 12285 17032 17317 21824 23676 25044 27577 29031 31242 32533 33336 34832 36615 37461 39524 40285 40865 42209 43916 44405 45795 47166 47621 48880 49616 50826 51781 53145 53347 54833 55578 56696 57229 58533 58650 59824 60216 61137 62594 63341 63758 64446 65247 65919 66893 67462 68055 69056 69944 70544 71290 71824 72409 73002 73723 74266 74857 75405 76220 77089 77457 78225 78923 79800 79947 80546 81585 81933 82469 82967 83497 84023 84697 85262
8 8764 15347 16933 21347 22684 26773 28442 31880 32790 35670 36974 38500 39322 41353 42903 43847 46565 47247 49133 49497 51524 51969 54188 54588 56069 57333 58570 58940 60399 60947 62400 62992 64120 65639 66337 67466 68389 69577 69889 71536 71733 72919 73982 74310 75793 76114 77066 77942 78726 79196 80542 80891 81616 82629 83706 84057 84800 85626 86415 87343 87869 88984 89671 90382 90877 91410 92010 92938 93473 94454 94968 95505 96253 96982 97324
9 11241 14512 19134 23607 27120 31125 31641 33867 37152 38437 41125 43050 44928 46973 48833 50078 51764 53609 55216 56147 57346 58935 60401 61438 62484 64071 65891 66843 67470 69504 70338 71662 72426 73514 74933 76027 76812 77484 78666 79750 80679 81578 82956 83734 84925 85571 86961 87388 88603 89856 90305 91429 92082 92678 94066 94564 95925 96766 97183 98013 98951 100171 100414 101680 101887 103308 103777 104741 105096 106444 106489 107383 108060 109119 110036
10 11314 15232 21071 27785 28355 33287 36606 39294 40200 43543 44811 48949 49759 51108 54295 54918 57827 59093 61221 62097 64746 64807 66603 68906 69628 71218 72443 74270 74913 77175 77872 78918 80623 81707 82486 84688 85323 86764 87499 89084 90266 91258 92585 92865 94213 94995 96912 97015 98468 99217 100280 101035 102411 103170 104135 105792 106038 106921 108240 109398 109964 111212 112232 112641 113912 114070 114961 116258 117201 118305 118423 119700 120216 121639 121934
11 14758 17323 24498 29842 31652 34924 38984 42432 45726 47236 49732 52340 54113 57495 58373 61285 62613 64779 66983 68801 70124 72366 74150 75476 76274 78463 80232 81815 82522 84091 86082 87614 88055 89635 91875 92688 94190 94983 96825 97820 99561 99706 101796 103142 104077 104448 105783 106898 108404 109338 110110 111833 112802 114103 114358 115453 117200 117798 118494 119794 121200 122451 123023 124392 124994 126246 127144 127448 128883 129856 130803 131191 132622 133803 134272
12 15738 18278 29098 32020 36948 41361 43333 45789 50685 51194 54886 57199 60478 62030 63589 66684 68263 71960 73856 74090 76046 79273 80463 81494 83381 85831 88084 88410 90248 91892 93999 95730 96538 98751 99158 101455 102893 104310 105464 106901 107786 109457 111024 111361 113665 114044 115774 116764 118503 119374 120024 121526 122494 124083 125651 126359 127720 128327 129333 130861 131825 133411 134186 134999 136695 137451 138703 139221 140518 140989 142855 143178 144140 145294 146282
13 12195 25870 30764 32160 37946 42165 46800 49605 52966 55885 59003 63261 65208 67850 69474 72800 75713 76069 78690 80935 83847 85879 86935 89728 91074 93311 94248 96726 98629 99278 101567 102560 104162 105676 107641 108952 111102 112283 113808 114842 116305 118920 120220 120809 122807 124203 125932 127320 127930 128956 130855 131782 133540 134196 135699 136618 138192 139167 140014 141718 142905 144715 145670 146641 147193 148337 149698 151292 152427 153642 154520 155196 156346 157810 158216
14 16327 25355 33833 34972 40188 46179 50322 55649 59132 62547 64095 66496 69212 72800 76476 78799 81585 83907 84882 86845 89117 92781 94040 95365 98638 99823 102802 103902 104953 106731 109164 110662 113633 115107 115617 118530 119025 120887 123009 124749 125720 126930 129377 130072 132402 133874 134371 136914 137200 139551 140643 142470 143512 144546 146084 147180 148400 150420 151511 152542 153975 155570 156625 157747 158540 159821 161529 163147 163842 165153 165887 167064 168210 169371 170938
15 15297 21213 30594 41352 44598 50557 53160 56763 60299 65383 69907 71120 73668 77711 81388 84161 87207 89800 92223 92952 96281 98544 100668 103446 104528 108125 109900 110431 114079 115568 117729 119097 120112 121861 123693 125535 127526 129174 131419 132850 134432 137018 137870 139782 140872 142776 144125 146294 148007 149308 150629 152381 153528 154929 156058 158376 159509 161388 162194 164235 164344 166250 167221 169148 170367 171709 172910 174052 175468 177076 178443 179800 181097 181791 183638
16 16000 24993 35054 44914 48107 52969 57866 63357 67428 70763 73111 77066 80574 83752 85925 90056 92800 95519 97901 100889 103544 105309 106757 108517 111128 114487 117488 118745 120585 123106 124224 127439 129432 131706 133636 134552 137265 139191 140290 142103 144178 146573 148274 149341 150774 153099 153600 156506 157971 159294 160224 162161 163231 165351 167718 169298 169600 170893 173687 174011 176523 176957 179514 180226 182288 183408 184604 185241 187111 188311 190608 190716 192426 193910 195121
17 15205 31530 38013 46370 49388 56074 62508 66713 69096 72205 77532 81953 85136 89763 90212 93546 96646 100975 102621 105125 109594 111580 113684 117632 117976 120640 123294 125109 127851 130933 131945 133858 136085 139441 141254 142881 145566 146240 149407 150217 153754 155511 156658 158748 159981 161527 163342 166114 167741 169728 170374 172498 173533 176342 178200 178751 181255 181542 184417 184730 187309 187925 189914 191067 192513 195108 195640 197698 198456 200658 202036 202692 204227 206422 207177
18 18706 26208 41204 45251 51292 58493 66381 68400 75942 80337 82565 87813 90000 92064 95992 101121 104214 106063 110667 112237 116487 118308 119778 124448 126257 128445 129900 133200 135467 139148 140999 142143 145299 147028 148998 151713 153961 155718 156962 159338 160997 163354 166381 167970 168893 171785 174331 174999 176437 178482 180036 182609 183671 186645 188098 188854 191139 193732 194200 197082 197180 200148 200730 202402 204852 205452 207242 209265 211023 212278 214434 214495 217286 217852 219541
19 26327 27402 39855 48960 55719 62209 67764 71294 76568 81057 85479 91595 93390 98800 102811 104414 109675 112534 116133 117309 121541 124069 127513 129423 134135 135581 138270 141368 144100 145843 149558 150472 153277 155661 158328 159916 162603 164808 166160 169388 170916 172931 174428 177627 178438 181049 182835 185384 186742 189962 191476 193315 194877 195912 197454 200141 202722 202900 205306 206498 208239 211268 212868 213984 215999 217996 218326 221185 221837 223878 224907 227747 229326 230926 231207
20 24331 34641 43635 53217 57131 66212 73865 79800 82946 89264 91913 96167 99920 103150 106132 111283 113490 118524 122507 124451 127373 129861 133026 137870 139886 142604 145217 146969 151578 154247 155486 159599 161988 162776 166421 168665 171441 173943 175317 176952 179466 182647 183478 186548 188213 190158 192832 193907 196896 198877 201514 202346 204274 207036 209533 211471 212151 214737 215926 218614 220254 222387 223213 224678 227824 228210 230339 232413 233752 235355 236778 238629 241164 243080 243409
21 27860 39175 46200 55082 62579 69268 75366 81224 85869 92781 94849 100009 104241 110325 113866 118422 120123 124450 127531 131816 133280 138409 139362 143416 146278 150498 152304 155343 158713 160701 163961 166418 170035 171790 174742 176500 178389 182108 184322 187642 188767 191642 193383 195650 197311 200063 202081 204941 206185 208525 210461 213085 214323 218198 220090 220690 222402 225474 227266 229429 230809 232446 233997 235986 238514 240539 241491 244395 246121 247266 250138 251299 253709 254785 256269
22 27123 42203 45514 57873 66439 73626 80893 82316 91240 94779 101772 107057 111573 113976 118392 123514 128054 130451 134614 138443 142032 145267 147055 151975 152547 157665 159071 163867 167084 169557 171825 174176 177751 179432 181949 185062 187968 189813 193149 194498 196872 201297 202687 204446 206940 210051 212707 213389 215959 219515 221840 222407 226461 227229 229687 231450 234111 236538 237885 239062 240998 244349 246793 248863 249096 251802 252952 254858 256750 259973 261791 263890 265280 267316 268111
23 18400 45305 49544 57638 69762 74030 82416 87036 94608 98121 105098 108856 116372 120306 123259 126646 133559 136303 138077 144516 147056 150610 155382 158683 160209 163349 166492 170511 173951 176247 179164 183135 184803 186966 190886 194673 197800 200087 201352 205512 205718 209540 212995 214678 216249 218972 221326 223136 226944 229862 230276 233696 234961 238934 239377 242756 245400 245788 247888 251069 253418 254335 256489 259890 261958 262684 265329 267711 268657 270267 273613 274886 277109 278632 280675
24 20365 34613 52141 65639 70218 77398 83415 93569 99187 104393 110713 115898 120670 126815 128619 134913 136273 141172 144320 150876 154944 157232 159559 166138 166692 170315 175774 179214 180559 184971 188121 191940 192539 195861 200281 201657 204324 206846 209282 212234 215413 218334 222152 223600 227330 229096 231746 235004 235934 239616 240862 242388 246535 249184 250751 253174 256025 258443 260574 261897 263301 266994 267382 270296 272925 274860 275948 279061 280872 282100 285065 286918 288759 290192 292564
25 33912 48990 56347 70000 75829 86023 92601 94074 104403 108051 115758 122168 125300 131244 132665 137022 141598 149917 153786 157242 160546 162788 168523 171026 176635 180000 183439 185405 188215 190788 195512 197104 202546 203162 206640 210357 212897 217715 220681 222991 225721 228473 229456 234467 236643 237592 240260 243362 247386 248345 251694 253427 256418 258360 261247 263723 264670 267535 270832 273633 274272 276586 279955 280713 283108 285613 288661 290560 293428 295339 297111 299291 301455 303109 305450
26 29416 45925 60419 71865 77478 82219 92729 103348 106187 112973 120276 122062 132166 132676 138265 146249 147078 154607 159852 160696 164438 169778 175341 178247 180283 185750 188496 191837 194775 200116 202600 207088 209619 212629 215345 219881 222448 225527 228031 230625 233016 237953 240609 242623 246274 248677 249979 252829 255648 258488 262226 262639 266826 268695 270750 273730 276482 279980 281041 282528 286142 288541 291618 292820 296354 297038 300612 302406 304766 306050 308119 310523 312173 314804 317583
27 33288 48899 63436 69574 84178 86905 97500 103167 111585 116320 123965 127216 137462 142768 145500 148770 155853 159186 165737 170592 173137 177708 179667 186906 190690 193949 195820 201977 202770 206334 212118 215865 218216 222189 224084 228912 229166 235257 237416 238946 243360 245982 250096 251144 253340 257507 259031 262276 264600 268647 270809 274870 275929 280540 280644 283178 288129 289089 291850 295721 296656 298323 302352 304705 307089 309453 310253 313340 316626 319012 321515 322059 325706 328025 330063
28 21689 51629 61345 77191 81537 89249 102650 111579 112559 123454 127454 136713 142002 144411 149112 153362 162207 165366 172422 173419 181115 184375 189823 190318 194071 200117 204687 208933 210578 214999 219546 223860 224210 228505 233393 237059 240539 241385 244548 250377 250502 255829 258996 262424 264626 267982 270428 272795 276166 279271 281006 284720 287624 289526 293132 295476 298591 299848 303539 305701 308305 310131 312046 315792 318019 319691 322183 326149 327205 329116 333141 334550 336839 340543 340911
29 28414 51224 68871 74502 82024 93162 101126 115855 119006 123718 135775 138958 147530 150353 157243 163638 167298 170089 176876 181661 186053 191927 193845 198221 201503 206614 209363 216006 220018 224483 227461 230691 235454 236523 241937 244771 246619 251482 255529 257496 260032 262606 266042 271797 274935 275668 278279 282419 285381 289826 291042 294661 295743 300706 303268 306798 308819 309852 314005 316087 318842 322305 324334 327173 329326 331210 333185 336700 338195 341117 344307 347177 349303 350888 355129
30 33407 56604 60299 84427 86325 94868 107666 113684 124129 128265 137084 144125 147214 155190 164098 167786 173689 177178 181395 187830 192187 197636 199178 204088 210171 215666 219800 222162 225460 230122 234998 236981 242833 245707 248040 252214 256390 259183 261740 267320 270067 274561 276065 280656 282829 285993 290675 292096 295709 298978 301735 304644 307526 310496 314242 316923 319468 321322 325054 326766 328688 333257 336000 336963 341737 342473 345873 349085 351192 354254 355927 359800 360899 364324 365754
31 24800 59144 62923 82252 91121 105764 107566 121178 129904 135694 144740 149316 154005 163097 166248 173157 177973 181184 188973 192600 199366 201476 206284 210709 216201 219378 225854 227971 232645 236170 240844 245037 251693 253291 259142 262751 264283 270109 271316 274626 277619 281947 284255 290607 292519 295656 299531 303103 305440 309504 311670 313207 318200 321982 324184 327193 330699 332496 333995 337316 341113 343079 346923 349352 351819 355353 358476 359386 363481 364853 368313 371793 372723 375906 379266
32 43876 63679 68333 86814 96850 105939 118530 124923 134856 137860 147061 151587 158327 167382 174216 178398 185821 191145 195174 200658 203496 211394 212553 217317 225185 228794 232524 237577 242863 245963 250337 255920 258706 263179 266120 270774 271831 277128 280215 282834 289702 291464 294261 299230 301140 305529 307533 310977 314252 317365 322232 324133 328027 329647 334763 337019 338777 342744 346901 348785 350659 353567 359085 360338 362378 366592 367708 372082 373948 378413 381270 382182 385650 387715 390190
33 37914 48049 79475 86558 99658 109449 121340 129165 139383 145948 153796 160721 161666 170964 176604 185388 190030 195788 203104 204280 211715 218299 220286 223817 229961 235944 241780 244912 247038 252445 258413 263587 266627 270197 272125 277593 282338 287081 290100 291896 297220 301657 302954 309075 310691 313899 317898 323063 326417 329538 330725 334067 339435 340332 344277 347489 349738 354378 356217 360411 363420 365809 368538 371364 375214 378163 380689 383539 387437 389176 390907 394733 396440 399886 402059
34 46618 55660 81031 87612 106002 117386 124275 135660 143929 150678 152962 160197 167396 175224 185853 189182 193053 200802 206030 214927 215679 221183 226145 235166 238388 242618 248177 251324 256514 262836 265897 269695 272594 277803 283976 286570 291212 293741 297417 303115 306679 311095 312356 318803 321978 325122 328659 330483 334170 337543 340476 345598 347133 350579 355036 357372 360207 363212 366948 369835 374371 377997 381346 382194 386106 387958 390808 396446 396563 399757 402753 405727 409301 413069 414521
35 22136 67142 72069 96234 102879 116293 130583 132446 145661 153841 160543 167708 177778 181055 190678 194242 202275 204922 214844 216548 223233 230363 236140 238925 246595 248574 253067 257862 264707 269204 274700 276921 284169 286573 289972 294998 298055 303755 307841 310614 313909 318096 324123 325481 328926 332187 337745 340347 343856 347823 352719 356588 357959 361365 365142 369014 370934 374811 378906 383150 383470 388484 391375 395299 397277 401937 404549 407746 408287 411574 416603 418598 420058 423428 426541
36 35273 54359 83656 91074 103339 120264 131978 139984 149649 154087 162439 170535 180575 188304 192390 200440 207555 210161 216599 222036 228706 236507 243207 247433 250556 255575 264349 266886 273789 274829 282365 285378 291667 294849 299212 302229 309181 311520 315899 319407 323760 327501 329945 335245 340005 342889 345450 352359 354851 356745 360863 363582 367271 373707 376953 378942 381192 386929 388800 391987 395083 399129 402557 406848 409135 412542 414047 416855 421308 425288 428143 430919 432779 435823 440849
37 26681 70592 86298 96200 116064 124707 132788 147072 154162 159229 170361 176052 187207 195506 197595 204808 214982 221135 225062 232247 239330 242512 247651 252469 259844 263610 270480 275296 281200 284587 289358 293492 299951 303671 308501 310624 317166 319059 325936 327110 334804 338545 341685 343443 350232 351013 355046 360176 365982 366580 371551 375144 380866 383374 387282 390381 393524 395883 399463 402331 408142 410216 413739 416312 421150 424066 425162 430983 434084 436913 440471 443938 444185 449577 450489
38 49254 72897 84630 95531 113746 125342 141572 150472 153888 168233 172304 186006 191212 200358 202080 213207 216567 226857 234124 237188 241053 246268 257168 260847 263820 273600 274548 283450 287698 290992 299116 299598 304380 312433 315194 320824 323781 328387 332929 338861 343601 345278 349765 355579 360339 361699 365670 369207 374179 377407 380228 384082 389162 393809 397168 400211 404303 406724 411244 415714 416755 420274 425804 428171 432065 433533 436917 441586 445492 448529 450713 454605 458904 459282 462290
39 38212 58889 82178 95848 121340 130052 139966 150441 158323 172484 176149 185895 197634 199777 206369 218678 222949 233349 235555 240539 252388 253950 261504 264626 271660 278406 285846 289547 295372 299158 302596 307977 313459 316837 323583 328435 333125 338829 342757 347691 350566 355478 357611 364019 368338 373424 376264 378119 384897 387888 392566 396344 397724 404473 407769 412442 415016 417792 422066 426796 428432 433655 437218 439854 441648 447736 451053 451525 456283 459274 462837 466698 469233 472335 475992
40 40792 61449 88363 102762 120797 138333 144000 157379 160000 177989 182779 189652 200798 207075 214215 219672 231032 236373 241727 249030 257371 260461 269874 274576 279886 284647 293176 296756 299333 307870 312615 319299 321397 327610 333323 338940 342134 346040 348712 355438 361862 364505 370081 375148 376850 381492 387732 390446 394360 398798 400560 407686 409566 414613 417152 422412 423320 430367 431629 437154 441235 444774 448428 451911 455157 458868 462411 465171 466476 472339 474165 479333 480533 484710 488786
41 29566 68606 95979 111230 128350 133234 152749 157943 168250 179653 185182 199008 202193 209542 218803 230768 238365 242559 249393 255124 262784 268730 273320 281201 287117 291071 298034 302179 309977 312570 317796 327795 332378 337497 339583 347703 350304 354976 357430 363677 367814 373618 375861 382510 388095 390341 393344 399450 405382 406376 413836 415539 419404 425690 429464 430715 436607 440898 442420 448908 449357 456262 458394 460297 465382 470125 473546 477997 479332 482129 487607 490700 494046 497437 499258
42 36615 63419 101845 114252 127945 144519 152362 160041 171944 186699 190811 201425 211673 220490 222719 236844 244467 250032 255061 265366 269979 276818 283492 284858 295675 302633 303332 309435 315196 325005 325981 333470 337989 344093 350291 351397 357864 363342 370649 371694 379490 382362 388767 391930 395247 401270 405469 408589 412627 416965 422679 425922 428647 433801 439457 443453 444883 450713 455773 458474 463677 466408 468597 471972 475695 481079 484877 488935 490448 495742 497944 502738 506165 509638 512675
43 55734 77876 93023 118854 126977 143133 149699 167865 180805 183444 201321 202237 211532 223600 231722 237086 245515 253955 264791 268259 277741 281445 288965 294040 303203 306358 313163 319244 325326 329729 335620 339782 344859 352810 358838 363649 365070 372887 378204 384315 385756 389761 398673 402366 405388 412352 415034 417432 424635 426633 431888 438094 440871 445294 448933 452625 458389 461364 463603 470492 471277 477358 480293 486185 488310 491481 497538 501093 501757 507910 509944 512621 517217 520851 523542
44 57705 70948 96399 108136 125381 142168 156926 171318 179270 188123 205061 210281 223665 225046 237111 241800 251686 260159 270806 273367 282424 289198 292128 302546 309255 311873 322013 323452 331259 338771 342974 349793 355394 360478 367499 370437 378195 380746 387899 392366 398243 399117 405851 412663 417328 418810 423407 430841 433082 436555 443942 447331 449490 455820 459205 463652 466317 473322 477233 480709 484719 488776 490990 494760 501214 503372 509261 511537 515908 517557 522397 524321 528879 532018 537737
45 40249 78460 91782 124056 127914 153264 165218 173352 189642 200237 207000 218794 222830 236068 245157 246804 256776 268194 277253 282892 290660 291911 304806 307057 314743 323875 325123 335303 342473 346704 352497 355015 363248 368451 371516 378000 385006 389815 392404 400475 405200 408187 413119 420021 425958 429367 435269 438790 442375 445932 453675 458028 460761 466353 471363 474019 478695 482235 485082 491222 494754 500290 501099 508082 510388 516070 519121 524631 527557 531076 532523 538949 541498 544184 550032
46 46911 83816 94272 127810 145174 150610 168639 178868 188992 198601 208172 219647 234194 236531 244796 254958 267908 268539 279504 287417 292814 298256 308028 313476 319890 328377 337027 343494 346316 351652 357855 364650 372799 373932 382547 388148 390973 399644 401019 406677 412977 416852 423800 427775 435909 441121 445132 446176 452861 459540 462020 468749 471360 477426 480430 483504 489938 491834 496970 501548 508003 509085 515036 520105 520837 525690 531614 535500 537708 541317 544901 550849 555211 557720 561728
47 63754 84600 110425 121838 145016 159246 173582 187765 196503 206158 217829 229868 234058 242403 251702 257430 268847 278373 282313 290793 299328 305897 313881 320979 328059 332606 341778 351087 356705 358311 364424 371627 376352 381945 392893 396475 400135 407574 412316 417322 421850 429427 434744 439092 442499 448154 450808 456360 461845 467361 470188 477091 481423 487261 490784 494372 500765 505332 506380 513140 515031 520916 527155 528076 535800 536377 541541 545767 550763 555714 557857 562195 566033 569767 572783
48 50798 83691 113994 122188 151485 160352 173333 184660 197443 210325 220382 228593 241531 244941 255800 266735 279391 287680 289436 302362 308547 315196 321421 328090 335863 343192 350499 356753 362392 366187 373167 383279 385676 395585 397561 404341 412353 417793 419005 427281 432640 438248 440973 445444 452831 459899 465278 470008 474205 477208 480480 488469 493630 496609 500767 504799 511330 515279 520175 522296 525814 532519 536656 542803 546357 548041 554062 556717 560265 566319 571018 573916 576560 581731 585364
49 44909 72015 103713 128526 150869 155570 182291 188761 202032 218476 222397 232943 244018 251957 259284 268742 280458 289391 294978 305691 313600 317707 330014 332479 340894 348279 358873 362070 373044 376759 382828 390896 397112 402636 404302 409963 420259 424013 427846 437062 440237 448772 450693 455568 462161 466505 472132 477794 484283 488528 491858 495264 502483 507996 513355 514663 520416 527382 529744 532817 539712 544319 548625 550024 556447 561087 566454 568738 573781 578034 582832 584396 588653 595708 596916
50 65574 70711 121244 126886 148997 161555 184932 193391 200499 220907 232379 241454 252389 260576 270370 280179 288964 297489 307896 309354 318119 329242 335559 340147 346987 358748 361939 371484 378286 381576 388201 395095 405093 410000 416533 418330 428019 432435 441022 442154 452217 457712 460217 464112 473286 476130 481041 488672 491019 497092 502792 509608 513907 517784 520865 524690 531789 536656 542771 545802 549545 554977 558391 562317 565774 572626 575674 579914 585662 589661 592453 599917 603738 606053 609262
;

param:	cost_bundl	marginal	:=
1 10 18
2 50 94
3 100 112
4 150 192
5 200 231
6 250 256
7 300 302
8 350 385
9 400 432
10 450 469
11 500 535
12 550 574
13 600 645
14 650 664
15 700 729
16 750 773
17 800 810
18 850 856
19 900 902
20 950 996
21 1000 1042
22 1050 1080
23 1100 1100
24 1150 1157
25 1200 1234
26 1250 1263
27 1300 1328
28 1350 1360
29 1400 1402
30 1450 1492
31 1500 1521
32 1550 1570
33 1600 1615
34 1650 1689
35 1700 1745
36 1750 1784
37 1800 1832
38 1850 1882
39 1900 1931
40 1950 1950
41 2000 2048
42 2050 2075
43 2100 2105
44 2150 2180
45 2200 2227
46 2250 2280
47 2300 2305
48 2350 2388
49 2400 2447
50 2450 2461
51 2500 2544
52 2550 2569
53 2600 2640
54 2650 2667
55 2700 2704
56 2750 2769
57 2800 2849
58 2850 2877
59 2900 2939
60 2950 2990
61 3000 3041
62 3050 3067
63 3100 3117
64 3150 3183
65 3200 3226
66 3250 3264
67 3300 3349
68 3350 3365
69 3400 3428
70 3450 3478
71 3500 3519
72 3550 3592
73 3600 3614
74 3650 3668
75 3700 3746
;