param num_bundles := 75;

param num_cust := 50;

param price_reserve :
   1 2 3 4 5 6 7 8 9 10 11 12 13 14 15 16 17 18 19 20 21 22 23 24 25 26 27 28 29 30 31 32 33 34 35 36 37 38 39 40 41 42 43 44 45 46 47 48 49 50 51 52 53 54 55 56 57 58 59 60 61 62 63 64 65 66 67 68 69 70 71 72 73 74 75  :=
1 1183 1497 2135 2538 3059 3412 3677 3980 4074 4317 4552 4833 4984 5208 5459 5625 5769 5970 6027 6177 6334 6603 6776 6861 6971 7096 7275 7400 7499 7697 7856 7937 8119 8190 8364 8433 8518 8628 8738 8913 9004 9099 9259 9319 9432 9491 9619 9792 9849 9934 10076 10109 10282 10354 10456 10577 10664 10739 10783 10923 11025 11080 11171 11252 11384 11402 11569 11597 11710 11763 11878 11950 12018 12133 12234
2 1600 3487 4252 5367 5973 6573 7244 7558 8020 8560 9156 9398 9855 10507 10598 11292 11524 11906 12192 12528 12744 13188 13434 13694 13885 14339 14511 14816 15020 15456 15533 15768 16243 16351 16623 16895 17088 17325 17536 17839 18049 18133 18348 18573 18821 19116 19329 19514 19706 19980 20080 20337 20541 20696 20792 20980 21230 21354 21544 21817 21978 22174 22393 22599 22649 22828 23069 23162 23454 23580 23708 23906 24013 24282 24433
3 3888 5333 6627 8443 8839 10235 10850 11681 12015 13159 13563 14186 15000 15379 16032 16443 17181 17910 18080 18735 19209 19864 20169 20663 20906 21517 21708 22151 22458 23067 23284 23872 24060 24702 24797 25378 25597 25953 26318 26766 26866 27436 27587 27963 28200 28486 28781 29308 29479 29928 30120 30382 30729 31136 31413 31527 31902 32143 32328 32841 32885 33401 33509 33739 33989 34405 34644 34888 34986 35278 35663 35940 36190 36289 36570
4 3487 5713 9191 10583 12573 13670 14153 15137 16551 17545 17960 18948 19872 20630 21526 22098 22853 23529 24199 24980 25399 25923 26797 27294 28228 28700 29098 29708 30008 30745 31179 31950 32040 32751 33275 33809 34381 34678 35054 35616 35938 36582 36991 37181 37617 38292 38757 38930 39501 39920 40374 40714 41113 41477 41845 42051 42551 42738 43267 43481 43993 44528 44592 44978 45509 45894 46096 46469 46908 47234 47524 47706 48027 48596 48924
5 6000 8426 12124 13191 15264 15906 18055 18921 20000 21794 22361 24454 24960 25632 27331 27893 28723 29766 30017 31032 32373 32833 33377 34496 35086 35819 36647 36973 37683 38626 38756 39686 40410 40620 41677 41976 42732 43081 43795 44351 45233 45695 46130 46744 47381 47455 48104 48724 49406 49548 50388 50941 51303 51585 52106 52536 53094 53805 53963 54369 55109 55498 55723 56285 56586 57061 57663 58052 58694 58932 59287 59758 60133 60795 61066
6 7589 11063 13787 15179 18783 19275 20854 23850 25229 26779 27153 28549 30191 31567 31952 33792 34841 35638 36830 37700 38306 39491 40303 41361 42120 43000 43763 44820 45124 45758 47091 47880 48120 49068 49710 50314 50982 52100 52554 53113 54133 54912 55004 55771 56349 56934 57800 58320 58812 59808 60192 60964 61318 62134 62711 63077 63860 64555 64822 65617 65727 66305 67211 67382 68379 68453 69164 69796 69992 70831 71276 71599 72488 72756 73003
7 5422 11962 14070 17317 20094 23047 25355 27255 28963 29797 32412 33629 34407 36508 37120 38417 40528 41413 42763 43648 44975 46158 46832 48173 48497 49853 50536 51496 53255 53914 55011 55649 56035 57587 58096 58717 59545 60460 61727 62139 62969 63542 64354 65472 66142 66541 67680 68113 69056 69635 70000 71331 71537 72124 73082 73962 74451 74897 75613 76604 77178 77634 78337 78675 79344 80302 80473 81417 81681 82600 83002 83520 84023 85090 85583
8 6788 12394 18313 20615 25095 27011 29416 30901 32907 35345 37146 38367 40000 41260 42903 44341 46372 47410 49107 50470 51524 53042 53975 54985 55633 57019 58548 58940 60631 61303 61988 63296 64597 65873 66299 67219 68483 69522 70273 71142 71554 73041 73461 74258 75709 75912 77133 77629 78840 79728 80287 81175 81897 83123 83752 83950 84966 85954 86725 87152 88073 88768 89657 90439 90905 91228 92551 92607 93419 94603 95224 95933 96359 96810 97823
9 6235 17728 20044 23675 26940 30227 33627 35910 36224 38522 41712 43162 45036 47007 48667 50848 51576 52540 54030 55596 57092 59318 60051 61174 62380 64020 65323 67229 67877 69224 70775 71003 72650 73734 74369 76304 77064 77525 78666 79852 80840 81756 82878 83811 84982 85590 86793 87795 88237 89186 90413 90931 91923 93062 93911 94889 95400 96447 97466 98294 98721 99815 100462 101201 102046 103214 103543 104276 105219 106398 106975 107669 108240 109119 109830
10 10770 15620 20396 25534 31496 33106 36111 39243 41857 43405 45826 48415 50160 50990 53740 55027 58207 59262 60762 61677 63687 65238 67587 69253 70285 71386 73321 74458 75286 76315 78051 79423 80250 82341 82825 84735 84971 86695 87270 88431 90510 90598 91782 93574 94509 95289 96664 97918 98448 99579 100080 101607 102176 103827 104192 105394 106546 107462 108351 108940 109745 111176 112214 112854 113543 114210 115724 116155 117252 117745 118743 119181 120582 121474 121984
11 6957 20638 22110 28853 31422 34924 40086 42999 44817 47389 50934 52293 54514 56775 58538 61953 63228 65485 67379 69466 69674 71694 73032 74670 77407 78216 79930 81549 82961 83947 85206 86670 89175 90521 91980 92269 93958 94830 96022 97249 99122 99973 101080 102223 103236 105049 106194 107440 108538 109625 110417 111876 112265 114273 114611 116059 116828 118023 119004 119915 120539 121599 122925 124217 124955 126265 126648 127941 129202 129389 130932 131835 132439 133785 134524
12 10461 18435 24710 31749 34530 41430 42865 45915 50400 53180 55668 58345 60621 62768 63860 66770 68977 70423 72279 74516 76537 78433 81175 82022 83346 84921 87658 88573 91263 92641 94030 94671 96090 98721 99766 101114 102219 104145 105682 106982 107867 109929 111206 111697 112698 114044 116245 116740 118454 119398 121099 121810 122376 124592 125192 126086 127832 128394 129556 131278 132457 132957 133842 135467 136779 137136 138723 138972 140046 141763 142431 143298 144499 145947 146439
13 13000 20307 27882 36027 38300 41274 48572 48780 52453 56546 60809 61307 64163 68740 69328 71959 73723 77740 79799 81310 82383 85247 86896 89237 91445 93093 93996 95565 97283 99990 101133 102428 104260 106282 108174 110217 110401 111891 113778 115166 117231 117978 120108 121395 123082 124556 125744 126575 127559 129922 130467 131859 132753 134221 135350 136963 138387 139215 140231 141264 143189 143754 145228 146156 147880 148542 150126 151560 152450 153025 153862 155305 156843 158002 158344
14 12831 25355 30027 38798 43196 46348 48900 54940 56279 61025 63357 65785 69832 71496 74923 78998 80033 82303 85755 88189 89029 91505 93580 96427 97519 99627 101227 104279 105698 106951 108516 111579 112628 115005 117065 117132 119813 121728 122913 124088 125220 126899 129225 131123 131957 134079 134720 136369 137343 139157 140252 141476 143266 145115 145654 147552 149269 150420 151873 153183 154025 155772 156249 157797 159600 159649 161674 162158 163387 164582 165769 167579 168652 169949 171167
15 20785 27495 34205 40137 42953 49020 54745 56683 62137 65177 68869 71624 74820 76720 81000 84640 86064 88487 90995 93048 96047 98909 100802 102572 104053 107541 109160 111364 113406 115061 116499 119248 120710 122082 124346 126712 128230 130181 131316 133593 135399 135897 138000 140071 141382 143091 144872 146602 147367 148735 150389 152676 154405 155132 157207 158120 159790 161025 162831 163851 165572 166547 167517 169201 170235 171735 172884 174491 175955 177102 178166 179725 180250 181519 183344
16 17233 26773 36062 39968 45705 51598 57511 60037 65659 69669 72195 77530 80383 83262 86163 90113 91410 94332 97114 101142 102100 105891 106709 110713 110897 113724 117008 119004 121136 123314 125781 127800 129551 129985 133598 134286 137190 137637 141091 142571 144142 144886 147998 149615 151079 152059 153633 156702 157939 159583 160000 161782 163857 165289 166830 168995 169691 172236 173362 174187 176465 177593 179400 180027 181161 183212 184049 185269 186728 188202 189396 191626 193037 193514 195095
17 15205 28850 38915 44591 53543 58693 61011 65046 68339 72843 78274 81316 83629 87348 92427 95564 98893 99417 102113 106437 107840 110487 113633 117485 118611 122447 124831 125800 128617 130047 132513 134375 136594 139897 141784 144089 145487 147499 149832 150140 152849 155101 157541 158493 159872 161706 163766 166461 167292 169011 170713 172129 174530 175422 176767 179493 180520 182368 183190 186039 186784 188662 190218 192243 193203 193919 196260 197434 198398 200023 201520 202835 204876 205862 206814
18 15692 33962 39763 50013 53880 57825 64900 71549 72805 77211 82250 85798 91500 93600 95383 99506 103652 107459 109371 113329 114523 118691 120102 123244 124967 129550 131536 132713 135754 138588 139845 142553 146144 146631 148563 150900 154591 156134 157168 160836 161680 163513 165404 167661 169162 171671 173623 175995 177389 179170 181005 183494 185286 186611 188236 190222 191917 193263 194300 196027 197804 200375 200827 202850 204631 206397 208147 209883 210069 212552 213131 214978 216150 218891 220336
19 12603 29679 42655 47310 55459 65046 67764 73783 79981 83341 85732 90165 94772 97253 102248 106060 110069 112406 116196 119504 120586 125285 127739 131086 132565 135154 139207 141317 143899 146879 147810 150424 153607 155010 156816 160097 162691 164017 165725 169771 171000 173806 175501 176608 180210 181885 183505 185617 187783 188512 190228 192492 194951 195765 198184 199708 202473 203859 205341 206533 208481 211404 211643 213748 215363 217697 219580 221250 222616 223942 225484 226602 228348 230582 231520
20 12649 30725 44542 56143 57550 63372 72333 76733 81388 87544 90863 96333 100000 104307 106958 112000 115793 117439 120797 126048 128996 130537 133746 138101 138852 143833 144222 148701 150732 152944 155229 159549 160897 162481 165215 168095 171394 174034 176000 178527 180000 182253 183521 186976 189188 191499 192956 193907 197828 199078 201157 202307 205446 207461 209112 210409 212678 214923 216518 217954 220436 221269 224286 225033 227192 229364 230547 231966 233855 235898 238160 239867 241230 242388 244786
21 24490 33336 46009 53950 62860 70028 77672 79134 88699 89589 94102 102621 106997 108633 114252 115938 119386 123597 128152 132550 135511 136355 141559 144580 146880 151258 151898 155570 157822 161632 165247 167105 169203 172354 173170 177546 178685 182736 185229 185610 187924 192331 192514 196100 198913 200063 201993 203949 207252 208440 210084 214076 214776 217712 220050 220730 223746 224219 226994 229737 230733 233242 234336 235724 239289 240906 241965 243636 246551 247408 249397 251685 253187 253744 256922
22 29842 33509 44871 55830 63762 74019 79200 85546 93130 93855 101296 104679 109294 112178 118637 123121 126686 129033 133095 136471 141486 142712 147843 149406 155439 155563 159981 163453 164985 167893 172556 175339 177151 180561 181790 184590 187917 189864 191842 195094 197069 199267 202400 204020 208571 209174 211841 213389 215780 219074 220966 223492 226418 226888 229180 231993 233283 235184 237844 239305 242160 243197 245258 248473 249639 251031 254326 255314 257165 259040 261236 263523 264110 267497 268003
23 28727 33803 55582 59445 69611 73887 82030 88722 94831 98013 107781 110400 117006 118176 124030 126144 131483 136690 141557 142748 146840 150047 155382 158817 159945 165088 168764 169951 174011 175344 179695 182441 184803 188488 190664 193965 196620 199822 200720 205615 207204 209590 210798 215563 216298 218923 221947 225071 227642 227874 230964 232334 236352 237869 239951 243192 243800 246003 249505 250816 253501 254085 257887 259034 261149 264010 264890 267908 268263 272062 273613 274925 276153 277986 281240
24 33600 46538 55148 62030 74361 78579 85865 90056 99997 103618 112365 112877 117771 126905 129600 131978 137953 140436 147790 149341 151865 158618 159704 165025 167037 172867 174854 177275 182400 183408 188366 191760 194148 196331 199763 201886 203986 208289 210380 212992 215252 218334 221581 224474 227532 230000 231547 233134 237345 239616 240575 243384 245786 247886 251027 253811 254219 257416 260176 262029 264915 266086 268113 271444 273389 274483 275781 279226 280379 282344 285227 286757 288599 291696 292209
25 30822 40311 56789 67639 73144 82765 93274 95656 101242 110000 115109 119583 124399 130958 136839 137022 142302 147986 151245 157718 158193 164621 168893 170807 175285 179304 182071 184526 188016 190591 193778 197864 200749 203101 206761 209643 212544 217083 218232 222092 224666 226440 230163 232863 235106 237487 241299 244898 247437 249700 252190 253229 256466 258795 261056 263913 266364 269212 270694 272443 275862 277218 280491 281869 283284 285701 288964 290560 293598 294618 296437 298789 300042 302655 305082
26 31630 44429 55032 72428 79884 84330 92144 98113 104389 110798 116392 126628 130519 135300 141837 144107 148905 155218 156692 160443 165667 169300 173012 179004 181479 185531 188496 191767 195191 200723 202266 207740 209296 212374 215534 218338 222509 226484 228208 230917 234173 237042 239595 241898 245999 248297 251542 252133 257282 257387 260519 263615 265709 269799 271946 274666 275796 277701 281665 283769 285337 288588 289944 291988 295303 297356 299982 302137 305342 305741 307680 311436 313556 316047 318349
27 20914 50078 63665 69574 78995 93375 99571 106915 108000 118554 123847 132052 132603 138307 146100 148279 153687 160554 166352 167226 171360 175147 183043 185810 187994 191300 198335 201616 202698 208722 211705 213624 218817 221597 225704 228401 230372 232514 237293 239616 243240 247105 248106 252244 254144 256883 261440 262553 264600 269784 270809 274817 276404 278401 281837 284616 286455 289794 292847 294882 297686 299444 301095 304897 307041 308935 311051 314408 315195 319149 319924 322873 324495 327580 329842
28 28000 48497 63109 77798 86211 93034 104467 111860 112976 123708 131093 132757 138196 146566 150785 153975 162013 167252 168280 173057 179462 184205 187830 192040 194555 199725 204994 205757 209832 216815 217104 220472 224140 228642 231165 235067 240800 240865 247226 247479 251689 254230 256746 261047 265454 266280 270138 272508 276506 279552 281898 282897 287624 289255 292436 295051 298538 300371 303435 305906 306929 309270 312598 315892 318167 321647 323639 324123 327109 330969 333141 335626 336606 339066 342196
29 40184 53787 67639 75845 90784 92255 106474 115564 121662 127336 131111 137864 146500 149456 158734 162607 167599 169396 175252 181939 187583 190343 193498 200834 201085 205307 209845 216240 219865 222829 227904 230253 233805 238718 242076 243807 247776 252417 255266 257235 259902 263310 267052 269560 273585 275363 279966 281405 286088 289884 292426 294889 297331 299249 301377 304486 308056 312124 314058 316193 317838 322826 323451 326916 329887 332325 334645 337897 339089 342249 344063 347758 349784 351558 353895
30 32311 48000 60597 80722 86325 96561 103923 117729 124996 131453 138910 144375 147336 154726 160997 167786 174000 179900 183368 185612 193215 195346 201425 204529 210514 213485 218568 224259 226018 231136 233769 236677 240674 247168 247532 253354 257441 261258 263044 267589 271264 272389 275674 280336 282892 284984 289372 291108 296864 297590 302152 304408 306176 308869 313955 316013 319525 320705 325441 326159 330109 332608 335303 337976 340100 343785 347068 349600 351960 354508 357290 359600 360849 363384 365754
31 43400 61377 66776 76187 93823 99200 113309 116487 124310 131814 143272 148282 156358 163332 164971 172043 178620 184026 189785 194980 197429 201285 208877 211437 215578 222424 227127 228729 232727 236739 241720 244880 249853 254502 258251 260548 263773 269111 273363 275534 277896 282151 286880 290674 293699 294484 300236 302341 304621 307010 310929 314188 316261 321325 322757 326252 330641 332438 336575 337202 341563 343974 345368 348085 351273 355677 356379 361040 361891 365747 368731 370758 373804 376672 379063
32 21226 56523 72690 79422 97692 109924 119390 122773 135008 139338 145239 152261 157289 168722 173981 177708 183044 190930 194016 198090 204600 208565 216562 220313 221979 228973 232876 236627 240831 244795 248366 255439 258547 262166 265195 269028 274604 276388 282544 284926 289631 292935 296203 299504 302159 305931 308597 311766 314252 319680 323121 326212 329025 329895 332554 336715 340044 344234 346429 348844 351185 354377 357828 361642 363506 365585 368153 371531 374988 376894 378791 383092 384053 387451 391343
33 45726 60490 66983 92164 95187 111616 118433 126265 136382 146989 151369 158949 165396 170070 174993 184446 191514 194560 199861 207034 211509 218299 220088 228535 229676 234277 239790 246861 249494 254250 258498 261347 266055 269147 274119 279469 281643 285788 290925 294792 295972 301945 303026 307591 312299 315767 317281 321170 326617 329604 332236 334197 337827 340524 345603 348177 352220 352899 358107 358593 362219 364616 369718 370424 374575 376432 380517 383369 386875 387887 391687 395505 396055 399232 403519
34 31162 63061 72604 87082 101089 113582 119340 130092 142638 145844 155362 165171 166565 176014 185977 191490 198019 201606 204792 214281 215465 220450 227267 234674 240320 240993 247804 251508 257054 260627 264851 270722 275631 276970 283569 286973 289699 294684 298891 302275 306755 307883 314716 317204 319672 322982 326471 330553 334101 337475 343114 344593 348927 351567 354188 358793 360721 364800 368896 370147 372575 377568 380314 382738 385147 389088 393520 396446 397785 401027 404757 406126 410711 412901 416024
35 42000 49990 75392 95979 103827 113952 123049 135554 147665 154635 163117 167708 177364 184673 190935 196624 203963 206708 210583 220805 222243 227365 237278 239027 244399 251903 254033 260697 262663 268475 274700 278156 282439 284514 290816 293082 299449 301407 305123 312423 314299 318481 323594 325933 330264 333805 337310 340563 343999 347330 353413 354728 359667 363461 365142 370074 372713 376571 377870 382638 385826 389429 392687 395361 397462 399797 404186 405940 408527 411216 415071 418129 420466 423659 426023
36 48299 69434 81140 95519 110374 116764 133346 137178 148082 153750 167622 170687 181434 188304 193464 200051 204028 215640 216479 222735 228139 237927 241603 248583 250659 254762 263662 268918 272461 275770 283281 284377 291400 294144 299125 304280 307416 312931 317454 318188 323600 329631 333462 334006 340233 341905 347694 352212 355727 358629 360863 365289 370573 372039 375092 379762 382143 387197 390131 393966 396523 399324 403200 406720 409705 412290 416170 419396 421800 423455 427476 431820 432120 435645 440438
37 31396 67010 79700 101464 105693 123604 129235 147258 153628 162126 165965 180657 185886 193677 200347 206273 212806 221011 225427 233657 237031 245207 248424 252361 260371 263507 271591 273099 277673 284587 291244 295537 297476 302948 305648 312732 316215 320344 326440 328530 332424 335213 340320 344239 348272 351792 355662 358805 363580 369630 372875 374487 377908 383017 387636 389608 393385 397126 398777 404300 407269 410683 414070 417231 419783 424582 427602 430601 432378 435155 440160 441526 446521 447746 451400
38 46229 72100 79709 101681 114000 129200 140959 150472 154263 169431 172973 181607 193464 198038 207718 210343 221446 227366 228380 240093 246033 249761 255929 259181 266542 273811 276749 279862 286390 291884 297373 303905 307495 311785 313909 318475 325915 328738 331799 336209 343348 347944 349683 353053 357200 363293 365512 370378 375489 378706 380835 383932 389162 394249 395565 401220 404303 406511 411244 412856 416477 422194 424173 428238 432266 436454 439027 440538 445622 448142 452503 454160 459030 459219 462727
39 49944 57318 90963 95848 115693 124800 136444 155610 156000 171067 176838 184252 192330 205482 210311 218400 222539 232958 238124 242051 252026 256808 259636 267029 275330 279061 286272 286590 292682 298547 304000 308273 314428 319895 325551 328527 334037 336306 341779 347953 350913 355906 360745 364686 368751 371627 376587 379725 383947 387574 390857 397417 397876 403796 407695 411261 414942 419245 420549 426796 430416 434146 437496 440890 441441 446035 449770 453475 454948 460861 463034 467610 469104 471303 476886
40 46648 72443 84285 109105 119465 134343 148593 157379 166084 171207 182603 194319 196286 209685 213916 223428 231032 238663 243442 248516 252982 259846 269755 272588 281027 285993 293830 296108 303368 306516 310252 318898 320699 327902 332265 337710 339976 345855 350816 357055 361065 364417 370081 371376 377359 383249 387567 390200 394117 396464 401039 404772 408627 412214 417995 422488 426933 427233 433774 435174 438470 442610 448286 452195 453114 458310 459774 464896 468666 470438 474637 476722 481929 484974 487147
41 44913 76044 88697 115092 128612 130429 146686 153627 172005 177203 185364 195772 206796 212884 217261 225015 238365 239631 248448 254860 259566 266216 275036 282751 287117 295200 298372 303511 311168 317267 321059 323043 332985 335299 338988 345472 349343 355922 360054 364324 370183 372266 379776 383564 387661 392145 394197 400627 404552 407698 410574 417315 420685 425769 429855 431495 433903 439370 442496 445600 450329 454934 457807 460589 464876 469123 473190 475812 478419 484356 485880 491863 494590 497166 501677
42 45235 77444 96142 104241 131481 136484 149793 167790 174186 184609 189513 204035 206100 221607 222402 231724 240246 245906 252420 261212 270240 277963 283243 289770 295556 301465 305649 313625 315643 319862 328568 334632 339967 345014 350995 352600 360320 364893 369505 372453 377159 383467 388494 390487 397827 402061 405643 410828 414759 417726 420671 424927 431355 434614 437526 441380 446703 450478 454299 457472 462763 467617 469424 472570 478210 481079 484950 488285 491023 495600 499359 502387 505119 508807 514187
43 32178 80675 96535 117288 130142 139469 155039 171785 180395 183444 194406 209777 214311 224096 233945 237864 249696 251908 264511 267016 277475 283539 285359 293032 299275 308163 312927 319592 327139 329168 333077 340434 348380 354378 355212 363547 365171 371496 379668 383062 385372 393068 395974 400801 404657 408115 415212 420697 423937 425852 430687 435214 438853 446041 448604 454663 455394 462245 466783 470413 474015 477358 482597 485196 488235 491330 495826 498652 503963 505502 509437 515713 517646 521418 525938
44 61600 83484 104123 117076 134901 140249 155190 168354 177969 192597 198147 211200 219118 225562 232992 244349 249213 257766 266482 275484 281049 288796 294636 303057 308000 315453 321290 327734 332193 340595 345785 347349 352110 361550 363686 369495 374078 382471 385597 391476 395119 402402 405374 409460 416492 419456 424868 429130 432992 437529 443593 448196 451123 456753 458276 464153 467892 472340 474058 481111 483039 486871 490358 496713 498503 503603 506287 510021 513953 517931 524099 526237 529245 531800 538385
45 54745 76896 90896 115957 137084 150867 159480 168615 180000 196769 210300 215249 226971 229632 239305 251678 261620 266071 271496 281745 290520 291772 300525 306132 315129 324250 326366 332878 340457 348336 353186 358647 363248 367791 371516 378000 383742 392198 397123 398142 406896 411350 416827 421273 423287 428423 431812 440265 444203 446567 452155 457409 461288 464961 468260 474104 479625 483242 487082 489322 494099 500290 502954 507842 512684 513631 520602 524168 525788 529549 534800 539850 543141 545076 547597
46 58909 84319 105700 114539 137693 155314 165088 174315 187869 197960 210397 223657 226290 242014 247376 255786 262805 274617 277071 287859 295691 304852 309946 312123 321737 325269 335264 342754 349721 355125 357145 364650 368230 376301 384313 385742 395279 398584 402073 409064 411437 420290 424099 427379 434256 436879 442366 447218 451925 459724 464213 464577 471629 475205 480606 483591 488120 493123 497481 500111 504492 509501 513472 518067 522622 525287 529620 535816 537393 543501 547149 549156 552307 558554 562255
47 47931 91136 104674 124350 145320 149220 173327 180813 190335 205944 220048 228325 232733 244942 253103 263703 271951 278849 286816 296957 300065 305897 315005 323447 332207 333799 340872 345762 353720 361747 364424 375882 381367 387344 391428 395694 399804 408981 413279 417216 424980 427571 435454 438185 444790 447266 451494 459448 462323 467266 473185 475142 480413 486353 488710 496601 499351 503142 506380 511933 515631 522356 524382 530330 535057 538678 542438 546010 550763 552445 557381 563687 565408 569845 574170
48 35920 92579 106035 121431 150570 163200 167931 191519 198606 209667 215091 228189 235543 246815 257058 269314 275237 286396 291182 298990 310631 315196 321994 330050 334074 341307 350104 354551 364926 370565 377586 382316 386869 393014 400448 402285 408536 417462 421417 426093 432533 435188 444927 449870 452424 457085 460400 469812 474885 477980 484301 486674 489976 497165 502512 503703 509705 513219 519199 523002 527301 532692 537343 538799 547032 551227 553729 557379 560841 566969 570453 573274 579907 582997 584734
49 59611 69986 111307 127776 150869 165443 179904 193534 204630 213586 223904 231288 245783 257425 267308 274750 284538 286723 301101 302056 311295 318010 326062 333632 343560 351846 359541 361007 367075 379299 383955 387069 392612 403470 408320 414970 420259 425144 427172 434196 441979 444579 453243 459138 462369 465887 471216 478798 482694 489804 490392 498164 501143 508657 512513 515316 520324 525284 529654 536589 539267 542817 549237 553592 555237 559545 564841 570003 571937 578034 581430 585217 589957 594659 598282
50 57446 93808 103923 134907 142478 172916 186815 194422 203715 214942 233452 244131 246982 257294 264575 276405 286356 297321 306105 309192 318748 330151 335559 341028 350571 354683 364280 371484 374299 381707 389102 397869 404228 409878 412795 423084 429418 431393 439431 445197 450888 455302 463465 468508 473814 478644 481352 487545 492240 495177 503984 508724 512933 515073 521824 524500 530566 537029 538981 544059 548726 556597 560714 561783 569386 574108 577754 581464 586003 589406 595315 596909 600417 607371 612291
;

param:	cost_bundl	marginal	:=
1 10 18
2 50 76
3 100 145
4 150 178
5 200 211
6 250 256
7 300 317
8 350 367
9 400 440
10 450 457
11 500 544
12 550 595
13 600 618
14 650 672
15 700 737
16 750 794
17 800 833
18 850 872
19 900 937
20 950 952
21 1000 1049
22 1050 1055
23 1100 1134
24 1150 1197
25 1200 1209
26 1250 1298
27 1300 1308
28 1350 1355
29 1400 1434
30 1450 1498
31 1500 1545
32 1550 1589
33 1600 1608
34 1650 1677
35 1700 1721
36 1750 1760
37 1800 1803
38 1850 1854
39 1900 1914
40 1950 1983
41 2000 2010
42 2050 2074
43 2100 2131
44 2150 2183
45 2200 2219
46 2250 2279
47 2300 2302
48 2350 2352
49 2400 2434
50 2450 2487
51 2500 2520
52 2550 2556
53 2600 2649
54 2650 2676
55 2700 2730
56 2750 2760
57 2800 2829
58 2850 2859
59 2900 2917
60 2950 2957
61 3000 3026
62 3050 3092
63 3100 3148
64 3150 3156
65 3200 3237
66 3250 3277
67 3300 3317
68 3350 3371
69 3400 3422
70 3450 3487
71 3500 3501
72 3550 3578
73 3600 3628
74 3650 3675
75 3700 3717
;