param num_bundles := 50;

param num_cust := 75;

param price_reserve :
   1 2 3 4 5 6 7 8 9 10 11 12 13 14 15 16 17 18 19 20 21 22 23 24 25 26 27 28 29 30 31 32 33 34 35 36 37 38 39 40 41 42 43 44 45 46 47 48 49 50  :=
1 1183 1497 2135 2538 3059 3412 3677 3980 4074 4317 4552 4833 4984 5208 5459 5625 5769 5970 6027 6177 6334 6603 6776 6861 6971 7096 7275 7400 7499 7697 7856 7937 8119 8190 8364 8433 8518 8628 8738 8913 9004 9099 9259 9319 9432 9491 9619 9792 9849 9934
2 2771 2966 4783 5367 6106 6893 7408 7828 8070 8791 9287 9541 9960 10315 10881 10954 11634 11744 12185 12387 12819 13084 13333 13740 14097 14383 14648 14935 14999 15367 15559 15900 16115 16346 16628 16767 16980 17242 17545 17673 17920 18287 18339 18749 18889 19125 19304 19518 19657 19948
3 3699 5091 6148 8161 8818 9895 10564 11895 12119 12784 14058 14337 15024 15692 16155 16714 17202 17890 18356 18542 19012 19498 20026 20646 21086 21466 21857 22410 22610 23121 23523 23827 24015 24379 24862 25100 25463 25981 26284 26651 27060 27443 27535 27866 28308 28479 29012 29240 29473 29832
4 2993 7376 9156 10793 12106 13194 14924 15326 16800 17472 18400 18779 20096 20568 21302 22271 22726 23515 24013 24916 25812 26022 26833 27423 28239 28622 29241 29546 30316 30557 31118 31506 32279 32555 33303 33543 34363 34484 35227 35508 35964 36433 37008 37138 37871 38065 38550 38856 39224 39606
5 6782 8000 11747 13038 14629 16523 18520 19774 20273 21840 22804 23516 25417 25573 27368 27731 28496 29309 30627 31369 32109 32404 33272 34395 35185 35889 36166 36946 37537 38092 39141 39686 40583 41134 41388 41929 42755 43370 43635 44283 44911 45442 46087 46508 47074 47592 48114 48734 49071 49497
6 6788 9600 14450 16410 17920 20044 21026 23300 24563 26698 26940 28800 30120 31430 32798 33493 34363 35638 36358 37776 38662 39069 39998 41413 42375 42731 43894 44739 45647 46321 47107 47820 48537 48936 49897 50257 51264 51670 52636 53639 53759 54478 55460 56170 56540 57224 58023 58616 59142 59470
7 5238 13282 16565 18573 20812 24127 25200 27399 28105 30544 31554 32833 35000 35693 38289 38924 39771 41930 42648 43715 45062 45387 46706 48457 49060 49774 51248 52027 52997 54095 54528 55473 56730 56903 58146 59116 59397 60815 61217 62233 62704 63665 64415 65606 66231 66820 67651 68514 68614 69494
8 9330 15263 16395 21996 25044 26869 28216 30568 32398 34650 37352 37930 39387 41937 43230 43964 45761 46702 48160 49960 51100 52945 53618 54611 55908 56929 58701 59416 60505 61657 62625 63195 64894 65150 66008 67788 68670 69706 69962 70943 72142 73181 73478 74927 75777 76432 77431 78171 78693 79728
9 11096 16885 20680 24416 27298 30916 31896 33867 37757 39926 40570 43050 44675 46173 47793 50432 51481 52756 55040 56750 56949 58604 59835 61068 62871 63944 64950 66964 67734 69271 69969 71571 72694 73404 74911 76240 76748 78253 78460 79547 81240 81558 83404 83540 84849 86005 86362 87887 88695 89277
10 12000 14283 20494 26306 28355 31812 34986 38523 41376 43772 45957 47032 50438 52038 53066 55857 56675 58412 61254 62450 64281 65483 67290 68906 69828 71666 72111 73973 74913 76236 78664 79574 81093 81976 82511 84664 85370 86232 87384 88657 90421 90995 92152 92952 94085 95645 96582 97139 98732 99338
11 14426 18925 22000 30800 31957 35062 39661 43502 45514 47287 50023 53619 55613 57158 59481 60570 62690 65632 66147 68941 69709 72333 73462 74897 76274 79139 80443 82022 83687 84004 85489 87476 88439 90602 91637 93026 93933 95212 96850 98116 99000 100215 101176 102460 103610 105279 106149 107598 108783 109714
12 16628 21600 25057 31292 37103 38475 43993 46040 48060 51753 55252 58542 59615 61890 64933 67371 69102 71074 72000 75285 76198 77917 80998 81423 83966 84988 87460 89253 90375 92142 93569 95970 97193 97577 99535 101427 102893 103701 105436 106739 108399 109851 110713 111309 113741 113842 115325 117477 118600 119880
13 15815 20307 30543 32055 40862 43038 46728 50282 54040 58080 60864 61252 64110 68148 70007 72428 74995 77172 80053 81018 82301 84290 86389 88400 91408 92401 93924 95565 97803 99584 102197 103086 104938 107075 107390 109663 111163 112042 114725 115780 116421 118007 119657 121033 122311 123876 125179 126815 127665 129348
14 17486 20384 28691 36828 39795 44975 50322 54004 57994 59988 63911 67549 70391 71824 75392 77444 79739 82303 85755 86710 88809 91462 94705 96265 98120 99627 101922 103751 105475 107024 108588 110697 113668 114561 116326 118298 120041 121114 122850 124781 126124 126775 128982 130042 132727 133640 134953 135764 137571 138988
15 20125 25807 36000 40915 44193 48000 53917 58249 60745 66746 68081 73178 73790 78173 79599 82432 87361 87567 90300 94345 96421 98133 101114 103793 104914 107289 108333 111485 112650 115996 116730 119134 121417 123219 124960 126107 127668 130422 132408 133626 134933 136195 139040 139846 141891 142808 144655 145461 148037 149670
16 17527 30526 39061 39192 49367 50698 57422 60208 64160 70254 73808 76063 79293 83813 85566 88450 91410 93733 98267 99971 102998 105552 108376 108659 111404 113228 115466 119219 120330 122690 124923 126875 128240 129985 132017 135500 137377 139411 139815 142175 143394 145063 146782 149410 150604 152160 153767 155192 157744 159359
17 22808 31162 39211 44200 52232 54187 63426 64868 70749 73710 78126 81600 84728 86817 90276 94469 98424 100631 104464 105564 109224 112714 113226 117386 119775 121357 124831 126716 127625 129869 131945 134933 136297 140103 140967 142881 145883 147851 149677 151710 153490 155213 156104 158529 160414 161670 163306 165311 167154 168908
18 19049 26940 36358 48833 52417 61937 66381 70637 72538 76622 83811 86550 90000 92766 97466 101121 104151 106185 110843 113671 114749 116931 119832 124500 125536 129099 131042 134507 135945 137084 141503 142689 144449 147863 148955 151200 154507 156755 157703 159379 162439 164894 165561 168509 168970 170953 174108 175331 176914 179098
19 21829 30637 40035 48812 59114 62093 66037 75905 76190 81235 86903 92848 93545 97550 103998 104828 108550 111048 116753 119685 121837 123368 127456 129813 133163 136324 138687 139982 142234 144700 148589 150232 152095 154730 157643 160367 163312 163577 165725 168448 170450 173432 174511 177586 179447 181885 184016 185734 186935 188359
20 21166 33941 41376 51381 57966 66332 72993 76629 80895 85041 92347 94403 99599 102762 108444 110562 115516 119867 122507 124193 126618 130721 134996 138159 139083 142042 145986 147784 151895 154298 156154 157734 161741 162678 166132 167905 169800 173066 174448 177358 180931 181857 183913 187104 189399 190200 192582 194607 197423 198514
21 21416 31709 49160 55561 60719 66673 77216 80570 87799 93727 93915 101237 106253 109281 112227 115022 119091 124592 128975 130876 135641 137064 140684 142800 146700 149026 151608 155343 159157 160262 164123 167579 169879 172762 175347 176999 180405 181331 184322 187783 187877 191734 192651 194972 197221 199445 202821 204812 207209 209453
22 30484 40327 50168 58868 62998 71897 80292 83136 91134 95592 101009 105049 109736 112523 118800 124139 126227 129781 133459 136471 140869 145067 147843 150439 152611 157726 160102 163334 166329 168756 170865 174897 177042 179054 182375 185845 188071 190932 192597 195936 198586 199316 202400 205438 207361 209867 212479 215016 216138 218144
23 22061 43639 56150 60678 72148 76697 84445 89788 97146 101095 107487 110974 114354 120041 123431 128224 131804 136690 141033 144370 147415 151800 153257 156738 161656 165280 167063 170262 173768 175525 178395 181685 185318 186966 190831 193747 195649 199822 202138 204532 207000 210447 211600 214234 216786 220560 221470 225118 225916 229862
24 15920 38099 56183 64933 73269 81033 89156 95398 100571 101823 111851 113690 121242 122376 130927 134486 138203 139943 147087 150723 153975 156129 159559 166138 168753 172199 173066 176755 181005 183910 187015 191339 192719 197734 199936 201543 205953 208123 211581 212776 214931 218808 220382 222670 225396 228139 230350 234464 237054 237927
25 25981 38730 55227 67268 74498 86313 93274 96437 101980 106536 112805 120416 124700 127965 133229 140446 144914 149666 150416 154272 160468 162481 166283 170807 176352 177975 183507 186949 188348 192419 194487 198053 200749 203961 208746 211483 214826 216852 219773 223159 223607 227541 230814 234361 235744 237750 240416 243413 247336 248546
26 28952 43816 55277 70728 75713 82711 95459 99889 107453 110676 121284 123930 130415 135599 142123 145135 147354 154432 157895 160696 165340 169539 173169 178702 181330 183848 188137 193800 196089 200925 203000 205252 209619 214086 214968 218152 221961 224746 229390 231152 232667 236243 239934 243402 245173 248895 250033 254056 255436 258540
27 20914 52633 62742 68091 80458 90681 94923 103590 114296 115691 121109 127445 137037 140918 143482 152353 154349 158635 162987 168095 171445 176968 181202 186280 189231 192970 196785 201905 205555 208233 211498 215459 218817 221466 223497 226864 230309 235257 236123 239981 243360 246692 249980 253225 253570 258186 259256 262664 264820 269838
28 18573 43737 62860 69719 81729 95857 99862 108732 117866 122818 126342 132875 139664 143321 150681 156299 162207 165650 171236 176111 177706 184630 188247 193180 195359 199174 205147 208257 212062 216453 217825 221678 226367 228436 231098 235932 239756 241710 244227 250189 252000 256135 258633 260264 265572 268041 270428 273542 276733 277807
29 23200 47119 66637 71976 86028 93881 106789 112765 118865 123582 130982 141477 142307 149456 154763 162193 168000 173031 177066 180919 185328 188478 193324 199405 201920 205061 209845 214992 220629 221390 224708 230326 233301 236595 241171 243738 248115 251147 254804 257104 261579 265029 266548 269684 274690 277553 279064 282240 286616 287378
30 18974 54332 65727 76368 86116 102352 106995 112250 120897 129522 138910 146110 151314 157835 161555 167141 170235 178494 183663 188976 192281 194422 203116 205845 210343 212810 219472 223696 227130 229809 234461 239023 242240 245120 250064 251714 257651 259114 263317 267522 269800 272522 276130 280014 284289 287500 290055 292219 296682 298436
31 29734 51873 66488 81784 93618 105946 108278 123378 124773 131814 145006 151742 154254 162861 165437 170697 177107 184026 190694 195177 196453 204318 208877 212344 218940 219903 225428 228813 234537 239965 242752 245899 250621 251845 258399 260105 266167 269896 270465 273925 280511 280785 286142 290343 292059 294940 297858 302786 304558 307010
32 32000 59695 77066 81459 98734 101193 114665 126714 130848 140800 144957 150093 162666 168114 171611 177015 186151 188773 194754 201473 205798 207384 216278 220405 222440 226636 231729 236020 242272 245713 250174 255840 256400 262322 265118 269028 271529 277276 281382 284710 286931 290831 294122 299093 300323 305529 307133 313404 313535 318203
33 41742 49390 67951 90495 101820 108650 120619 124703 133640 143692 149341 154924 163808 169042 174744 182666 186676 197670 199097 205344 208919 214373 221764 225948 231471 237783 238789 243664 249581 252272 256213 261680 264659 270439 272525 276649 283032 285331 288066 294496 296413 299992 303600 307804 312160 313274 319674 320627 325280 326950
34 35334 60440 70668 88138 101318 112765 118562 135830 140350 151596 153566 163342 166843 175619 184103 191972 193889 200456 205581 214065 219504 221288 229393 235166 237027 243379 245460 252242 256514 260183 265897 269266 274370 278468 283406 284789 292321 294763 298426 300280 307583 308708 312726 317350 322122 326046 326400 331112 333200 339319
35 40817 58983 84291 88267 101440 119616 125805 137706 140175 155425 159778 167562 177640 180649 190678 191831 203843 208595 212551 216208 221581 230894 236244 241880 245699 249165 256242 258905 263780 266736 274164 277009 284169 284600 288787 296902 299368 301569 307204 309587 316784 318327 320857 327732 328851 334392 336510 342714 344852 347471
36 32199 68305 86998 98195 107519 120909 128596 135849 149822 156258 164027 170535 179134 187891 195464 203265 209420 213222 217077 227114 232416 234636 241066 246488 251176 258098 264153 265034 271889 277737 281630 287640 290063 294233 301025 304961 307162 309767 316636 318920 322798 328449 331435 335013 340994 341981 347395 350145 354851 358774
37 36252 63657 90025 95342 107236 124707 134428 142726 151474 163136 173388 173703 182767 192400 197872 208649 209434 220018 227000 230115 237377 243863 248314 252252 257835 261943 267016 273500 278067 281784 287555 292089 296647 303761 305558 311592 315608 318372 324167 328363 331847 335539 341444 347012 350935 354428 358270 359871 364858 368443
38 45600 70480 89280 107211 115510 124649 140959 146977 160682 166160 171632 180650 192266 197746 207857 211165 216966 224297 228127 235967 243081 249414 254685 259070 268055 272542 275389 280686 284975 289699 294739 299309 308058 311507 315835 321903 324049 328651 334832 336295 340052 345361 349104 352971 359296 361939 366301 369519 373097 376871
39 37407 76424 85445 101100 115166 126495 141909 155414 160990 169459 179230 187525 194688 200992 211896 217842 226065 227541 240159 240412 247888 255145 259987 269298 274112 280149 282636 286803 295372 299869 303198 310044 312876 317125 323958 328157 333490 337840 344262 345056 348914 356333 360492 365353 369822 370397 376991 381244 383392 387182
40 25298 72443 89800 112570 113982 128000 145767 150519 161988 176000 187446 189145 197099 204274 218943 224000 227965 233923 246447 252222 254118 264605 269755 273057 281936 286664 293612 298154 301463 305051 313024 316885 322887 329266 330914 337710 340823 345300 352727 354536 357860 366257 367913 374379 376935 380147 385663 390118 393060 398397
41 53142 77359 91679 103398 126503 137945 147372 157303 172005 175296 191079 194047 205000 210821 221552 229160 234095 242559 249663 258398 264060 268980 277834 283938 284884 294287 301064 302623 307801 315993 320220 323459 331771 337298 338393 343520 350496 355733 359774 364508 367356 373258 379333 380218 384964 393173 393515 397510 401884 407285
42 31430 66142 102535 102879 132550 133610 150264 159600 168419 182688 196459 198958 210336 217104 228196 236397 242584 245188 257265 261347 269193 275540 283865 288182 295317 300997 303332 308636 316090 323373 328353 335895 340174 341210 347561 355688 360222 365376 367398 372453 378839 384478 388404 392739 397205 400302 406772 407465 414674 419748
43 55734 67168 92225 117917 125807 148708 157641 168744 172644 185050 198733 209953 215344 221440 235364 235835 243700 252055 263671 270182 275469 284451 288581 294793 303325 309122 312098 318897 326800 331630 334959 339455 345180 351444 355628 362324 365272 372887 375260 382966 389192 393350 397372 401354 404474 407934 412979 418759 425331 428449
44 49780 64065 107057 111312 132585 148561 160585 171318 185428 190373 202973 209913 223492 230654 236784 244665 251840 258666 264293 275624 279253 286372 291863 302930 309129 314838 321652 326787 329618 336823 343087 350014 356481 362727 366444 368866 377170 379524 386299 389791 396586 399989 405851 412475 414535 420563 423681 427140 431918 439736
45 31177 81994 106869 126000 134097 153000 166925 171000 182458 197795 205823 212217 225180 230161 246146 248113 260223 266071 270599 277399 289962 294947 303341 306132 317178 318834 327852 333486 339504 345417 350076 358082 365138 370533 375528 380882 386686 391474 394052 399259 404099 412137 416244 421945 423670 427002 434337 436848 444020 445750
46 31870 66342 106498 120657 141333 157747 161459 176966 190775 201772 213194 223278 227967 235275 249420 254127 261675 273999 282367 285200 292236 299248 307891 313341 321869 329791 336146 340027 345460 354409 361503 365114 369034 376076 383873 390106 395065 396348 405740 409167 412874 416751 423100 428368 431714 439872 442175 447786 454819 457694
47 39881 86664 106349 116272 133599 151570 173582 176860 197400 200949 216404 227744 235188 246022 255880 263871 266038 278532 286507 290337 302119 311053 318492 321255 331675 335515 340872 347419 352218 363453 368763 372577 378109 386430 389732 394128 401238 405618 414560 418801 420696 428706 433217 437580 442499 447167 451396 459832 463564 467927
48 49883 78579 113994 123314 151485 161211 179086 190796 201828 212505 220800 232193 240000 249046 255980 270679 279721 287680 294800 296980 303579 313731 321707 331582 336685 342250 347594 354811 362519 370938 375015 379534 385078 392310 399641 403657 407633 416578 418564 425552 433491 438669 443474 445444 454862 456177 463989 467551 471867 477787
49 58800 87654 110874 125501 139629 164278 181234 188252 200122 215600 224974 238847 242439 259098 261313 270167 280629 293837 298699 307414 315128 320267 328702 334207 343000 352391 356187 363394 372271 378919 380942 391142 392979 400723 408673 414506 417047 423560 432645 437611 441979 445226 451226 455674 464028 468251 474870 475981 484481 485273
50 46904 72111 117473 122474 148661 159060 180000 193391 208806 213073 228473 243105 245153 256710 271662 281957 290172 298664 301828 314006 318434 326190 334813 343366 347563 355809 366060 368782 377094 386005 387298 396232 405956 411461 418091 421782 425088 435086 436348 441701 449110 457275 463573 464327 472017 476235 482597 486724 491630 498498
51 44461 96227 116744 131021 154017 171287 184166 200138 204000 226247 233934 241376 251094 261048 272361 281934 290834 305319 309045 319799 326241 332558 343484 347998 357437 366775 369600 375049 386121 392137 397407 402609 411049 420433 426575 429370 436102 443788 446592 455930 460358 466643 470307 473065 480159 487897 491297 496039 500632 507444
52 72053 100294 115809 144107 163118 178323 191484 207740 213643 221840 242790 245669 255806 274962 278285 288401 302316 306227 318349 321896 332312 343358 349446 356949 360567 371500 375410 386343 389688 396020 408390 411556 418592 427160 431067 438283 444166 449973 455349 461015 466495 476474 478626 486693 492877 495612 503622 507899 514143 516242
53 73439 99437 127641 148778 164214 175461 187233 207717 215417 226354 237260 252182 263512 271906 283042 291066 306301 316761 322735 331155 341017 345599 358368 361490 370697 375665 388313 391196 401543 408341 413536 420274 424397 436663 437563 444316 450219 461070 465194 473097 475466 480169 490472 496619 500787 504698 513635 514946 523387 526704
54 64800 100155 119778 148475 168701 171785 193196 214917 227826 229611 249337 254431 271508 284309 293990 301821 307753 319286 332703 336364 343908 355253 360953 372874 379693 388500 394311 400620 409262 417025 423547 429156 437500 444378 449467 452957 461376 470389 471009 478258 488036 489944 498675 502635 510921 512744 521205 524106 534136 537944
55 69570 80081 132914 147990 168627 185049 198915 213581 231262 240495 257268 264000 280014 286211 293723 308785 314608 329450 332193 340467 352858 364663 372216 375614 385157 389841 402065 408039 415095 425460 429000 435578 440275 448849 455405 462131 467985 474405 479605 487487 497438 502761 505402 510997 519335 526853 530058 536187 542245 544917
56 75132 99548 127700 150681 169487 183352 207124 220899 233863 241255 252435 271586 276620 294413 298643 310989 325957 331679 343385 347019 359274 367217 377990 387008 394711 397876 411057 414249 422197 433485 437947 447580 450234 461652 467860 468931 481470 487940 492036 498872 502504 510799 519081 522453 526042 533619 540044 546510 554259 558542
57 74755 85310 117370 156724 169473 182400 199744 225420 240753 246356 256943 269532 287271 293536 306954 320622 329024 334508 342380 355417 367816 370982 384402 391603 396713 407540 411191 419328 431998 436339 445184 453857 462789 468233 471414 482046 487275 496260 499653 509569 509951 517037 526255 529088 539065 540870 549097 553341 559181 569772
58 36682 104400 123854 145810 167298 198899 209764 227313 236025 257300 267555 275240 294375 303379 308656 322305 337399 344112 356971 357536 368289 378558 388037 395422 406000 415338 424946 429983 439271 443084 452251 462548 467467 475741 483735 490229 496908 501625 509740 514862 521742 527641 532969 543593 544335 553892 560173 565909 571822 578723
59 48653 114405 142091 166041 185076 202672 205401 226978 243263 258525 264383 286864 294764 310858 315967 323372 341589 348849 360238 365800 379806 386529 397013 407912 415018 422335 426762 436919 447779 449640 462614 466809 476404 484232 492217 497283 502713 507537 515026 525994 529161 538680 544337 553343 555979 564430 568118 572513 582758 584904
60 75895 103923 137870 149880 177584 198273 221919 236068 247386 265631 269666 287750 304762 316809 324000 334497 340682 352522 361994 371613 380421 394360 404989 415346 416038 430999 434161 441561 450759 463206 471678 473658 484776 487885 498686 506565 510247 518922 523206 533831 540000 544382 555381 561954 568070 571734 579986 583822 593606 599520
61 43988 102073 122608 168165 179717 197097 218240 239692 251213 259376 273617 297590 299832 315317 326450 334556 345930 360881 373846 381140 394571 399818 408290 420856 430817 436992 440215 456319 460055 466002 476425 482633 493158 499753 506557 515874 519181 531085 537077 543551 550624 553859 563978 570146 575085 579596 590157 595430 603376 609756
62 66776 87681 136400 157826 176673 202238 224574 237550 249545 267104 283578 298632 308010 317110 337088 342069 361093 369512 377335 390748 395830 408448 417016 421235 437529 440854 450173 463800 468910 477521 481689 494448 496310 510663 511415 520357 528711 534352 540930 549951 559376 567563 573223 580288 586613 593130 597778 606714 608990 613769
63 79689 117525 148016 172302 197623 203949 232333 247871 262794 271997 286217 304493 318508 323945 343451 354371 363440 376316 385897 393031 400038 410033 424865 432274 438835 447433 459166 467390 475640 482434 493656 503842 507610 514136 525739 531595 539451 546178 551673 560806 568259 574234 579600 586814 597272 598202 609246 614177 621884 627348
64 61387 110851 156244 176436 183268 206790 237749 246545 265118 283340 290478 311700 315618 337687 342026 359996 370316 373400 386340 396800 411595 419481 430468 442850 446168 452548 464518 477390 487073 488417 501819 504424 514554 527602 533009 536685 548910 553517 561160 567258 572720 583910 592545 597638 600646 608236 615333 621031 632273 636277
65 48642 122642 157080 180133 200554 217920 242860 254415 267371 280029 297584 308185 327332 332709 346152 366775 372944 384765 398572 409035 419036 429197 438931 445997 456853 460354 470701 480473 487976 499951 504661 516085 523240 529181 536161 547082 551850 560359 569186 578463 584277 592464 598706 607811 613209 621422 627915 635140 640176 649740
66 56003 94267 155065 165921 192648 211612 243038 253907 273403 284949 307024 315698 327349 346736 354685 368892 379830 389568 400811 415538 426505 433394 446465 449963 463318 471704 481574 485358 500731 504889 513105 520522 533907 537647 548237 553771 561427 569439 577491 589879 594147 600128 605188 618149 624738 629877 636207 640166 648817 657620
67 85802 107200 134668 164116 202336 230542 240454 263268 268335 286459 309073 326861 334732 344252 362048 377109 379246 394106 403560 418629 433796 437300 448049 460500 473382 481282 490154 497608 504951 510960 521396 530613 544146 552008 553632 567566 574640 583323 590361 593546 601659 607007 620320 626513 630228 638999 647235 653310 659057 664213
68 80459 129021 156843 181956 195197 220974 250772 262660 283324 302581 306227 332018 344593 350183 362893 380071 396038 406183 412060 419621 440270 449623 457373 467966 477358 481793 494861 506132 512848 519477 529702 537673 547896 559256 561566 575715 580674 588583 595301 606840 609274 620106 628108 637607 642951 645248 655486 659284 670136 678366
69 56899 116281 139373 181511 216004 221661 256695 267948 279429 301397 308577 334348 345000 353991 372344 379186 393239 405401 416979 435739 446319 447171 463483 471629 483788 490434 500428 511345 520756 526394 535717 546278 554581 564115 573489 578942 587757 600260 603425 615610 622837 626800 632997 645215 652406 656915 668125 672387 679571 688480
70 48497 132816 153362 177088 212321 241677 258147 266736 289972 305123 324426 339193 351397 365344 382894 388232 398201 413652 427860 442497 445147 456881 464960 478054 491199 495568 514202 523083 532736 539318 546179 552778 567475 574341 580620 592979 597096 609603 613928 624375 628287 634958 647491 652015 659785 669077 672146 680406 689704 693389
71 80327 114484 143413 182954 205287 240982 250822 277899 297862 312400 326909 340208 357265 363143 379966 400631 406130 420042 433275 448369 458156 461008 480078 486130 493948 511200 519611 522899 540347 545916 554891 559415 570656 577156 587372 596907 608615 614386 625445 630262 638211 650261 655050 662244 670865 675210 683078 692750 697681 709290
72 97666 123873 161640 198490 206679 232639 265913 279597 295112 315488 323600 352138 365998 373013 385587 394360 418592 431279 438905 454228 459899 467723 484491 496748 499454 512972 520794 533966 542251 551541 563075 572932 576000 593203 601879 607024 614494 621540 633927 640921 646558 659734 665835 669252 679552 683204 694940 701030 710870 717837
73 100093 138508 170264 193140 217535 234056 264820 288327 307641 321863 340214 344263 370506 372228 388755 400636 414753 427907 445001 459146 472192 474668 484887 505337 513081 518249 527422 545306 553261 564135 572759 580706 584000 595386 607963 612156 626100 635561 640739 646370 654888 666982 673185 684489 685423 697752 702471 714356 720447 724872
74 79700 126451 162800 208254 223475 242286 273300 292651 299677 317425 338140 357352 364333 385653 397126 409615 424840 439538 450611 461656 476827 481398 497949 502547 523050 533416 539338 546799 556134 572245 581924 584553 594216 601179 612727 622656 633813 642906 646135 656226 668462 674335 680317 690860 695443 706225 714397 717609 726106 734653
75 98362 137477 171026 186145 232379 257196 264528 292788 311769 329659 343038 366811 380953 395443 408320 415421 431364 443199 450500 471964 483270 493178 498172 513736 519832 533503 547859 552155 563250 573345 590169 598874 601124 617009 626777 634271 641853 651076 657951 669813 672997 679982 693740 703402 704840 715612 726378 731471 736529 743371
;

param:	cost_bundl	marginal	:=
1 10 27
2 50 67
3 100 140
4 150 157
5 200 244
6 250 295
7 300 318
8 350 372
9 400 437
10 450 494
11 500 533
12 550 572
13 600 637
14 650 652
15 700 749
16 750 755
17 800 834
18 850 897
19 900 909
20 950 998
21 1000 1008
22 1050 1055
23 1100 1134
24 1150 1198
25 1200 1245
26 1250 1289
27 1300 1308
28 1350 1377
29 1400 1421
30 1450 1460
31 1500 1503
32 1550 1554
33 1600 1614
34 1650 1683
35 1700 1710
36 1750 1774
37 1800 1831
38 1850 1883
39 1900 1919
40 1950 1979
41 2000 2002
42 2050 2052
43 2100 2134
44 2150 2187
45 2200 2220
46 2250 2256
47 2300 2349
48 2350 2376
49 2400 2430
50 2450 2460
;