param num_bundles := 50;

param num_cust := 75;

param price_reserve :
   1 2 3 4 5 6 7 8 9 10 11 12 13 14 15 16 17 18 19 20 21 22 23 24 25 26 27 28 29 30 31 32 33 34 35 36 37 38 39 40 41 42 43 44 45 46 47 48 49 50  :=
1 632 1600 2425 2466 3118 3219 3510 3975 4040 4285 4539 4720 4915 5284 5433 5543 5667 5940 6000 6216 6444 6502 6708 6864 7006 7091 7294 7473 7494 7738 7810 7962 8005 8229 8338 8393 8497 8695 8807 8848 8971 9148 9250 9284 9474 9539 9658 9784 9826 9934
2 2366 3600 4252 5246 6093 6917 7233 7797 8304 8653 9069 9691 10103 10292 10763 10998 11335 11846 12277 12342 12955 12961 13345 13641 13971 14339 14444 14892 15052 15284 15513 15900 16100 16258 16724 16843 17018 17394 17472 17799 17889 18273 18543 18552 18770 19070 19233 19457 19608 19972
3 2814 5724 6708 7470 9040 9487 10800 11634 12413 13336 13669 14636 14880 15726 16300 16465 17045 17647 18090 18859 19219 19773 20223 20663 21009 21213 21865 22354 22689 23043 23431 23751 24179 24534 25064 25357 25611 25849 26304 26819 27126 27285 27522 27879 28289 28543 29055 29375 29662 29928
4 2771 5657 8119 10276 12185 12800 14176 15920 16258 17233 18190 19432 19775 21060 21762 22228 23241 23678 24357 25197 25424 26351 26916 27317 27931 28822 29175 29643 30083 30725 31302 31990 32209 32820 33053 33866 33951 34696 34999 35381 36089 36459 36774 37361 37694 38216 38715 38856 39241 39992
5 6782 9899 12124 13856 15427 17292 17521 19365 20952 22249 22760 23664 24920 25671 27258 27495 28827 29766 30545 31496 31937 32970 33705 34161 35057 35833 36579 36919 37563 38471 39115 39925 40546 40694 41400 41964 42988 43023 43989 44204 44755 45299 46130 46723 47403 47854 48094 48765 49224 49558
6 4648 11193 13309 14746 18080 19461 20819 23114 25314 25456 26993 28524 29807 30594 32820 33320 34738 35820 36791 37738 38456 39727 40446 41151 42137 42596 43482 44610 45251 45883 47214 47335 48433 48759 49854 50869 51362 52210 52732 53086 54013 54676 55447 55913 56413 57425 57587 58481 58959 59675
7 7000 13208 14208 17260 20860 23923 25005 27754 29400 31117 32200 34236 35583 36373 37514 38949 40455 41342 42233 43737 44382 45387 47124 47579 49200 50029 50517 51951 52793 53823 54222 55912 56210 57092 57961 58950 59397 60638 61743 62437 63248 63758 64885 65531 66186 67010 67244 68500 69013 69691
8 10613 13194 17600 19791 24106 26677 28532 31435 33790 34279 37284 39061 39646 41661 42513 44771 45509 47759 48662 50419 51648 52557 53975 54845 56365 56749 58744 59588 60080 61782 62297 63518 64359 65639 66607 67504 67976 68874 69999 71267 72425 73251 73860 75030 75217 76466 76917 78171 78612 79904
9 12471 16399 18964 23121 25456 30968 32300 35684 37886 38395 41165 42748 44347 46765 47962 49883 51355 52786 54745 56205 57825 58824 60186 61727 62432 64374 65298 66405 68068 69130 70361 71797 72314 73668 74347 75471 77127 77525 78543 79486 81339 82427 83132 83598 85287 86043 86625 87979 88237 89585
10 7211 19287 23324 26077 30854 33466 37310 39497 40841 43313 46217 47582 50872 52077 52991 55100 57758 58515 60663 62769 63467 65391 66513 68352 69800 71861 72166 74404 75525 77201 78000 79950 80125 81878 82462 83833 86000 87109 87727 88747 89933 90929 92369 93209 94085 95561 96871 97755 98853 99639
11 13015 18275 24399 28174 31805 34855 38984 42999 44601 47796 50552 53844 54381 56519 60089 61245 62998 64592 66256 67880 69917 71593 74573 75252 77532 78154 80172 80863 83194 84234 86530 87171 89283 90280 91479 92138 93804 95110 95921 98313 98927 100648 100985 102884 103306 105439 105829 107282 108538 109780
12 9895 20785 24120 31384 33941 38400 43796 46102 49652 52417 55823 56693 61141 61657 64711 67371 68179 71760 72518 74748 76762 78543 79599 82582 83346 84921 87097 89382 90120 91672 93384 95005 96896 97960 100198 101568 102977 103951 104998 106171 107973 109009 110895 111877 112902 114322 115699 116344 118284 119157
13 12469 22062 29301 36678 37588 41437 46944 49057 53411 56486 59460 62670 65570 67500 70104 72939 75400 76821 78647 81060 83281 84849 86428 88820 91555 92984 93924 96970 98217 100193 101333 102955 105067 106695 107861 108859 110615 112222 113599 114931 116971 118121 119882 120837 122890 123521 125314 127161 127824 129479
14 14549 19996 32047 35418 43377 47682 49695 53494 57519 62422 63357 68069 68814 73763 75340 78500 79640 83860 84000 86710 88721 91804 94414 95857 97318 99430 102612 102917 105772 107900 109737 110378 112837 113805 117099 117767 118893 121631 122178 124781 125938 127914 128739 131272 131332 133081 135359 136081 137685 138932
15 18735 21840 35369 38652 43162 49749 53582 56205 63143 65038 69195 71246 75538 78632 81166 84481 85170 88436 90300 94773 95011 98316 99995 102352 104010 106995 108623 110675 114158 114669 116499 119210 121565 122707 125212 127244 128055 130560 130870 132612 135133 136953 139072 139298 141732 142713 145399 145955 148037 148856
16 18659 29328 33101 39452 46812 52776 58307 60800 64874 69079 71911 77265 78645 83200 85267 88623 92024 94819 96850 100278 102998 105017 106228 109550 112228 114621 115688 118054 121051 123356 124018 126390 129748 130966 133214 134400 137153 138638 141236 141453 144568 146573 147963 148516 150502 152160 154398 155784 156931 159487
17 21233 32255 34338 42193 52453 55556 58988 64957 70913 75874 78052 83074 85204 89505 92490 93485 98071 101089 103964 105125 109330 112714 114039 116942 118171 122447 123902 126624 129334 130624 132295 135830 136212 139068 140926 143647 144969 146319 149058 150486 153904 155696 155919 157798 160953 162134 163165 165066 167569 169898
18 14843 28800 38773 48833 55887 58935 66673 68020 75256 79527 83579 86774 90646 92975 97267 101185 102014 107579 108479 112525 114806 118745 120694 122135 125433 127534 130943 134266 135754 138588 139845 141915 145031 146984 150168 151713 153328 156672 158154 160594 161600 164106 165012 168586 169200 171028 173212 175073 176804 179964
19 13701 30162 40395 50125 55589 61860 67121 72599 79890 83167 87565 90245 95682 100395 100969 105171 108749 113365 116568 118228 122605 124707 128190 129646 133488 136430 137432 140959 142487 144949 147271 150280 152285 155568 157368 159690 161265 163488 167459 169431 170323 173348 175460 178074 180170 181089 182637 185501 186897 189543
20 19596 34409 42143 52915 58652 63246 71666 77045 84664 88453 92174 94234 98387 103150 108517 112214 116069 118794 120864 124322 128623 129800 134104 137521 141195 141760 144554 148162 150891 154661 157277 159950 161196 163169 165457 168570 171860 173989 176590 178796 179733 181637 183870 187531 188807 190158 193536 194772 197909 199078
21 16267 30576 46009 53457 66008 71523 73350 83156 84732 90471 96691 101584 104241 107490 113866 115634 121437 125016 126210 132217 132882 138281 140747 144824 147120 149381 152709 155059 157654 161904 164176 166312 169255 172507 174641 176899 178488 181039 184418 187595 188953 191503 192926 195198 197400 199622 202604 205714 206442 207889
22 16463 41742 48400 59685 64366 70674 76717 85206 92609 94574 98682 105141 110964 115327 120097 124139 127903 129033 134182 137671 140937 145200 146857 152357 155065 155874 161427 163689 166968 169042 170582 173228 176000 178783 181790 184275 187659 189813 192195 196084 197363 200236 201873 204730 206753 210005 212571 214520 216496 219118
23 24772 37653 47360 62904 69306 78874 82672 91654 92115 99832 103577 110687 115000 119600 123602 127313 131804 136768 140883 144882 148631 150610 155790 157008 160077 163930 168827 170635 173585 176786 180634 183655 186229 188094 191329 194292 197050 198973 202713 205255 207816 210095 212995 215612 217371 218827 220608 223278 226757 229908
24 29197 40160 54728 60144 73739 81175 89027 95277 98136 106253 111748 114799 119712 125169 131278 135510 138120 141580 147087 148257 154944 158254 161211 163271 167519 169841 174393 179407 182716 183345 186027 191760 192420 197501 198374 203477 204887 208952 211145 213479 214716 218334 220643 225038 225242 228492 231298 233578 235640 239327
25 29580 46368 52678 65574 77136 84410 88459 93675 102470 109659 114782 122168 122882 128160 133041 139821 142390 146287 153216 156285 159531 165605 166132 170220 174284 177059 181246 185944 187483 190394 193778 198872 201618 204083 208147 209165 213951 215174 220511 223159 224889 228035 229891 232218 234947 239113 241557 244540 245510 248697
26 20140 49332 63047 66592 80893 82383 96165 97561 108455 110920 118578 122835 128009 136889 138656 145321 147720 154520 158664 160612 165095 171363 173481 179908 181405 184068 189711 191625 194775 198964 204063 205449 210905 214275 216035 220311 222144 223902 227318 231911 234750 236471 240834 242345 246493 248297 249762 254481 256334 258592
27 18706 44856 58160 75213 82604 86905 97947 103590 109741 117814 124200 129036 132383 138623 142871 148770 156134 159917 162090 168788 174563 176060 179260 183759 187139 192667 194924 201182 204203 205768 210461 215730 216674 222451 222648 228529 229675 232952 237723 238885 242339 246219 249571 251955 256031 256144 261385 262442 265590 269351
28 19399 43377 60314 71933 82683 91676 97318 105661 112698 119583 129043 131808 140112 146245 148690 156700 161043 166500 168280 174681 178499 183694 186573 193666 195840 199882 204534 208633 211247 216815 218185 222384 225951 229941 232316 236331 239625 241645 246464 248743 251751 253983 258754 259963 263855 266515 270312 272335 277129 279383
29 40184 51877 60275 71035 86806 99787 100626 111414 116434 123446 134905 140643 144535 151357 157884 158945 167900 169891 176018 179050 187224 191663 196088 196859 203166 207101 210645 215226 217326 222678 227682 231855 234165 238999 241101 244565 247708 250477 253082 257692 259708 264393 268183 270058 272908 275363 278521 283430 285499 288313
30 31749 42426 69971 82049 87155 102528 110635 113208 124563 131179 139040 145863 149519 153792 160212 168107 170129 177482 181395 185903 192000 194422 201067 205407 211111 212894 216998 222809 228000 231991 233384 238646 241048 246439 249704 253921 255546 258418 264545 265292 269399 273379 275935 278984 281681 285174 289931 293510 294122 299038
31 42505 52242 68481 81312 92378 102253 111600 118937 129756 132975 140973 147503 156849 162270 169227 171819 178405 183084 189582 191800 199559 200999 207121 211437 217796 220514 225086 230153 233140 238035 241720 247146 249776 254200 256833 259661 265227 268539 273504 275185 279482 282083 285469 287950 292059 295071 299339 301195 304684 307572
32 37318 47030 78122 89600 92965 101999 116614 124430 133329 138749 144957 150638 157679 166277 172918 175971 185047 190286 193699 202082 205399 212167 215139 219194 224274 230044 231376 237146 241849 246213 250991 251968 258389 261070 266581 270925 274753 276832 280726 285357 289560 291815 295788 299504 303038 306265 308065 313077 313665 318974
33 27212 61561 78648 89770 99000 107845 120258 125747 133640 142932 151225 156324 165264 168785 174869 185858 189226 193437 199316 206507 212536 214068 219791 227580 232597 233811 242410 244022 249145 252789 258245 263174 265891 268256 272125 278767 283570 287612 288066 293310 295530 299192 302810 308934 312369 316318 318924 322726 324207 327083
34 34673 51339 77532 85745 101089 109224 122211 128122 139690 145844 158018 164329 169045 174430 185355 189670 192453 202521 206478 212003 219399 224503 226859 231699 236538 242713 247990 251508 255973 262043 264589 267889 273864 279628 284383 287858 289779 296093 296405 302199 307432 309979 312356 316474 320034 322767 328518 332922 333547 338706
35 30512 69296 72746 95210 109791 111781 122049 136275 145997 149643 157927 170317 177502 179969 188741 196375 199346 204323 214387 218126 224546 228869 234578 238206 242689 249263 255955 258527 262850 266736 273807 277980 282005 287085 291405 295496 300919 302543 308318 309587 314221 317248 323670 327732 330041 332408 339193 339771 343571 349369
36 36000 66381 83966 101568 104089 117208 132957 137556 146144 153918 161158 169621 178409 186228 196126 199792 209048 213344 219689 227342 229498 237927 240743 244164 253334 259100 262479 267662 273695 278762 283190 285923 288809 296339 297125 302999 308258 312102 314253 320380 323920 326312 332060 335631 339165 341905 346424 351696 356091 358340
37 46802 72505 88491 91832 113681 120917 135644 147444 153092 163639 166130 173703 181564 195646 202116 207860 213320 217011 226396 230472 239559 244984 250509 253659 258153 262257 269770 272296 280908 281881 287364 293212 297200 304751 309387 312995 317252 321538 323067 330855 334231 335702 339836 344637 350857 352336 357505 360176 364783 367773
38 48067 68821 76756 97030 116258 130534 133596 144200 158511 161578 170958 180330 191212 197746 207300 213477 219086 225836 232391 237310 244148 251949 254572 260847 267084 273072 276331 279242 286188 293856 296010 301328 307307 308807 317567 318022 323067 330491 331276 338520 343685 344524 348276 353706 359457 362497 364642 370456 373407 377024
39 28123 70200 84730 106378 117000 128641 138436 153642 161744 171067 178380 185732 192330 205482 212326 217423 226469 232304 235426 242177 248745 255264 263705 264626 273890 277969 282420 288811 294650 301992 304200 307284 314718 319610 325831 328249 335309 336667 343731 347253 351866 354364 358376 363014 366185 371218 376507 380365 384659 389063
40 40792 77149 83522 106132 117303 133147 141760 155332 160997 178527 187446 192000 197423 209074 214513 225140 232964 237049 244360 247483 258983 264968 270111 273057 282730 283972 289551 298583 304421 308078 314248 317188 324666 325060 334473 337805 340165 346964 350999 357323 358932 362304 368695 371031 376000 379558 385746 389050 395252 396868
41 27196 57983 99420 105650 121902 141791 146227 153846 171025 180400 189489 198162 201025 211776 222762 230477 238365 240051 251140 258007 263933 266342 276256 280483 288752 291302 296110 305278 311924 312677 321373 324703 332682 337398 339583 343912 347897 356394 359493 366532 367539 375413 378801 384527 385051 389047 395560 400543 405216 407037
42 48980 78350 102190 103902 123168 142305 155343 166947 169672 179571 196818 197176 212006 220490 229429 235050 243455 249467 255200 263230 270501 274514 282994 289526 293760 301699 306801 313512 316202 324027 328568 333999 337780 341726 349383 353898 357272 362273 370172 372263 376035 383927 386674 391119 398270 398978 404074 409624 415014 417050
43 27196 65496 87703 121318 127848 137331 160431 166316 181824 186840 198919 209953 216201 220938 232359 240339 247614 257282 260425 267569 272906 281182 285618 296295 302715 309839 314577 319707 327252 328943 337488 341951 344859 352495 358838 361916 365879 369900 375260 384219 389097 390235 394289 400708 405296 412172 414052 419641 421312 428967
44 58373 87116 102247 109205 133748 144599 157910 173340 181843 193200 201441 208432 215555 227782 232826 242440 252608 261495 267931 272658 285017 287990 296992 298552 310878 311997 317289 325957 330323 338314 341617 348906 354958 357674 364855 373145 376656 382370 385797 389990 396489 400956 406613 408229 413413 419918 425869 430391 432992 436643
45 50110 82486 94393 123402 135599 144841 160240 174516 183565 191554 208171 216000 228394 232437 244495 250064 258035 269550 272984 281601 289263 295633 302271 308767 315385 323625 329454 334940 338907 346821 350423 354445 363916 369548 371516 381201 382685 389504 395898 400070 406099 409376 416924 419056 425672 428423 432187 440081 441184 447835
46 46911 87762 92459 124115 142229 153670 170882 179341 187869 204066 209590 221565 229816 235275 248400 254459 265687 269169 277071 284308 293248 298398 308852 312258 319758 325399 332857 339529 350084 352613 361854 367540 369950 379103 380996 386181 390865 397627 401230 411128 414102 418979 424996 430536 434158 440448 443799 446176 453887 459724
47 62353 86664 113191 124705 133599 151570 169982 178847 195149 204868 214353 227356 238360 241490 255189 259651 270648 281373 284185 293665 303432 309915 318631 320704 330206 336173 342036 350835 355588 363332 365755 373406 377290 383216 391428 397810 401788 408981 414240 418274 423835 426743 434947 436164 441200 449631 453544 457617 463183 469059
48 58395 85865 117183 130221 149032 160352 177015 180623 197909 207458 215306 234955 239808 247375 260441 265349 276407 281364 289755 297600 304942 316218 320560 329351 332969 344264 349181 352988 361501 370316 374277 378196 384240 395585 398140 402285 410786 413023 421745 425444 434234 439823 441600 448331 452322 457085 462696 465674 474691 477304
49 60411 84870 115124 132572 153707 166600 181499 194277 196000 212685 222613 237839 245783 255553 267847 269812 282165 293018 296278 302056 312065 321763 331176 336213 339623 348279 357801 366027 370849 376504 379552 388184 395658 403112 407850 410666 419000 425934 427958 437502 440019 445011 451226 459243 464441 469276 471114 476284 484580 485965
50 55678 84853 103923 135277 145945 167929 182209 192873 204450 215870 230651 241454 250400 260192 273130 278747 284253 296142 301330 311609 317962 329697 334215 345254 348712 359583 367151 372022 380526 387040 392556 394462 400625 406940 414005 423910 427083 430813 438406 443621 452659 453431 459130 464327 473920 477389 481975 488057 491528 497293
51 63699 87149 105510 132600 159329 169455 186412 195137 207288 225094 235706 248386 251921 269481 277845 285964 294919 299470 308539 316693 323679 335671 339217 347100 357146 362351 368614 375188 383281 389474 399106 406723 413698 415454 423515 427306 433110 444491 444725 451112 457069 462950 469975 477334 480159 483828 493621 495094 503740 506520
52 62400 102955 108080 140689 158749 172778 187200 206696 212883 230683 237156 251542 256229 273581 276531 288026 300162 309913 314589 327394 330681 338120 346025 357252 364594 373532 377134 388854 392729 398199 406266 411162 420268 426780 431193 436428 443069 452609 454755 460193 465335 474085 478174 483684 489905 497572 503622 505765 511084 516975
53 66197 80727 114657 142214 166255 167936 192559 205542 222095 230047 247913 257473 268789 270663 281848 298310 304646 309222 319586 328942 342824 350602 353792 360556 372511 376263 383069 393630 401683 407515 414892 418398 425191 432007 440761 447717 451465 458993 465797 468323 474639 480052 486793 494805 501796 506254 509572 514946 524459 527237
54 44530 101313 118800 149259 162718 179748 190766 214374 221860 235381 245804 258298 268701 275347 289392 301628 308888 315242 332001 337921 342379 351954 358195 366564 380920 388049 392383 397258 409546 413514 420230 426703 435094 442141 450892 455524 462386 465404 471009 479841 487677 493266 498675 502287 508174 517837 518287 528097 533043 536642
55 72966 93338 132458 149211 160540 184065 195540 217233 232826 236692 249872 268093 278932 285788 298220 310348 315759 324453 332557 344881 351140 362500 370424 380097 385628 393394 400104 410552 416550 424321 427729 438209 441236 452206 454075 466301 472232 477202 479983 490704 491935 498289 506359 515476 516415 524205 529830 538775 542691 548789
56 73443 98916 118530 143430 160750 191386 201289 217176 228161 247669 258815 262902 283782 294413 303848 315395 326341 327109 343568 346296 359797 370109 375492 381129 391840 399449 411057 417867 420560 432326 435794 447860 452596 461108 462738 473457 476757 487039 494452 497613 501630 507102 518718 522693 525923 536666 537717 547656 552445 556179
57 42655 83773 134887 148638 173640 185579 202971 218987 238584 253378 258456 271693 288174 301184 304830 315308 324450 337024 345027 351926 361220 373252 384063 391769 398674 407859 413240 423184 432900 435146 442696 454430 459407 467539 470587 477577 487142 495080 501211 505600 513380 521916 522662 528596 540269 542429 547556 553927 558600 569087
58 71507 98429 128126 147644 179332 187044 206858 229668 233734 246073 268559 276216 294603 298461 307126 327482 330142 342936 348193 359974 371200 383502 389594 399148 405337 410941 419689 428573 434032 444902 452697 460215 469334 475600 483457 488028 495824 499204 509344 516167 524187 528660 531579 542230 546925 554257 560173 562331 572880 578025
59 75557 98018 133502 164355 173825 201293 218220 230024 237763 262533 275221 276986 294291 304751 316847 329556 337694 347449 358689 366750 374824 386349 394021 405000 417026 421179 431467 433560 448555 452726 458836 469041 474941 481781 487099 498402 503820 509317 516915 525729 529030 539197 544337 550189 555478 565046 569098 572026 581801 587280
60 58788 105300 139943 167571 181593 197545 207846 232069 253425 261809 278855 293694 298557 311538 328414 335571 345717 356987 361397 378904 383437 395454 401417 413609 415692 431667 434493 446748 455684 463362 471220 478648 485518 493315 500704 506423 509117 521137 524854 535313 537729 546099 554213 556805 565403 573871 579738 587265 589590 599640
61 67927 102799 139101 154319 188607 195961 212364 232121 256490 271433 279537 292546 303287 317435 328268 336552 350631 361087 368028 380163 387338 400747 405180 414082 430990 438691 447259 450740 464242 468550 476269 480314 490586 497365 506851 510508 521327 530384 534020 538876 548729 558275 559872 571840 574567 580751 590787 596803 598795 608167
62 56824 122126 125846 173600 186000 196453 222164 243937 258623 276717 281947 292651 312716 323590 335030 346313 352256 371172 381187 384000 393492 410700 417753 426315 437704 443463 449318 458800 471200 474776 484235 493670 502009 504148 517988 525649 531322 536506 547288 552183 559514 566749 568239 580156 587922 588706 595587 602135 613393 614520
63 75600 104663 142553 173221 178191 205113 225748 251053 254508 279197 287876 306571 315504 324679 340899 351899 359928 370148 380929 394845 402609 409064 421112 434106 443155 446367 459339 470437 476307 487508 493335 497979 505101 512899 524075 531893 540186 543263 553970 558395 567979 574787 581651 587625 596607 601906 608464 613013 622522 625955
64 77859 93185 146503 177362 183268 220962 222808 241170 264189 279263 289065 304253 319231 338172 344175 360451 366760 379494 388032 403352 408599 419871 429897 439881 447085 456693 463459 471693 484544 494252 501982 504262 516778 525268 535003 537295 543661 557792 563636 568412 579403 583629 587407 598734 601872 610118 619843 624189 631106 636792
65 71204 124012 147078 162370 202650 206778 236514 249722 274543 283030 295303 317637 330159 332455 353160 359797 368384 382783 393881 401950 417824 424246 435063 441043 450896 461637 471956 482754 489014 496219 510654 515266 527422 528702 540087 544605 554294 562766 573623 576268 585722 592891 596018 607254 614585 617466 628722 630332 639119 647656
66 71084 118064 151081 176110 206191 217700 245889 254592 277828 291598 309004 311531 330528 348990 361256 365094 376836 395339 400811 409200 426709 434599 439582 454011 461623 471519 477395 492662 501079 508500 516995 525519 530141 537971 551248 555656 567600 572186 580950 584240 593853 597655 606626 612770 623901 627521 636618 640438 652032 653633
67 91866 112910 160800 187121 202779 228587 237070 263949 281719 284888 303799 324933 341371 351479 365258 367463 389984 393878 407104 422685 424803 441997 454021 461085 470720 474897 488503 497066 502098 512714 524144 531965 536167 549237 556866 561682 569618 580701 590209 595660 605081 610693 616400 622054 634345 641243 645569 654409 662318 666507
68 84932 114596 139359 181956 202635 231600 235559 267543 277387 300434 312208 332575 342979 355166 360079 381285 389445 397902 415858 422695 437108 441738 459793 470921 474638 487707 495608 503751 511765 520011 530226 543660 545867 553772 563703 576678 577320 588583 596853 602558 608363 618912 624860 631925 641367 651098 658442 661665 667786 674949
69 76835 132365 139373 184631 209287 220800 253334 258174 277377 297581 309502 330048 341393 363807 377677 388121 390811 407743 424224 430241 446319 452463 466554 473443 480430 494880 499095 510413 520390 534294 536605 549233 559879 561407 571493 583693 591632 596122 603425 610640 622531 631190 636149 644033 652552 659085 667270 671537 681390 688204
70 95979 126000 163866 196997 207654 227903 249263 261916 286231 305765 313675 330412 346906 359394 374353 387474 400410 408647 425102 441611 451486 454299 464960 477439 485580 495173 513821 519888 526072 538591 546538 554902 562445 575023 583818 590992 596604 605894 610246 619332 628287 637269 641866 653067 660082 669516 675201 680982 691266 698599
71 49190 127009 143413 185689 222265 227200 265278 267925 290667 308176 327832 346375 354147 369473 382610 395056 404887 418358 432110 447018 451730 470747 477128 486959 495985 506644 517862 526933 534531 546838 550147 560855 571892 584964 593689 595554 609443 616188 623508 630422 637895 646685 655050 663461 670715 677297 681748 689980 702003 704869
72 72000 123873 173399 200569 206177 241388 261985 282181 291578 306487 329945 351254 366847 380171 391722 399843 408564 429352 442434 449870 460125 469934 485560 494866 506258 511149 519199 534354 543588 557152 564913 568572 581553 587231 594774 607537 617355 623372 628837 639464 646879 653735 660519 669561 678789 688645 690900 704865 708533 716391
73 73000 117709 159935 185253 206475 231768 260764 281595 294182 317529 334209 342711 367619 372515 389029 403288 423400 429399 449765 456586 467656 482242 493385 503224 506180 516188 534248 540792 547451 563378 568838 583452 586731 595028 606208 613548 623028 632536 643395 650479 656026 661688 673660 682774 691615 693769 703229 714655 718522 723547
74 97050 136449 171322 181262 221506 246765 273300 283913 306185 323914 342964 348979 364933 390170 394358 414136 418607 443259 446705 461418 470584 489072 496186 502329 520741 531565 540352 551188 559471 569560 579850 589218 598440 609861 611475 621248 633813 641030 646304 654220 667970 671731 683048 691177 695127 703117 711478 723688 729717 737777
75 47434 135831 164317 209464 214767 257633 278613 287750 301496 332039 341065 356230 378880 385649 402772 418390 436549 447744 457684 465484 475053 492494 504232 518748 525856 534556 547037 554797 563649 571380 586536 593212 602433 614817 623358 629285 645000 652974 657780 664417 672161 686404 689348 702282 708502 712461 719687 732547 739730 745335
;

param:	cost_bundl	marginal	:=
1 10 45
2 50 74
3 100 145
4 150 164
5 200 229
6 250 273
7 300 310
8 350 356
9 400 402
10 450 496
11 500 542
12 550 580
13 600 600
14 650 657
15 700 734
16 750 763
17 800 828
18 850 860
19 900 902
20 950 992
21 1000 1021
22 1050 1070
23 1100 1115
24 1150 1189
25 1200 1245
26 1250 1284
27 1300 1332
28 1350 1382
29 1400 1431
30 1450 1450
31 1500 1548
32 1550 1575
33 1600 1605
34 1650 1680
35 1700 1727
36 1750 1780
37 1800 1805
38 1850 1888
39 1900 1947
40 1950 1961
41 2000 2044
42 2050 2069
43 2100 2140
44 2150 2167
45 2200 2204
46 2250 2269
47 2300 2349
48 2350 2377
49 2400 2439
50 2450 2490
;