param num_bundles := 50;

param num_cust := 75;

param price_reserve :
   1 2 3 4 5 6 7 8 9 10 11 12 13 14 15 16 17 18 19 20 21 22 23 24 25 26 27 28 29 30 31 32 33 34 35 36 37 38 39 40 41 42 43 44 45 46 47 48 49 50  :=
1 775 1428 2236 2561 3085 3311 3510 3929 4233 4405 4583 4746 4911 5099 5322 5528 5776 5831 6017 6181 6378 6554 6660 6873 6971 7175 7305 7370 7584 7624 7826 7957 8015 8158 8275 8476 8553 8683 8738 8899 9051 9148 9191 9299 9453 9512 9598 9702 9895 9976
2 2466 3731 4079 5367 5671 6645 7144 7930 8080 8791 9095 9625 10190 10560 10859 11157 11391 11832 12080 12560 12856 13072 13297 13793 14097 14187 14610 14719 14988 15383 15661 15950 16189 16385 16594 16795 17036 17403 17500 17736 17933 18230 18456 18663 18898 19007 19246 19407 19771 19872
3 3000 4762 6893 7892 9139 10235 11015 11494 12326 12770 13523 14387 15000 15473 16233 16563 16981 17575 18415 18677 19153 19479 20035 20453 20923 21449 21955 22102 22514 22863 23607 23812 24306 24402 25006 25357 25548 25925 26263 26819 27020 27423 27698 27956 28142 28694 28906 29253 29559 29946
4 4996 6882 8579 10461 11703 13764 14355 15738 16454 17527 18728 18796 20302 21105 21377 22486 22670 23920 24331 24903 25675 26315 26809 27423 27840 28633 28922 29557 29997 30672 31302 31890 32100 32732 33169 33552 34344 34465 35282 35616 35964 36327 36999 37103 37888 38308 38442 39045 39273 39751
5 4000 7141 12042 12923 15232 17176 17407 18735 20347 21378 23431 24249 24495 25632 27111 27731 28827 29428 30033 31607 31906 32985 33466 34598 35185 35777 36083 37041 37457 38158 38820 39837 40224 41000 41533 41917 42638 43105 43818 44587 44766 45673 46174 46637 47085 47434 47990 48508 49376 49749
6 5367 8485 12238 16628 17718 20044 21298 22863 24000 26644 28014 28850 30168 30968 32489 33856 34321 35739 36418 37025 38231 39290 40481 41517 42154 43117 43549 44465 45235 45868 46708 47955 48626 49156 50056 50314 51250 51920 52472 53058 53773 54359 55525 55706 56464 57287 58011 58665 59312 59663
7 7139 11287 14816 19196 20142 22574 25966 26637 28035 30254 31678 33833 34691 35967 37826 39275 40793 41199 42117 43174 44625 46094 46433 48010 48558 50283 51401 51724 52421 53677 54636 55331 56366 57673 57994 58750 59726 60622 61281 61886 62797 64049 64171 65337 65904 66511 67215 68084 69254 69593
8 8466 14040 17380 21703 24370 26725 29153 30273 33332 34945 35991 37557 40635 41600 42903 44714 45677 47410 48557 50113 51350 52703 53307 55171 55426 57422 58131 59048 60547 61324 62359 63357 64696 65697 66337 67599 68464 69060 70382 71518 71644 72672 73374 74344 75200 76080 77398 78106 79131 79728
9 10496 17359 19882 22192 25583 28574 32699 33962 36977 39189 41400 43012 45251 45997 48899 49753 52013 53306 54478 55916 58104 59154 60105 61937 63461 64197 65718 66770 68163 69574 70843 70889 72538 73778 75041 76091 77127 78150 79220 79628 81100 81796 82506 84101 84925 86269 87110 88108 88530 89204
10 10770 19391 21448 26306 30529 33705 35496 39345 40348 42802 45782 48826 50239 51846 54148 56143 57306 58720 61384 62290 63812 66030 67587 68206 70654 70767 73348 74512 75578 77175 78689 78740 80944 81878 83187 84214 85790 86348 88272 88408 89933 90576 92347 93616 93894 95457 96519 97673 98102 99116
11 13015 16463 25372 27034 32631 35406 39965 41858 44492 46669 50264 53619 54202 56733 58786 61048 62458 64329 67737 69466 70159 72866 73065 74703 77094 78216 80533 81549 83106 84091 85856 87835 88603 89554 91875 92948 93623 95110 95896 97943 98461 100335 101653 103072 103797 105256 106194 106649 108850 109537
12 8980 20785 25849 31840 37566 40588 42865 47820 49535 52909 55564 56946 58983 63271 63679 66250 68642 70382 73661 74284 77249 79454 81317 82513 84751 86500 86666 88638 90852 91672 93354 95338 97400 97960 99245 101682 102247 104476 105464 106063 108080 109273 110113 112134 112979 114774 116196 116666 118551 119712
13 8222 22666 26515 35933 37317 41519 45999 50817 53789 56844 60864 62292 64163 66338 70200 72521 74407 76953 80053 81972 82670 85800 87516 88209 90366 93202 94319 96621 98800 100563 102098 102692 105067 106155 108267 108890 110309 113182 113421 115312 116334 118692 120164 121284 122669 123438 125932 126174 128352 128930
14 18361 24729 31554 36075 43377 47764 50942 55437 58533 62485 63295 68012 70168 73015 74818 77848 79344 82778 85755 87116 88632 91633 93957 95447 98359 99114 102382 103638 104841 107755 109056 111579 112000 115073 116663 118662 119649 121373 122977 123771 126590 127577 129286 130643 131421 133316 134546 136254 138111 139748
15 20567 25807 35369 40694 44900 51352 55884 58941 60597 64483 69843 71750 73973 77653 79486 84107 87155 88538 91978 92806 95200 97949 100757 101735 105300 106320 108871 110594 112530 115607 116499 119587 121639 123146 125284 125714 128546 130319 130870 133120 135100 136327 138683 139814 141986 143405 145399 146571 148432 149820
16 19726 27153 35054 45028 49471 54869 57422 60462 64399 70254 72690 77925 80064 82334 84845 89600 93020 94873 97482 100940 101243 103692 106997 109784 111909 114083 116701 118227 119947 123646 125536 126592 128120 130535 132790 135008 136517 139154 141127 142965 144213 146293 147409 149410 150298 153266 154597 155949 157777 158586
17 17667 27830 39504 43007 50430 53759 60535 64061 68000 72604 79447 82726 84386 88072 90468 95200 97658 100746 103964 104850 109383 111787 112919 117337 118806 120304 124646 125016 128212 130845 133599 134805 138025 138234 141172 142476 145407 146437 149639 151138 153603 154877 157284 158310 160738 161419 164786 166531 167223 168669
18 23880 34717 38940 48965 51418 58714 62768 67925 74998 78708 81220 86325 89712 91994 97200 98918 102900 107096 108240 111367 115537 117373 121869 123716 125278 129400 131634 133394 136515 138915 140769 141778 144180 147644 150038 152310 153792 156879 157867 160715 161640 164698 165404 167545 169926 170915 174294 175959 177754 179242
19 21158 34620 39123 50841 56746 60800 70480 75044 77132 83254 87647 91674 95228 98361 101325 107346 109411 110788 116568 119866 122782 123134 127739 129144 133920 135634 138895 140857 143999 144899 148005 151620 153888 155010 158738 160457 161578 164720 166073 169047 170196 172973 175377 177098 178519 180530 182519 185189 187514 188780
20 24980 30199 44181 53516 60531 68118 74512 78994 82559 87178 93209 95582 99679 102137 106433 111427 113278 119331 122507 126428 128062 132424 135115 135765 139370 143944 144941 147675 150785 152630 156410 158594 161443 164098 165312 169564 171581 173436 174402 178662 179154 182822 183565 186161 188340 190032 192997 195469 196041 198514
21 19700 30864 46200 56661 62012 67331 76987 79245 84628 91633 96234 99035 102879 107408 112149 117974 121655 122450 126559 131749 134006 138026 140872 142862 146579 148789 151491 154603 157654 162340 164873 167947 169776 171636 175246 177099 179670 180893 183170 186274 189140 191596 192880 195063 197042 200063 202037 205242 206527 208821
22 27828 40566 46357 61913 67019 70674 78832 84407 92190 95390 100721 105049 111225 116330 119612 121857 125612 129408 135546 139001 141759 144866 147908 152039 153685 156246 159799 163512 164809 167778 172949 175228 177533 179593 182693 185584 188380 191590 193049 194349 197412 200767 202830 205579 206894 210925 212753 215196 215959 217922
23 18400 42410 54815 61715 69611 74458 80599 88722 92459 98337 104086 110974 117006 118801 125049 128964 130433 137308 141033 144443 147200 150751 153257 158350 160539 164896 168450 171685 174558 176006 179164 182673 186058 187869 191716 193145 195595 200034 201457 204739 205872 210246 212000 215465 216493 218488 221613 223136 225400 227688
24 26291 40446 51920 61282 71196 78138 85056 91200 100914 102837 108399 113589 121242 123873 130221 132153 136779 141417 147322 149418 152848 158908 160423 166000 166554 169977 174854 176363 179920 185717 186027 191339 194622 197676 198954 201142 204099 206679 210599 212722 214931 218070 221009 223290 226721 228492 231746 234415 235200 238604
25 23452 41833 54083 64614 73993 83666 89443 95917 101366 108051 115217 118849 123693 128258 132665 138293 141421 149499 153948 156365 161864 162711 169411 171537 173638 179165 180762 184391 187283 193067 194100 197547 202731 203470 207666 210713 212955 217773 218060 221923 224388 226661 229783 234254 235053 238642 240988 244336 246779 249449
26 27020 38212 55277 69959 80893 87013 90665 99073 105035 114163 117663 125233 128746 137185 139531 145414 150890 155479 158834 161702 167856 169459 175187 177867 182963 186839 188997 192611 196640 198215 204394 206565 209037 211928 217469 219388 222205 225407 228445 231385 234923 237156 239087 242400 246109 249275 249437 252562 257334 257387
27 19470 39313 65248 74825 82427 93218 97947 105265 113014 119656 124317 130497 137568 142052 146498 149649 156786 160281 162090 167748 173977 176308 182964 185889 187451 193949 198041 199581 204203 207602 209489 212941 218216 220807 224474 229039 229992 232764 235566 239860 241676 244495 247754 253110 253857 256429 259818 263772 265150 268266
28 36292 41907 65785 74923 88011 94040 98916 107718 118265 120628 125220 132757 140670 146566 151821 156600 158491 166217 168093 176378 179637 185224 187830 192366 197594 200508 204074 209008 209981 213389 219760 223088 224699 229737 231775 237456 238576 243777 244098 249750 253365 253922 257783 260926 264211 266868 270834 274171 276336 279046
29 40184 54717 63004 76287 87386 95304 106474 114541 116867 126674 135154 137864 146040 149230 155738 159895 167298 170583 174964 181383 185691 188567 195745 199068 204815 207912 210245 213893 219176 221238 227091 230837 234810 239070 240473 243185 248251 252550 255200 256252 259643 264775 267115 270058 274567 278037 278219 282478 286968 288838
30 31749 46087 67617 80944 92174 100399 110472 117269 125714 130767 138130 143499 150838 155190 159875 168535 170129 175647 183172 188021 193773 196906 201336 205232 210685 214075 220291 221188 226256 229965 232921 236981 243499 244385 247459 254346 255406 258139 264817 265496 271065 272059 276196 279500 281425 287687 290551 292711 296317 297590
31 25563 52242 68481 79156 91332 98226 113817 116487 126759 137662 142330 149573 157948 159883 165785 172823 175910 184860 188566 191800 198400 202333 206470 210344 216734 221471 224745 231153 234209 239644 243779 247302 249391 253594 256458 261799 263117 268253 270394 274975 277619 282287 284525 290475 290938 295786 299595 301195 305000 307072
32 29328 53546 67124 85146 96426 104184 117139 126065 129432 140654 148723 153866 159101 164668 170533 176204 184160 190070 196533 197261 203496 208172 214853 219007 225367 226997 233403 237836 241425 247540 250583 254556 256559 263723 266197 269561 272282 278676 281455 283557 287644 290690 295926 298270 301072 306866 309525 310252 315228 318782
33 24695 59766 67630 91214 100311 109449 119895 130840 132165 145948 152373 160721 167489 172233 174744 181350 191627 195454 202997 206507 210166 214475 222254 225755 228631 234741 239335 242679 250800 251407 256977 261263 267280 269713 275545 276886 282107 285636 288594 291747 298682 301006 305531 309427 310761 314385 319538 321034 323804 326883
34 38467 50430 73553 87612 102226 116198 126670 134633 142151 146319 152356 163907 168497 175619 182336 191852 196495 199183 207818 210471 215142 221183 226961 234477 239839 241472 248177 250679 258221 263187 266244 269180 273779 280124 281605 285438 288740 296015 297806 301279 307733 310053 313243 316693 320899 324197 326258 330203 334723 338706
35 45902 54672 82529 97750 106160 115447 125415 130958 144648 148657 156837 165058 172604 181731 185731 193610 203723 206589 212090 220916 221581 230682 234160 240458 246197 248771 256242 258242 263129 268110 271651 277804 280961 287512 288787 294500 298876 303593 308397 312266 314611 316938 322760 328254 329074 333659 338470 341999 345845 347541
36 44384 70545 83656 100284 106307 120479 126769 138682 144897 153918 167931 173996 179279 183847 194267 200569 204916 212613 221568 222502 230062 237273 242138 248165 251382 257997 260696 268146 272175 275958 280431 285923 291667 293262 298170 301799 305809 313758 317536 318025 323600 327026 332995 336326 341298 342965 346274 349627 353387 359279
37 33911 67010 83394 101193 104913 123161 134428 145198 155576 163136 167606 176362 181865 195506 198425 207200 213063 215745 223842 230472 235757 241947 247651 251055 260476 262048 268142 276289 278755 284202 288600 295907 298854 300589 305916 312469 317425 322049 326104 328447 331599 338868 342245 343283 350388 353190 356201 362147 364558 368145
38 40927 65378 85648 96433 118472 131416 141980 150280 159781 163533 172639 180170 189848 199491 203504 213613 221315 227112 232391 236823 243200 246268 253890 258176 263272 272754 274022 281303 289300 289699 297761 301616 307683 311415 316383 319923 323871 330753 333622 336810 340985 345696 348442 356310 357119 361779 364800 369832 375874 376488
39 38212 77216 94570 99584 111133 125529 136444 151850 162682 169280 181758 187849 193591 200234 211033 219511 224174 229140 239652 245173 252026 257164 259987 267143 272554 277969 281881 289652 292266 297015 302696 311414 314138 318752 322641 329452 334128 338020 341066 345409 352038 354020 358885 362007 365936 372118 377475 378923 384976 386867
40 28844 75472 89084 112570 121852 131939 139025 157987 164341 170270 185559 192997 198716 206611 216739 223428 232826 239332 241330 252602 257247 264000 270230 272118 282050 285433 292301 297617 301675 306725 313739 319500 323382 328682 333611 339128 340165 348069 352273 357144 361065 364417 370081 374892 377020 381492 384583 388144 394279 396303
41 32800 59697 92409 105650 121902 135734 147828 163589 170434 176252 191782 193527 201860 215552 218650 227541 237517 244904 247227 257485 261244 271840 277349 280123 286296 291648 300729 305718 310736 313643 322105 327692 332075 336000 338293 344400 350112 357336 358181 363770 367539 371542 378801 382862 384701 389565 395815 398692 404718 406210
42 31430 63972 92017 109523 128220 140559 153055 159379 170915 186321 191181 204208 211673 220810 228350 232939 243020 248475 258496 262021 271542 276690 284734 289891 291348 298880 305303 312498 314748 323373 328997 333682 337048 341520 351196 353200 358159 364215 367206 373871 378000 383743 389039 391029 396850 402061 406598 410054 413225 418064
43 46312 66058 99552 110134 128713 136250 157406 165871 182231 187433 198733 209953 210656 222439 230441 237086 243852 254682 264371 266877 275200 281970 286394 296170 303569 309002 312572 316452 321897 332521 337488 343139 344107 351655 355524 364766 368598 370699 378986 381321 388050 389856 395600 399044 406026 410644 412710 419906 421663 428190
44 46565 79687 104864 120338 137178 146989 155936 170638 177969 195985 205061 211200 220176 224357 240515 244507 255352 256864 266917 275624 282424 287047 297122 298423 307497 311997 323213 327970 330088 340368 342748 350236 354848 359940 365703 372418 374181 378809 387700 389593 396000 402594 404896 411629 415934 419825 425141 429039 431828 436643
45 57628 78460 102220 117346 135599 149790 163741 178871 181122 195323 204837 219534 220454 233133 244661 252000 260067 266071 276814 283464 287578 296044 302405 307321 311769 320102 329454 330681 339862 348452 354102 358647 364694 370861 373473 380669 382791 388671 394463 400677 402492 409376 415757 419636 424815 431437 435548 437959 441642 448106
46 64400 67606 101617 124795 133638 153395 168639 175525 190775 201142 205718 221183 231833 236531 247033 259564 266641 273536 283264 287270 295834 300095 307065 313476 324879 328377 332221 339653 348387 354290 361151 362555 373479 375964 382879 387930 390431 397308 401230 407613 412464 417157 421697 427676 432498 437556 443417 447124 451644 459540
47 43076 83019 107176 127854 135894 152442 165504 177856 188469 209137 216404 229291 233112 247632 250294 257773 269503 280586 286353 295316 303287 309630 315706 325490 331675 333534 345122 347800 353220 363939 364424 372458 377758 382177 388255 398365 401128 407466 414986 419960 420906 429735 433115 438790 444691 450710 451885 459928 462801 467550
48 51698 84240 96955 129155 149032 156571 170112 191279 193673 204099 221425 229197 239231 247747 257058 264828 273221 285912 294330 299760 304791 317817 319263 329771 337369 340496 352334 355070 361501 371434 374400 380262 384240 391487 396981 403543 411346 415360 421308 425119 430183 435717 444616 445651 453238 458193 461899 466860 473719 475854
49 66467 88200 108687 126264 147977 168035 180171 192789 203217 211553 227731 232943 247147 251385 265687 272115 282675 293673 301420 305377 313294 322359 330014 338207 345372 350067 357532 364318 367467 379299 385453 388678 396264 400963 405961 414854 420716 425595 431423 435522 440128 448557 454302 454619 463406 467944 473047 479099 481199 488921
50 63246 95394 100995 126491 148324 170294 173205 189737 208806 221585 229129 243721 251197 258650 271293 277849 283019 295466 306431 310805 321403 328938 331813 341760 349428 359444 364829 368239 374299 385227 393065 398246 400000 407554 416533 422019 425441 430116 440681 445646 451774 456618 462385 464866 472758 477284 483942 489183 493761 499900
51 56791 87149 115400 125754 146752 168532 181032 200138 207288 217334 235927 242880 252952 264807 271213 286691 294743 298775 314220 314716 323840 336755 344995 347848 359469 360913 371005 380147 385986 390142 398714 404157 412564 420309 425476 430701 433110 443084 449495 451573 457069 463623 470529 473614 479074 485117 492460 495094 504771 504977
52 71299 99753 121729 128220 158749 168017 182223 200857 214401 225467 238067 252615 258749 269799 280029 293420 298717 304455 312865 324573 333125 342411 345242 353294 364149 373243 380845 388019 392591 398742 403863 411950 421681 427413 433319 436057 443557 449492 454993 462654 466263 474655 479078 482228 489905 496048 502439 504909 513617 517393
53 49718 93015 128955 142608 152507 182984 194012 201121 219038 234401 245637 249044 262444 280249 286396 292990 307034 312296 319762 331324 335704 348029 356954 366122 373565 378347 388891 394343 402381 409028 414079 420407 429136 436148 438333 447089 449845 458993 464227 469162 477235 485174 487024 493213 497184 504364 511663 518642 522635 528514
54 69154 77880 125949 134459 161278 182645 191681 212461 223954 229103 244137 255803 269351 281837 285741 299103 308510 318005 326332 341355 347619 357380 365608 366723 381226 389100 389998 397991 410542 412809 422996 428067 435897 438831 449986 454371 460617 468028 470761 479476 486000 489348 495154 502635 511377 515127 523438 526327 534464 539568
55 56089 83048 111095 154000 168627 185375 204020 216954 227835 242499 248658 266282 276754 286634 296184 306425 316716 324267 334190 342593 353030 361664 367143 377862 388753 392316 401161 406107 417566 424748 432791 433629 441236 452072 457129 460557 470821 478215 482623 491320 492427 499017 509930 515359 521428 523859 529830 533698 540345 546136
56 66260 92358 129649 147738 173871 193666 200977 219188 228985 246400 251689 270196 279552 292918 302193 312799 318561 334316 342837 346296 360320 363440 374656 385221 391520 399606 406762 418167 423680 431600 436369 446317 453980 458653 465306 474780 480165 481730 492036 498872 502130 511902 517750 522573 526281 535847 539928 545016 551877 554937
57 48366 100035 134404 160007 176240 187668 207405 215095 236670 247671 261704 272410 280171 292427 307377 317158 329221 336058 345779 354502 360500 377407 378095 393259 398185 408655 414966 421646 432600 436934 444015 449542 456000 469619 475805 482720 484869 490333 500563 506370 511224 517540 523159 529456 540389 543387 552047 557785 563580 565766
58 36682 99787 137253 154763 180826 185600 208155 230253 238295 257823 260678 273524 286499 298911 307126 324800 335799 343133 350888 357912 367191 376062 386299 396951 409629 417116 424154 427315 438351 444297 455808 457870 465159 475034 479685 491599 495281 504567 506563 516558 520063 528278 535111 541485 547417 551580 556316 566265 571116 577675
59 74630 98018 130335 156545 175816 196036 211743 232732 248081 260937 263856 288075 293581 306118 312867 327649 335211 346647 362550 367888 380356 382546 397539 407741 412663 423651 430660 435962 444815 456402 461258 470375 474354 484088 488098 497982 507126 511500 519334 526259 528503 535179 541259 547143 558478 561710 566769 576391 578561 585023
60 44900 118794 120000 153206 178796 200440 219308 225779 248258 262084 275478 281936 299520 307350 327316 338562 346964 353338 361397 375659 387174 397452 398176 414478 422734 429493 432999 444486 452035 462584 471983 479550 481348 488475 498542 502283 513061 522379 525403 531940 542262 543588 554473 562466 567309 571734 577997 583081 589712 595302
61 75206 103520 142797 163680 174251 195200 226276 241856 252985 268677 279803 292800 309120 317669 332548 335445 348288 356524 374840 380554 389255 401118 408837 415159 426826 436992 444422 452224 460863 465842 476425 484940 493761 497814 505233 514140 523890 528275 533741 543140 551300 556272 564637 570538 575731 579981 591039 591794 599168 607678
62 76439 119581 133552 158797 176237 207492 228981 243621 248928 264210 290277 301960 309006 319285 336632 341169 360880 368470 375702 384800 394078 407883 415909 425412 431513 446400 448290 460806 465950 472503 485504 489761 498320 506279 514861 525064 529873 535789 544472 553296 560749 562118 569861 577499 585695 594424 598806 602135 610755 615270
63 87295 100009 140872 168577 198825 209327 227848 237402 255131 276627 285662 305274 313737 321485 342294 352800 365834 377369 380929 395046 399044 413503 420357 429141 439919 446901 459684 464323 479297 485059 493817 497979 505101 513827 523469 534276 536352 542532 552536 559673 564756 574234 582060 585460 597006 598069 605062 612365 618428 623795
64 72408 113769 155719 167382 193276 216089 231464 248860 256320 282471 288781 303444 323564 328838 343221 359085 372302 377329 384000 397831 411197 417327 432178 435012 451824 459554 467156 478247 482001 487409 503123 510237 513119 524956 531316 539274 549655 553813 558819 569132 575573 580533 589356 598734 602008 610789 616663 626939 627983 633955
65 80137 102362 148792 160801 191502 214795 240412 249044 273000 283328 290979 306535 326297 338000 352441 357913 377672 380347 390866 409035 414168 424844 434675 444098 456853 460171 472135 483628 493829 496048 504996 514117 525978 533317 539774 547082 556728 563816 573181 580650 583988 592321 600116 609061 614723 616918 627242 630734 639251 645696
66 64667 119531 139071 177097 196232 218100 235760 257654 274674 290400 295161 320898 325213 338085 353454 369600 378221 385973 404704 409626 425073 436399 445488 454395 461811 472811 484280 493193 497589 508157 512425 524191 529154 543128 550932 558159 564522 570662 581250 588696 594293 599547 608919 613623 625713 628492 638531 640166 648817 659472
67 87870 104657 146177 185192 195567 217311 241200 255656 278836 289266 304979 326586 329324 346591 357808 367463 387675 393422 411055 413667 423745 434829 449849 456977 470910 480348 487583 495981 501561 514811 523115 533313 539839 545629 555413 564870 571978 583016 587923 597466 601061 607155 618871 623208 630512 639701 648898 650556 658239 664753
68 82726 126121 158602 184980 200341 215465 243284 261954 285600 302581 310724 325265 338364 351764 364165 379827 385387 396971 416524 428778 434349 441738 456158 463997 477164 482369 498584 503935 509047 523556 532662 543149 544849 556438 568766 574751 579558 592342 596853 606231 608210 618165 623824 636300 644244 648536 656614 660546 668893 679047
69 89434 110400 154289 183597 216884 223798 251448 266165 284829 304227 314688 334917 346102 353183 377424 387139 400676 408443 414689 432449 443322 447809 460184 477049 483591 490240 504408 511345 520756 527478 538554 548886 557322 566305 574650 579928 587595 599625 606258 612198 618080 632245 638837 643145 647572 658073 668268 669975 680551 684179
70 68586 122049 168000 192977 220472 227042 258527 279299 281397 309270 322608 332187 351676 361298 376181 387474 397215 409605 421630 439609 446247 454515 474557 475176 488799 498329 505165 514583 529230 537133 545820 557017 563141 572633 582474 588000 594794 606379 614088 620123 628443 637730 648700 653517 656658 665111 672874 681557 690982 693954
71 68101 100409 158761 177358 208697 230723 251625 273142 289276 310782 321309 333927 352721 374353 376501 394034 403140 422912 426237 438134 459913 460352 475223 487579 496188 504050 518251 528080 534531 548863 553982 566756 573124 583238 590795 595893 608284 615370 623508 628821 636946 648087 657201 662853 669060 680267 681600 692750 702577 704869
72 83966 107760 151713 176363 212125 228139 267468 271699 303085 308510 322958 344699 355070 371620 393834 399843 415360 431760 437959 454000 461924 475418 478028 496121 508098 514384 526339 531046 543206 548525 562338 575280 580125 593028 596862 607195 613650 619702 631962 638815 645274 652941 660833 673575 677106 686836 691350 702360 709994 717981
73 63640 143793 165824 188674 230384 236322 263610 285728 296348 319870 333571 352220 366457 372515 396894 411399 413466 436293 440669 454949 467200 482905 489916 505126 514533 520096 529237 541579 554992 556335 573689 581989 591976 595207 606735 618048 626270 629665 639407 652769 654888 662332 669693 683710 686666 696376 703987 709115 721335 727074
74 83721 135644 150931 189532 230234 246321 276090 279638 301499 314304 341364 354892 363430 387636 399600 412811 421475 431490 447195 462130 471049 487502 499925 509258 514393 523887 539947 545195 562400 563762 574728 584553 599172 606619 613620 619128 630000 636744 649516 657060 666986 671894 680156 687683 694182 705294 712862 721870 730467 737925
75 100623 139911 165000 190919 213717 250549 276586 299249 301869 327948 346302 360000 376796 383601 401092 411339 436033 442436 460869 465967 478121 495681 500650 516793 523498 537075 541041 561048 566635 577062 582881 592453 608564 610225 620282 632495 642553 651767 661702 668468 674833 684434 693253 700518 707231 715140 721561 729315 739578 746090
;

param:	cost_bundl	marginal	:=
1 10 28
2 50 67
3 100 111
4 150 173
5 200 228
6 250 292
7 300 324
8 350 398
9 400 424
10 450 451
11 500 539
12 550 584
13 600 635
14 650 662
15 700 749
16 750 754
17 800 824
18 850 888
19 900 918
20 950 978
21 1000 1019
22 1050 1086
23 1100 1128
24 1150 1167
25 1200 1231
26 1250 1267
27 1300 1304
28 1350 1362
29 1400 1426
30 1450 1457
31 1500 1531
32 1550 1571
33 1600 1634
34 1650 1657
35 1700 1745
36 1750 1768
37 1800 1832
38 1850 1877
39 1900 1923
40 1950 1951
41 2000 2019
42 2050 2084
43 2100 2139
44 2150 2198
45 2200 2234
46 2250 2270
47 2300 2328
48 2350 2354
49 2400 2438
50 2450 2490
;