param num_bundles := 50;

param num_cust := 75;

param price_reserve :
   1 2 3 4 5 6 7 8 9 10 11 12 13 14 15 16 17 18 19 20 21 22 23 24 25 26 27 28 29 30 31 32 33 34 35 36 37 38 39 40 41 42 43 44 45 46 47 48 49 50  :=
1 1342 1709 2163 2538 3137 3298 3567 3955 4030 4377 4512 4874 4903 5115 5433 5561 5713 5872 6093 6190 6471 6536 6747 6791 6980 7091 7275 7454 7521 7710 7813 7970 8015 8207 8297 8417 8577 8637 8720 8877 8982 9150 9220 9317 9383 9587 9656 9749 9798 9906
2 1600 3899 4060 5367 5987 6812 7088 7725 8070 8532 9330 9658 10119 10245 10763 11100 11454 11710 12185 12426 12893 13127 13464 13758 14085 14165 14648 14757 15216 15347 15672 15905 16115 16434 16560 16771 17121 17233 17454 17785 17964 18300 18469 18577 18923 18991 19291 19399 19686 19940
3 1990 4911 7299 7542 8612 9841 10965 11321 12442 12938 13550 14500 15262 15484 16133 16671 17338 17819 18248 18879 19321 19608 19990 20453 21196 21298 21931 22305 22594 23153 23553 23842 24239 24379 25064 25264 25709 26043 26270 26665 27073 27179 27626 28091 28168 28725 28800 29351 29455 29729
4 2530 6974 8944 9992 12394 13339 14838 15758 16819 17691 18084 19514 20032 20785 21421 22486 22811 23759 24528 25184 25637 26412 26785 27446 28239 28689 29318 29665 30337 30672 31221 31779 32130 32917 33323 33495 34185 34549 35118 35454 35813 36222 37069 37515 37880 38082 38591 38979 39558 39711
5 6928 8660 11225 12369 15780 16155 18520 19774 20712 21541 22561 23749 24678 26077 26721 28125 28775 29983 30496 31097 32202 32450 33541 34220 34957 35539 36455 36810 37457 38639 39230 39408 40125 41110 41761 41952 42497 43463 43658 44508 45177 45332 46098 46368 47244 47624 48177 48888 49143 49689
6 6119 10111 12000 15784 16971 20365 22062 23607 24239 26318 27469 29123 30120 30712 32489 33342 34655 35578 36713 37871 38080 39253 39962 40871 41656 42697 43944 44254 45076 46290 46923 47714 48685 48936 50171 50486 51390 52293 52827 53356 53813 54491 55109 55771 56323 57425 57562 58320 58910 59772
7 7920 10754 15336 17653 21000 23759 24769 27612 29132 31148 32473 33483 34691 36184 37644 39300 39623 41008 42349 43939 44427 46221 47082 47764 48679 50381 51210 51686 52719 53476 54438 55331 56748 57656 58432 58566 59955 60783 61552 62390 63372 63480 64278 65247 66275 67010 67651 68069 68899 69818
8 9051 14489 18796 21938 24370 27341 28352 31394 32000 34539 35777 38765 39808 41105 42633 44628 46262 47193 48000 50266 51524 52533 54117 54635 55679 57556 58043 59048 60186 61220 62972 63980 64538 65639 66221 67219 68071 69687 69761 71483 72107 72831 73443 74602 75166 76365 77232 78056 78840 79212
9 6490 12980 21898 24416 28232 28800 32896 35410 37282 39023 40769 42252 45856 45997 47759 50848 51544 52848 55334 55887 57487 58604 61014 61569 62484 64600 65149 67109 67805 69177 70269 71072 72850 73426 75278 75428 76770 78067 79445 80257 81160 82112 83443 84024 84849 85552 87017 87592 88859 89422
10 13856 16248 22000 25612 30790 34409 36824 38575 41761 43635 45695 47707 49437 52802 54148 55749 57166 59833 61449 61935 63340 65909 67764 68440 69599 70795 73294 74297 75921 77253 77949 79145 80250 81609 82873 84404 85837 86186 87658 89129 90443 90929 92477 92930 94319 95121 96478 97673 98346 99338
11 7297 19179 26583 28853 33869 36217 39722 42432 45832 47133 50360 52432 55351 57115 60008 61008 62497 64329 67451 69116 70640 71424 73527 75892 77657 78030 79505 81933 83571 84779 85941 87393 88658 90173 91028 92138 93700 94753 96500 97869 98608 100360 101820 103119 104216 105302 105646 107079 108538 109956
12 10182 18898 27989 31749 37181 41500 41638 45347 48120 51530 54834 57899 60335 61329 64040 66467 68474 71317 72875 74284 76650 78506 81069 82093 84751 85999 86865 88994 90120 92579 94030 95940 96180 98400 99679 100800 102190 103507 105464 106144 108426 109483 110400 111877 113538 115000 115325 116666 117747 119784
13 8222 25208 26130 32474 38212 42085 47231 49057 52065 57495 58254 63634 64163 67148 69328 72754 73631 77826 78518 81807 82506 86193 87245 88400 90553 92108 94355 96935 98286 99414 102296 103348 105260 105708 108517 108921 111740 113242 113570 116159 117202 118207 119515 121312 122945 124312 125071 127320 127480 129635
14 16327 27147 33366 38289 40382 46685 48900 55790 57927 60573 65606 65845 71111 72205 75392 77343 80180 81825 85297 88278 89249 92273 93790 96183 98080 100605 101072 102917 104766 108263 108804 111860 112628 114081 115481 117733 119189 121566 122754 124056 126744 128159 129195 130643 132461 132875 134575 136943 137998 138593
15 16432 27331 33808 40472 45989 50289 53582 58404 62209 66543 69260 72436 75835 77595 81388 84267 87207 89297 90499 92855 96747 98133 99679 102484 103966 107415 110186 111727 113842 115451 117384 118453 121528 123657 124780 126071 128125 129730 131556 132578 134800 135963 137772 140456 141732 142965 145183 146602 147458 149399
16 18931 27897 38266 43759 49986 51400 56974 61885 65424 69742 72266 76800 78514 82953 85566 89428 92247 95893 98214 100533 101949 103791 106853 108659 111634 113814 116570 118486 121305 123190 124554 127318 129036 130496 133137 134019 136254 139264 140982 142427 144709 146503 147096 149135 150434 152025 154431 155916 156833 158650
17 22553 27622 39358 44461 49854 54400 62230 66278 70422 72205 76632 81883 85542 87082 90532 93670 96526 99766 102565 105400 108959 111113 114394 115949 120112 122258 123528 126898 128797 129780 133296 134074 136974 138109 141172 142921 144610 146516 148397 151138 152697 154952 156843 158493 159474 162490 164083 164926 167810 169387
18 25200 31794 41983 49492 51166 59263 64499 71367 75428 78708 82722 86550 90789 94906 98524 100090 104151 105327 110726 113100 114069 117428 120102 122241 126513 127990 130646 133783 134748 137838 139520 143820 145433 148170 148781 151157 153539 155677 157333 158972 162878 163790 166225 167197 170345 171256 173548 175405 176657 178881
19 22158 28437 39673 51124 57755 61976 66146 74076 78247 83600 88875 89280 96433 98361 102459 105583 110462 112726 114379 119322 122310 124010 126432 129144 132183 136589 137484 140240 142842 145297 149510 151095 152947 156355 158693 160097 161623 163621 167588 168747 171422 173307 176117 176281 179728 182162 183387 184721 186316 189848
20 26833 30725 45255 52915 62354 64125 72443 78282 84095 86070 89532 96830 101745 102372 106958 111140 116344 119666 121062 124900 127185 129985 132786 135647 140570 142660 145272 147946 149773 152944 156869 158392 162432 164098 166517 168048 169800 172928 174814 176771 181064 181725 184738 187232 189484 191750 192624 194566 196367 198434
21 25891 33071 46200 58950 62579 67593 77102 81657 87598 90080 97237 100537 106169 110883 114098 116470 119608 124663 126489 129589 132816 136678 141247 142738 145795 148552 154261 154318 158491 162068 165141 166894 170191 171636 173170 177397 178488 182881 185419 186794 189792 192422 194202 196235 197266 199356 201644 203732 206613 209243
22 17600 41973 46148 59522 68871 75316 82199 85546 92922 94061 100335 105692 109471 114822 119855 121778 127220 131633 132585 136613 139696 145400 148822 150953 153181 157788 159860 164398 167489 167605 172837 174231 177697 180454 182003 185636 187246 189660 192698 195837 197461 199267 203735 205202 206566 210373 212935 214113 217344 219339
23 27600 33803 46000 58004 65862 77657 80336 91885 92344 101721 103474 108564 114539 118712 125387 127645 131322 134977 141707 142229 147917 152495 154083 157881 160342 165152 168764 169265 173829 177622 180458 181802 184000 187305 192212 194455 196727 199133 201719 205564 205924 208933 211099 214085 215906 219840 222803 223373 227642 229540
24 32199 42933 52581 61657 72637 82163 88768 95760 99303 104724 108399 112877 121621 125811 128887 131453 136526 143680 144559 148955 152622 157598 162493 166138 167382 171461 175381 177405 182463 184971 186830 190131 193256 196507 198258 200913 205953 208178 211636 213317 214984 218334 222152 223857 225140 229599 232441 235004 237491 239568
25 25495 41533 59372 63246 74498 80156 90416 96437 104043 108628 115000 121861 124399 127574 133697 139553 141863 145774 151327 154596 158981 165378 166883 170660 174571 178536 180416 184323 187883 193003 194679 198431 200686 203531 207183 209702 215000 216737 219203 222149 225056 229020 231463 234307 235744 238642 240000 243772 245000 248546
26 29416 50147 57200 71865 80222 87013 91260 98526 105804 112373 121172 124257 130623 133692 138265 143543 148996 155653 156000 160696 168098 169459 175572 179306 181554 183995 189140 194288 196640 198896 203399 204724 208325 214212 216285 219080 220801 225527 227912 230331 234000 238124 238464 242345 244234 248732 251918 253363 256966 259740
27 34996 46765 64348 75019 77880 91482 99131 101600 111062 115312 123376 130497 137355 139253 147786 152353 154255 157713 163344 169133 173221 176639 180638 183441 190842 192894 196933 199654 202122 209002 211774 213009 216876 220344 223954 228912 231634 234450 235628 240649 242459 244912 248165 252071 255974 256997 259144 263993 264545 267504
28 24410 41907 58733 75340 83813 89249 101575 108444 113253 122049 130132 132757 139439 148056 150472 157797 160360 165461 168559 174501 177441 184205 188496 190153 196240 200899 202686 207351 211173 216308 219546 220828 225048 228161 232248 235533 237852 241515 245507 250377 251626 253922 258693 260686 264804 267572 268800 274171 275540 279944
29 30691 46761 68627 77382 89853 94595 103266 109280 121108 125607 133526 139441 143132 148099 158522 163329 164663 170287 178297 182124 187224 191136 194105 199827 201503 207912 212077 213421 217867 222527 227904 231710 235383 238224 240473 244496 247164 251482 253812 257039 262222 265283 267932 269247 274015 275607 280327 282478 284614 288605
30 28775 56285 68935 79825 92758 96747 108499 117576 122670 129800 139943 144250 150240 154958 163218 169387 174413 177076 183859 189071 190966 197180 201336 203470 210599 213401 220127 220617 224900 230591 235992 237512 242611 247241 248185 253779 255898 259669 262838 265631 270400 273576 277366 279048 283655 285300 288874 293510 294489 299219
31 36152 53334 62309 87462 95850 99972 111944 118613 126456 137243 141924 145799 155619 158191 164154 174153 175472 184964 188055 191599 196551 201857 207214 213248 215578 222855 225172 230570 235600 237631 241243 246523 250468 253897 258027 260990 263482 269111 272165 276231 280511 282287 286478 289415 293307 294810 299146 300748 304811 306947
32 23076 45255 70979 89142 100990 101193 113047 127519 128320 138305 146503 154398 162035 165536 174803 179086 186151 190501 193170 201066 205698 211588 214758 219101 222992 226817 234366 236454 242441 244460 248943 252374 259575 259969 264963 269865 273183 276832 281018 285859 286717 291323 293913 300118 301208 303579 309789 312357 313535 316784
33 45726 56775 73790 90735 99876 113742 114696 125747 132000 143844 149195 155065 167489 169942 179054 181710 190830 194560 199425 207979 211715 216798 222646 225368 232222 237783 239062 243575 249930 255532 258498 261763 266218 271163 274119 277749 280481 286169 287687 292418 296045 301585 305816 309286 310340 314800 319334 321509 323602 327881
34 34673 61577 70010 90212 106002 111321 118562 133772 141825 146319 154616 164189 166843 175751 184730 188570 196378 198369 207037 214927 215357 225223 226247 231799 239839 240609 245460 251232 254887 263187 263363 269180 272425 278966 283161 286166 290814 294684 297883 303953 304333 309979 312504 316328 321835 325407 326258 331740 335964 338091
35 38974 62217 76039 89370 99980 114809 121647 134283 143457 148822 161608 168728 177088 179561 186652 194242 202275 205161 210466 217451 223781 229830 236347 240967 246595 248278 252583 261354 264615 270476 273538 276478 283996 286402 289465 294333 298055 303351 308080 311166 313831 320016 322456 324652 329670 333071 336947 341999 344994 348175
36 29686 58935 83656 88182 106063 115200 125949 142916 151028 154591 163235 174887 180431 189129 194800 198098 206930 210531 216719 225970 230512 237927 241173 247223 253947 257595 260894 264741 271030 274546 282732 286556 288270 296164 299645 301456 308930 310770 314336 320703 325437 327343 331122 337326 338783 345225 346424 350219 353974 358991
37 29600 55869 83394 95055 106724 127958 128598 146138 148738 159057 171960 179440 187499 194100 196205 204540 211127 219769 227482 232365 236221 244200 248424 253011 257197 266503 271389 276784 278755 285740 287745 292277 296554 301317 307701 310888 317511 321709 323406 329944 331186 338868 342005 343204 348351 353035 356738 361087 364558 368443
38 52103 61743 90245 93081 109609 123017 136800 142791 154637 164237 171968 179849 189696 195100 204636 212528 215229 223393 231644 240093 245210 249530 257392 259738 264912 272754 276957 282327 285380 290892 296984 302476 308339 312803 315835 319290 324850 326888 333449 336037 343685 347529 351905 355579 357927 361220 365117 369128 372400 379163
39 54040 64320 93924 96481 113302 131910 136221 148815 159852 169280 179569 183424 194218 199930 207984 213896 225257 227675 239143 246534 252026 255859 263127 269411 272777 275992 282958 290072 294753 298344 305696 308569 314428 319229 323864 327228 333946 339098 342490 344439 351520 353934 359985 363935 369163 371709 377394 380845 382280 387967
40 34871 69282 83522 102762 124451 130476 149238 152210 164536 174539 181373 192499 201276 204274 217182 220980 229504 233238 244884 246577 253235 265209 268567 272588 278970 286440 291204 294808 301675 307142 314554 315163 320200 328682 332842 337994 341947 344372 350360 357323 359288 363890 369129 374208 377359 381827 386823 390692 394198 397512
41 27196 72420 96677 113326 129394 133234 146915 153408 167449 182438 191255 193527 206308 213200 222460 225015 235812 243804 248312 254860 264569 267602 274792 283345 284529 293716 300393 304506 308673 312999 318958 326459 330349 334194 341262 345472 350784 353932 358838 364324 368544 372897 379865 380218 386010 389047 393942 398523 403470 409015
42 26563 70279 98319 117300 129043 141559 156700 164391 177794 186321 188767 201074 213499 220810 225239 231724 242729 250314 253813 262290 270762 274257 279482 290013 295675 301582 303099 308978 317315 321183 327708 331028 340899 342036 351297 352500 357370 365472 367782 371124 379862 381992 388404 391119 396049 399773 403637 409624 413055 419580
43 42131 73980 93023 120092 134611 135978 152635 162492 172000 184850 199661 205862 215687 222937 234419 239414 250583 257570 263109 269634 277075 279202 286523 296295 300631 307202 315281 319128 324871 330849 336611 340977 345502 352180 358528 362120 367795 371596 377813 380835 384988 392974 395226 399692 406299 411364 414766 417432 421312 428190
44 54247 70400 89310 121618 138023 149341 154690 167663 176439 194597 204683 214294 215914 225733 235965 248746 255352 257014 264732 275062 283518 289733 296992 298812 310504 314100 318750 325957 334978 337282 346121 350567 355067 358215 363366 370751 376862 379320 387899 392464 394825 400473 405851 408892 415748 419641 422033 429490 432545 437263
45 42214 78460 102616 113128 134399 148432 165708 173352 184445 191554 205429 212408 225898 232959 245817 247786 255511 269098 272984 280014 291216 296044 299850 308767 317050 321616 330191 331904 337350 344830 352267 359212 365138 368231 376066 379177 385847 387627 395898 397633 407095 409673 416633 418185 423574 430780 432936 436662 443016 446930
46 40102 76421 92915 123773 141632 159083 163801 179105 192322 200087 208984 223846 228893 237424 244450 259727 262482 269483 276153 289179 296976 298681 310355 316966 318963 328506 332221 342260 347414 354886 360800 364185 369950 374385 380106 384974 395600 400174 404068 410716 411848 419585 426388 430143 433475 438716 443035 448258 454540 457509
47 32563 85121 111222 127161 147433 162541 164701 184441 191031 207653 211448 224422 231591 246918 252928 258115 269011 279482 288811 295615 300800 309487 314584 324266 330206 332606 341519 350583 351967 358188 366479 375177 379043 385400 389165 398476 402667 408441 414560 417110 423626 426225 432911 436670 440899 450023 453836 455876 463373 469624
48 30358 69889 98838 125903 138453 161497 171998 186892 199763 204099 220382 234366 235347 253811 254898 267941 277239 285590 295736 299606 309442 317526 323279 327527 338187 342789 347992 352988 361501 367694 373907 378196 384839 390780 400218 401597 410000 414916 422509 425985 431360 435400 444097 448845 453238 455671 460700 470204 470596 478558
49 57978 80216 112593 125883 152767 165443 178833 191790 205099 218256 220881 232943 243032 255928 260761 276492 280800 286891 300622 306162 310986 321763 328848 336926 345789 351026 358739 362335 372658 376249 382326 391755 394077 398801 407143 415548 419687 424692 427397 434639 440019 446519 452076 457881 462161 465474 470808 475275 484580 485965
50 42426 87750 119164 127671 150665 158430 177764 197484 206640 213776 227156 238328 253969 255539 265141 281957 285307 294279 304631 312570 321092 326037 338231 339116 347707 359026 366060 373095 376829 380920 393573 393700 404846 410244 415452 422493 429535 433359 436119 441928 450999 455082 460435 467119 472652 476130 481456 486929 494571 497092
51 35334 82235 121118 140227 159655 169455 183883 201692 216134 220188 228079 243308 255815 264020 272361 285782 291905 298077 308708 317841 322875 338142 339524 353191 357728 361489 372405 376710 388136 393461 398975 406595 409908 416330 426575 432389 434549 443201 446825 454787 457638 463736 468867 475368 480809 488430 490873 497400 504256 505389
52 49877 93020 120389 131551 153554 168339 186331 198964 213137 229979 237612 251972 263102 270800 281953 292312 297447 304455 319197 323070 333936 337159 351914 353753 361465 374111 377278 383956 392729 399690 408125 413523 422194 427666 433195 435312 441235 447563 455349 464171 465102 475679 480205 486026 492986 497790 499417 505444 511718 517289
53 39662 104935 124972 139421 152875 169268 186331 199719 220317 227838 238677 248592 262015 274169 288351 295282 302982 317823 321164 330135 336706 351402 357583 364122 374617 381158 384679 390621 402800 408203 413128 423867 427037 434988 440889 448218 450344 460948 467963 473809 476529 484943 488521 495373 502019 504698 509021 518209 523816 527769
54 67446 93531 130943 149259 168701 179748 200601 210808 222123 234636 242940 259650 264765 285128 292399 300271 312081 315981 329887 340671 345262 354924 359171 367041 381685 387297 395050 403810 408691 413937 420646 426019 435897 444246 448558 453085 458841 467903 472122 479355 483956 492200 499609 501474 511491 513767 519412 524106 530850 534791
55 69570 102601 125419 149211 157111 179741 190843 213014 232045 237712 247683 268093 269444 283023 295980 302850 320514 320702 336535 340290 350277 364497 365160 378822 386725 395082 403117 410405 411582 423464 432931 433350 444242 449118 458187 465392 469405 477962 485498 486494 496099 502280 507909 510879 520615 527197 529716 533925 541911 549670
56 73443 108588 117467 157995 159182 184035 198465 210131 233057 243326 250940 271586 282453 286422 298853 312999 318758 328830 343933 352933 359274 371124 372305 386035 391680 396296 404132 415156 424567 433340 439662 440944 452180 460291 465441 474912 476625 482771 488967 500629 504124 509200 517023 519323 526281 531263 542825 544325 553692 555502
57 67443 112277 114000 160007 167545 181328 198766 226284 237766 243437 260958 279009 280171 298149 304830 318589 332169 335671 348773 359597 360500 377751 380664 392763 397858 407699 411033 421800 429887 436636 442696 448818 458558 467539 476214 479884 484466 491392 500952 508036 511986 517289 525761 529947 540028 541950 548978 553223 563118 569544
58 51877 111263 133274 148552 168500 196174 207831 222829 237163 247980 259643 279365 290927 302268 310178 318736 333991 347420 348386 363693 369929 382272 387516 401166 402171 410286 418244 427157 436505 443387 451060 458457 468186 475175 479825 486094 498665 499474 506031 516819 519027 530058 531705 543222 545077 550969 558369 564242 568637 579071
59 71777 110063 121488 160931 180119 193894 214033 227896 240384 250871 272168 282708 289281 311976 312867 324875 343824 349049 361589 365610 381635 382364 394551 403450 411818 423322 430012 434682 448710 453188 462614 470227 473767 482359 490091 494897 503129 509864 517723 525464 529293 537386 545359 550568 559101 564060 569342 574334 581202 587991
60 84000 97488 135765 159650 169706 205056 221594 239399 252856 268060 271529 285993 301675 306411 326656 338349 342999 350885 365163 371419 385684 397452 405167 413086 422393 432000 435321 442375 455210 457261 465841 479400 481498 494045 500128 507417 515860 519477 527454 536254 543058 547679 550694 558097 563489 572992 580855 581969 590810 599520
61 75206 98360 141225 165938 172534 201577 211662 236252 257359 271981 277131 295834 301565 316495 331652 344637 351479 358605 367015 382115 386376 401118 406646 418017 430817 432713 446427 450244 456482 472031 472504 482479 488914 500943 504349 514429 520184 529823 533881 539152 547099 558275 561730 567398 572621 578954 586108 592297 601276 607922
62 39212 99200 143004 172712 188464 208969 230653 235926 256233 275325 287348 295266 306508 317837 334110 345201 351163 371379 374677 384800 396800 406183 417753 428473 436649 445193 452048 460473 470710 478968 483123 495845 500475 509759 513216 525356 527255 539079 544613 549671 556482 567563 571612 578298 583986 590792 596490 605318 613518 615270
63 51951 106169 132749 177298 197221 214570 233355 243672 259756 274611 294150 298968 318010 329533 335501 353025 362346 374201 386103 397649 401622 412734 422617 433008 439196 446367 459339 463639 472290 479794 493496 498616 506043 518134 521798 530099 537830 546904 552679 562925 563771 573819 582060 590186 597405 600453 610548 611457 620734 626842
64 58657 97482 140217 175971 186371 213802 224639 252455 263257 282471 288213 310647 320256 329336 344888 351476 368320 377112 386975 398448 413581 416541 430849 436140 450553 455795 469605 471520 486063 488752 499856 505883 516143 519938 528378 535462 544113 552331 564508 565812 576569 585591 589773 594753 607022 610118 620239 625107 629026 637949
65 81185 100698 138802 179193 187489 214007 228889 248705 272380 286295 295017 311186 318699 337750 352441 356020 378789 379235 392376 408001 418228 421649 432531 444098 456483 465102 473029 481000 491943 496219 511645 513623 520162 529820 536476 545071 557789 562917 569335 575241 583119 588887 601663 609615 613897 621558 625893 632340 638458 646611
66 73494 107237 133313 175118 205344 216496 237966 256298 278454 290100 308722 319811 335758 344720 353454 371715 378911 390684 401679 415118 425278 434398 440967 448412 460678 471334 475933 491246 496538 509185 518510 524357 535536 540072 549348 552353 560029 571119 581999 586769 597072 600854 611632 615749 619979 629738 634150 642340 650025 654033
67 90883 120600 134668 171604 196483 230153 240081 266657 277221 290814 304979 327958 331498 344513 365258 371352 384652 391592 410180 413233 428591 441794 451443 455008 470147 477349 484628 496705 502098 514113 522428 532808 541665 549890 558958 567249 573702 578843 591424 598217 600763 613626 617273 622343 632787 637874 649313 650556 657556 668256
68 92240 97123 162632 190400 201721 227165 249292 267889 280371 289779 311021 323268 345129 348064 364926 379096 392048 402523 417411 424006 432856 443827 459994 463798 471902 481985 498770 505949 513389 524791 528654 541956 548402 552769 563211 572655 577480 586222 593901 603325 608210 620554 626929 631778 644961 648393 657599 663340 670274 675497
69 90493 97581 153670 172362 201404 224223 252204 262563 283488 307031 315293 337748 350748 359330 367453 381939 401388 405870 420164 427355 443751 456236 459148 475450 484575 495072 505540 514501 524582 531076 542430 549233 552517 568821 573821 581241 592436 595642 605473 610952 617926 629074 633749 643441 653864 659663 665412 670970 682507 684736
70 48497 137171 162665 174860 211858 230894 260038 279650 288278 307682 314611 337745 353067 361298 373042 395485 407686 415779 421630 431963 452570 460087 473730 475382 490000 502442 508067 514393 529044 538955 544202 552601 567648 570060 578930 593144 594794 605733 616954 618540 630156 636192 647793 651865 659636 670686 673893 681845 692540 693954
71 94192 123793 144114 189983 203313 233762 251224 275348 294800 314971 321623 346084 353862 373274 378637 400128 411310 423389 435364 439283 453512 465362 477973 484468 496797 508233 512775 525208 539600 548863 551062 564617 575231 583929 590966 600108 606790 616025 625284 633454 639946 643246 653971 662548 671016 676552 681304 693041 701572 708863
72 95519 133540 153750 182147 206177 233529 264741 284012 300336 307500 323920 350071 366281 374953 389599 401138 412856 420815 434632 451710 456732 469051 481916 491291 501112 519000 521192 529286 539183 554914 561231 570393 578335 587760 601362 609751 618027 620705 629660 643021 651192 656741 660519 671880 679704 688043 697620 703982 710870 719856
73 88808 142303 169007 197505 213080 250763 261581 290903 296707 315171 327769 350400 360593 375932 396894 408800 416036 435560 449528 451893 463076 480914 487080 497687 510583 523975 533250 542759 550170 565267 571269 579236 592695 597709 609889 614242 625930 630510 640240 645214 655213 667940 669693 683866 686821 693154 707460 714058 721630 723105
74 75465 142726 149473 200757 221506 252035 275693 291526 305110 315348 343921 361617 367028 380219 402059 409348 423808 438540 446460 458083 468719 484121 495524 504938 514393 528880 534647 547000 554753 570520 576630 587170 594769 609861 617357 619836 628956 643077 652376 657393 663364 676119 679673 686248 696544 702805 711940 722022 730617 736885
75 73485 106066 169706 201804 221980 259374 277399 294703 305205 329317 341724 352739 372592 394018 405000 417852 433445 438862 453238 471010 474342 494545 501772 512421 530118 538749 541872 551135 568815 579202 584038 599062 600750 615549 620464 628749 636926 649519 653835 667289 675500 681469 691303 702442 710246 718905 721873 728697 741401 749850
;

param:	cost_bundl	marginal	:=
1 10 12
2 50 68
3 100 140
4 150 151
5 200 201
6 250 264
7 300 338
8 350 374
9 400 425
10 450 491
11 500 508
12 550 564
13 600 610
14 650 651
15 700 735
16 750 766
17 800 833
18 850 893
19 900 905
20 950 956
21 1000 1030
22 1050 1075
23 1100 1148
24 1150 1169
25 1200 1200
26 1250 1264
27 1300 1313
28 1350 1373
29 1400 1441
30 1450 1461
31 1500 1531
32 1550 1591
33 1600 1627
34 1650 1663
35 1700 1728
36 1750 1789
37 1800 1811
38 1850 1887
39 1900 1905
40 1950 1984
41 2000 2001
42 2050 2091
43 2100 2102
44 2150 2166
45 2200 2219
46 2250 2268
47 2300 2315
48 2350 2396
49 2400 2419
50 2450 2452
;