param num_bundles := 50;

param num_cust := 75;

param price_reserve :
   1 2 3 4 5 6 7 8 9 10 11 12 13 14 15 16 17 18 19 20 21 22 23 24 25 26 27 28 29 30 31 32 33 34 35 36 37 38 39 40 41 42 43 44 45 46 47 48 49 50  :=
1 800 1587 2433 2569 2905 3365 3487 3960 4079 4450 4494 4841 5083 5181 5374 5477 5790 5858 6158 6187 6366 6515 6672 6893 6931 7085 7272 7354 7566 7647 7861 7927 8072 8224 8331 8402 8499 8612 8736 8938 8998 9091 9183 9332 9474 9510 9617 9778 9871 9918
2 2117 3878 4883 5012 6000 6847 7200 7642 8400 8485 9095 9683 10103 10575 10688 11157 11356 11913 12086 12490 12931 13200 13440 13787 13885 14142 14500 14789 15052 15367 15543 15915 16105 16488 16536 16885 17004 17408 17550 17677 17889 18295 18456 18753 18868 18986 19237 19547 19775 19920
3 2078 4368 6378 7777 8485 9895 11063 11940 12369 12841 13735 14325 14988 15761 16122 16693 17452 17718 18238 18610 19294 19736 20338 20759 21111 21416 21955 22045 22522 22879 23599 23721 24112 24680 24819 25378 25744 26098 26325 26772 26873 27279 27665 28123 28327 28562 28900 29197 29620 29976
4 4233 7332 8429 11200 12159 13553 14533 15388 16060 17307 18067 19366 20112 20661 21850 22457 22867 23664 24593 24684 25799 26521 26785 27364 28216 28800 29328 29394 30157 30974 31056 31799 32328 32624 33062 33809 34195 34428 35218 35652 36195 36363 36696 37232 37930 38199 38500 38814 39566 39703
5 4123 9644 11662 13416 15460 16401 17833 19105 20248 21954 22804 23601 24860 25884 26944 27495 28671 29445 30627 31512 32342 32542 33823 34015 35327 35440 36579 37269 37683 38288 38730 39900 40596 41183 41593 42344 42872 43174 43943 44508 45255 45607 45848 46744 47329 47927 48000 48487 49071 49790
6 3795 11063 13254 15036 17390 19754 20923 23970 25371 26427 27073 28725 29904 31269 32511 33621 34883 35354 36733 37700 38287 39161 40659 41029 41569 43150 44058 44594 45378 46212 46892 47744 48656 48995 50099 50228 51460 52141 52581 53625 53759 54939 55226 56170 56413 57425 57612 58505 59008 59397
7 8743 10192 15336 18307 21186 22919 25278 26378 28313 29863 32017 33919 35500 36075 37461 39250 40382 41247 42070 43151 45170 46306 47456 48417 48880 50381 50517 51477 52551 54149 54958 55313 56748 57673 58231 59199 59463 60281 61616 61996 62829 63511 64688 65292 65815 66922 67258 68069 68771 69452
8 9600 13948 17527 20800 23020 26242 29021 30061 32160 34539 36696 39126 39614 41876 43759 43905 46317 47625 48478 49934 50924 51969 53403 54588 55748 57266 57866 58831 60610 61823 62009 63397 64597 65110 66086 67788 68108 69485 69816 71285 72213 73146 73878 74653 75421 76231 77199 78056 78628 79631
9 6735 15167 19470 25264 28346 28631 32400 35638 36580 38773 41439 42596 44639 46557 49064 49720 52013 53759 55128 56263 58271 58714 60105 62120 62587 64197 65521 67181 67972 69644 70108 71117 72292 74041 74629 76155 76748 77901 78522 79527 80559 81618 82663 84351 84657 86062 86606 87887 88402 89440
10 10770 19183 22361 24576 28636 31875 35327 39446 41617 42755 46217 46989 50596 52345 52915 56249 57966 59363 60992 63056 63340 64838 67052 68498 69340 71470 72415 73512 75339 76368 77589 79373 80225 81731 82753 84688 85650 86510 87727 88769 90311 91499 92715 93766 94446 95541 96250 97488 98184 99840
11 8800 16755 25276 30957 34295 35948 38984 41217 45937 48149 49634 52015 55525 56390 59522 61835 63572 65890 66874 69011 70743 72700 73921 75476 76559 78802 79990 81102 82786 85007 86138 87642 88548 89689 91796 92295 93700 94830 96875 97398 98878 99876 101582 102365 103867 104656 106399 106989 107935 109824
12 14988 17472 27885 29394 36319 39436 43466 45852 50628 51306 53666 56591 59276 63134 65551 66381 69310 71438 73778 73973 77472 78433 79707 81671 83311 85428 86865 88638 91168 92766 94060 95790 96180 98224 99013 101398 102977 103618 104971 106901 107599 108797 110087 111542 112877 114322 115873 117208 118381 119205
13 14241 25870 29872 36120 38913 44883 48223 50949 53030 55824 59969 62562 64687 68593 69474 73170 75668 77435 79842 82096 82915 85524 87940 88170 90665 92327 93780 96305 98217 99448 101998 103381 105580 106251 108049 109169 111467 111951 114636 115547 117404 118179 120220 120865 121979 123329 125529 126975 128615 128798
14 16565 19996 29764 36184 43377 45838 50322 55082 58933 60053 62735 67954 70669 73603 75962 77798 79245 83344 85389 86574 89906 92103 94787 95570 97318 99862 102344 102879 104916 106621 108480 111439 113530 115413 116057 118397 119714 121985 122881 125032 125345 128129 128617 129951 132254 133434 135475 135851 137571 138904
15 16432 29698 32450 41243 44396 48094 54249 59699 60448 63640 69843 70675 76131 77942 81056 82158 85223 87875 91439 94773 97165 97396 99815 102000 104914 106911 109859 110512 112650 115918 116653 118756 120337 123183 124238 126961 128195 130111 130905 134030 134967 136722 139040 140424 141859 142302 144187 146386 147031 148523
16 20738 25600 35054 40096 47464 52776 58831 62951 65502 68183 71626 77133 79936 84361 86044 89942 91242 95412 96850 98890 102100 104675 107284 109597 111450 113814 117445 119004 119861 123563 124101 127519 129472 131784 132211 134438 137041 139411 139888 142247 144213 145872 146817 149101 151553 152798 154928 155784 156996 158392
17 18623 27200 35005 43806 52121 55139 60726 67231 71319 74645 78200 80099 83491 89246 91421 95139 98424 100113 104685 106762 109277 111994 114545 115650 118074 121690 122965 125063 128886 131638 133122 133858 137311 139359 141825 143567 144410 147656 149561 150371 153151 155436 157284 158127 160846 162063 164611 165241 166669 169966
18 15274 28800 38606 45821 54715 57937 65496 67350 72894 77963 80900 87961 88913 92275 98129 100543 102268 106489 108060 111774 115369 117649 120102 123507 126103 127990 131634 133540 136373 137462 140446 142871 145522 146543 148781 152183 154423 155093 157867 159704 161960 163156 166342 167661 170611 171142 173698 175110 176620 178445
19 22800 30871 45916 47310 58624 63130 68821 72000 77598 84031 85225 92067 95379 98654 100682 104067 110592 113619 114063 118289 122133 123952 127172 130976 133054 135261 138687 140651 144350 147124 147712 151524 153465 156170 156816 159555 161757 165114 166594 167803 170238 173182 175624 177302 178357 181408 182835 185812 187975 189886
20 25612 28566 45078 51381 63119 68235 72333 77872 83235 88724 90421 96000 98955 105679 105830 112071 113561 119264 123093 126048 128062 132363 134996 136352 139140 142717 144665 148108 152105 154868 157022 157835 160300 162579 166469 168523 170035 172881 175864 177989 181019 181461 185343 187190 187617 189821 193287 195918 196408 199519
21 25548 34888 47703 53126 60573 67069 76065 82624 88699 92781 97055 101324 106997 108552 113088 115710 121219 125368 128427 130064 133544 136678 140684 143785 146158 148611 152246 154603 157150 159986 163369 167790 168733 172149 175347 176350 179473 182688 184226 186179 189187 190441 193428 196594 198647 199710 201644 204338 206399 209622
22 24890 31422 52062 58373 64216 74411 81726 86110 90708 94677 99852 106966 109028 113465 118800 120499 127827 129781 133023 136471 140042 143860 148235 150374 155190 158033 159132 162859 166852 169329 171431 173563 177260 180882 183169 184275 187349 190526 191892 195738 197902 200767 203211 206238 206566 209544 211475 214655 217656 219912
23 29093 44835 51635 63573 69306 77929 82159 86793 95166 98444 104593 109244 116735 119953 122829 130026 130351 137462 138077 143340 146984 150470 153326 158082 162374 163024 167443 170573 172914 177145 179577 182151 184975 188600 189830 192981 195703 200351 202348 203703 207306 210648 212697 213640 217323 218294 221326 223657 227595 228893
24 27153 45537 50798 65814 69889 80463 83828 93199 98136 103840 110504 112672 121621 124152 127900 132240 138203 143278 147634 149957 153525 157890 160639 165165 166692 169706 173532 178506 182526 185841 186522 190917 192360 195802 199648 201543 203986 206456 211908 212830 216160 219282 221373 223806 227583 228290 230700 234071 237200 237782
25 30414 39051 55000 68007 76322 85878 93005 98742 103078 107471 115000 121244 125599 129615 136015 136931 145516 147054 151658 157401 158114 165529 168671 170294 175143 177130 182757 185674 189868 192354 196723 199123 201556 205244 207425 211837 214534 217486 219032 223215 224109 228747 230163 233880 235266 239322 240052 244591 247285 249449
26 31630 50683 62183 68593 80390 89010 96586 99210 105804 115693 116392 125879 129792 135300 139240 146064 147995 155044 156346 161116 166806 171521 174258 177715 180283 186404 187849 192400 195260 198419 203930 205975 209425 211353 216222 220065 222691 226065 228977 229626 234635 236128 240777 242400 244842 247588 251166 254481 254959 259792
27 20205 52909 60615 66576 78067 91800 93842 103167 113271 115817 122902 130497 135324 137674 143075 148279 156134 160190 162360 169907 174897 178609 182325 185103 188459 194025 197155 200310 204844 207321 210808 215932 218216 221202 224733 227057 229802 232451 236555 240467 241857 245091 249220 252186 255974 256372 260826 263330 265040 267777
28 35857 55437 61089 69719 88011 96509 101111 111439 113943 122178 127822 134982 140336 146673 150264 154483 160066 167813 169302 174591 178586 183523 189409 191713 196320 198622 204381 207578 211840 216453 219617 221466 227266 229737 233057 236795 238904 242616 245252 248491 253427 253551 256685 262544 264507 266809 269732 273484 275256 279664
29 36221 54717 68627 81819 88533 100124 101459 115855 122351 126939 132133 138473 143718 149005 156062 163226 166390 171272 177730 179238 186864 191927 195659 197200 204650 205225 212473 215148 218021 222375 226868 230472 232868 236381 240752 244771 246551 250678 254870 257823 262350 262798 266863 271301 273401 275118 280267 281165 286792 287612
30 22450 56285 68935 76131 90000 99136 108333 115100 123693 127844 139685 146110 151076 154609 162444 169174 170974 177381 183467 188595 190116 197818 199539 203470 211452 213063 216583 222567 227447 228709 233538 238193 243573 244679 250855 254346 256250 258905 264817 267589 268395 274693 276782 279371 283782 285993 287937 291355 295344 298315
31 33959 60747 73359 83412 97243 100929 112287 122754 124773 138220 140564 148412 154503 159160 166363 173268 176782 183817 187646 193992 200712 201667 208324 211437 217884 220253 225854 230570 234865 238277 243858 247922 251157 255557 258251 261578 266023 269254 271741 276648 277272 281674 284863 288350 290872 294745 297923 302469 306634 308508
32 29328 63679 65267 82953 95358 108988 119390 126228 132095 139925 147061 150502 158586 166400 170533 180112 184160 191680 193699 198503 206096 209643 215044 218914 224000 227987 231641 238867 242356 247540 248449 255038 257675 262556 266428 269713 272808 278823 281236 285572 289065 290055 295511 299845 302565 306733 310119 310515 314122 316978
33 23797 59400 72899 90735 103937 111225 121519 125052 138128 142168 149049 156045 162473 172991 178078 181590 187839 192535 201489 206402 211818 215892 222842 224011 232785 235390 241870 246331 249407 253821 258160 261680 267524 268256 274516 279936 282492 284566 290325 294866 295382 302378 304102 308440 309989 313274 318582 323063 323938 329670
34 30411 48562 83005 89440 102226 111113 121261 128122 143607 151138 156990 165451 171759 174032 181447 189548 195315 203319 207595 210031 216000 224503 225530 235461 238485 240705 246494 250125 255882 259293 264764 267803 272594 279214 280948 284464 290496 294841 299663 303649 305924 310575 313759 316109 319672 325549 328729 331879 335275 338637
35 28000 65292 82231 92071 103116 112437 130771 132261 143115 153522 158855 164612 172604 180242 190678 197742 198484 207417 210931 218687 225960 227365 233322 240254 243596 248179 256624 259284 262103 267378 271380 277627 281222 285802 289465 295745 298876 301081 306085 312971 314143 320245 322988 327657 329818 332334 338832 342142 344354 348738
36 28800 56234 78543 97133 108240 123454 126564 135467 144000 156092 165913 171293 178989 184269 192659 203137 206679 214192 218268 223664 232862 236835 243845 248374 253334 257192 263071 264937 271508 275017 279505 283464 290509 295726 300077 301628 307753 310770 315817 319489 324240 326550 331747 334316 340614 343871 348215 349775 354851 356382
37 33911 53362 89720 102002 113440 117937 130710 145763 148185 165138 170521 175428 187645 192258 202387 203601 214600 220142 223353 228443 234126 239787 246543 252144 257303 263610 270783 274200 281492 285356 286601 294144 299128 303310 306453 312206 314043 321538 324083 327528 334804 336517 340722 346143 350935 354274 357199 360555 365982 368888
38 29435 70480 78247 94314 117984 129646 133379 145991 159238 163533 175295 185851 193016 197454 206882 208965 216966 221837 232764 239490 243793 250224 256268 261621 264803 273177 277790 281097 285076 293856 294739 299983 307213 310114 316109 319471 324939 330840 331886 338691 341155 345361 350013 355254 359216 362736 365749 370534 373871 379011
39 28123 73170 82915 109200 113033 134196 142976 152050 158130 167473 182427 190102 191060 205186 206369 214748 225661 229140 237612 240791 247027 258344 260921 269975 275330 280908 281989 289442 294857 298140 302596 307284 314428 318752 324802 328527 332851 337029 340262 348565 351693 354707 358121 364019 367512 370315 374075 378762 382120 386553
40 25298 57689 92952 107033 125475 128250 143332 152420 163756 177629 182253 193494 199198 206146 214215 225566 227684 237049 240400 248516 256250 261565 267253 275158 280343 287778 292739 299119 300080 307870 312615 316986 324765 329751 333802 337236 341198 347517 350816 354446 359911 363450 368174 373438 375489 381827 384416 391101 392489 396384
41 54393 62449 94211 112133 121902 135982 153189 159004 167449 177393 192132 198839 203353 210821 224267 229307 236097 245179 247227 253935 259825 270351 275159 281799 289101 290146 301064 306268 308019 312999 318325 325840 331467 336799 338393 345764 347993 356394 359025 366623 370183 373888 376218 382774 386445 392830 393600 400375 403970 409754
42 55719 76065 93915 102879 120855 142305 152594 167369 177397 183459 190996 201250 208990 219849 223667 234900 242439 246050 252000 263899 271152 274514 279734 288549 295078 299115 304609 309321 314860 324571 327815 331880 338615 346137 348575 355291 358651 366051 370839 374907 379118 383559 386674 389945 393995 400302 403200 408157 413823 416457
43 55734 64357 96535 116973 123133 147960 151906 168085 175617 191917 198546 204781 216542 223600 228022 235678 246717 253226 258430 267845 273312 284451 286394 292400 302226 307202 311149 318665 326800 331519 335290 343785 345609 351234 357185 363751 367795 371098 376539 381805 387477 390614 397558 402917 404566 411094 415657 420697 425331 427066
44 40327 74670 95187 121300 125071 144599 153937 167200 183960 187297 201056 209174 217700 225218 235636 246400 255806 261050 270520 275343 281049 287586 296731 301777 309380 311997 320446 324170 334052 340140 344776 346903 353646 361122 367920 372002 373767 380543 384591 390982 393843 399892 406423 411253 414535 419272 422492 430661 434331 437263
45 31177 74216 101025 125032 135300 153792 156403 174748 184445 194075 206412 216000 221736 229632 246146 251034 256776 268496 274611 279725 291494 297409 304674 308242 313065 322497 329085 331415 338907 343536 352497 358422 364583 368561 375312 376927 385952 388149 396102 397837 404600 410660 412628 419442 426623 430309 432843 438606 442924 446476
46 45071 82800 108466 126144 139221 148915 170386 177205 186513 205100 206949 217517 228153 239377 249590 256117 261027 268382 277377 283861 296548 300377 305545 315360 323181 329406 332093 342754 345705 355006 360213 364301 373139 374724 381440 388257 395065 398159 405844 406886 416039 419484 422199 426983 433280 436782 444751 448447 453981 456305
47 49740 70343 101241 124350 140057 156447 163625 177359 190567 209980 217423 229676 237617 245662 254148 265706 268847 280901 284185 296510 304014 307626 316823 320979 329403 335910 343197 350205 356581 360156 366841 375412 377290 382061 390524 393230 402777 406706 413600 418168 420906 428603 434540 439393 443895 449041 451787 458581 462037 469153
48 59178 89027 99303 132327 138786 153600 173598 181132 201600 207013 215306 226771 237297 249230 259733 263432 272883 282344 289436 303427 309144 316509 320990 325693 338596 339683 351549 357012 360480 369569 375997 382196 387345 395702 396748 406047 410225 414693 423816 424468 433278 437617 444719 445548 453340 458193 463194 466366 471183 479424
49 55437 75275 108245 127023 142353 158627 173933 195755 200840 216932 226886 239850 247341 258727 259469 268742 278396 291375 301897 306789 317102 320566 329140 337638 346205 349106 357935 360874 372142 377777 380184 388184 395415 403232 407732 412881 420602 422424 428743 433754 440128 445334 453243 459556 462057 469787 471929 475981 484877 488528
50 67823 90000 106771 133791 153297 160624 173205 193391 204695 221359 226936 236008 251992 255539 267395 278927 285832 296311 305778 312730 319844 326803 332866 342491 351141 358887 364143 374032 379737 385227 389872 393700 404969 411582 412311 423910 429651 432319 440908 442493 447325 453100 461952 468828 473709 476130 480729 485901 490306 499600
51 38165 74257 123668 129021 149213 175784 181606 193531 212493 220660 235485 244375 252952 260250 275211 279525 296853 302581 309549 320936 329572 331775 341205 347848 360336 366491 371286 380694 384365 392667 400407 407745 412186 414828 421669 428157 437888 439311 448452 454444 458206 465639 469643 473065 480159 484688 490343 497296 502085 508365
52 36027 74995 119939 130312 164109 177715 186041 198692 216660 225227 233248 246767 259584 273779 277701 286897 296719 310436 312520 324240 335551 342253 352067 358159 362959 373098 381412 388298 393829 398471 403461 414307 417557 426400 428929 436304 444775 449612 455111 463705 467884 475907 481892 483907 490236 495612 500714 507473 511189 518020
53 33520 101672 114657 139018 151769 178320 191388 205815 220826 232718 237733 251066 262230 276211 281250 291837 306851 315161 326198 328087 341675 345436 353157 359620 368569 381305 384533 392486 399157 407652 412584 419069 429660 432786 437435 449345 453328 458993 466520 468443 477000 484827 488866 493213 501235 506365 508469 517558 520481 526917
54 40410 89712 109608 144090 156879 171104 200019 215459 218149 229611 245804 259650 269135 285537 290398 303555 307942 318920 331825 337921 343908 351788 364330 372091 378771 387899 395197 397111 409689 418003 418282 426429 437500 444509 447516 455908 460997 469521 475445 482749 488514 493266 498909 500775 508059 513199 520085 524884 529420 536967
55 66000 80081 124936 137390 160916 189571 191476 214429 231784 239487 256562 264000 274339 282809 297407 302650 320136 325384 334009 340112 354227 363000 371077 378822 383741 395235 400255 405362 418434 419733 431391 435855 443561 448309 455538 464742 471334 479353 484749 491320 493776 501074 509099 514184 516883 523743 527656 538214 543026 547133
56 48820 99548 116931 151511 172422 182666 201911 220614 226229 241515 253922 266927 284445 288604 305290 314000 319936 331868 342471 350258 354883 363440 374154 381458 393915 402577 411209 413946 421602 431454 434352 445895 449258 461516 462195 474119 480296 483679 491526 495339 501505 512882 514713 524490 525565 533266 540625 545361 554259 558542
57 72996 88304 114569 141470 163223 182756 212970 213579 229986 242367 264667 269291 279474 293757 308433 318996 326247 334702 342949 352848 361759 376545 380835 387768 397205 407381 416841 420566 431848 436041 448529 452854 460678 464611 470310 483123 489138 492580 501211 508803 514896 518418 524895 533247 540148 546011 551105 552871 561153 564271
58 41824 88343 128126 152133 171664 191312 209443 229961 244977 257300 267052 275729 286499 300483 316831 320420 337598 343133 352228 364985 375525 380331 392176 400830 402171 411596 418887 431545 441258 448966 455069 457723 469478 473615 484569 486786 496231 504833 511190 516428 519675 528023 535990 538370 545200 555348 556679 565909 570173 574171
59 61315 109429 130868 157432 186201 195325 205062 234223 246391 252255 267004 279986 292868 305435 314863 327011 340364 348650 355961 365038 380721 389936 392073 400331 410633 417360 427903 434682 444658 453341 457773 469486 476989 482503 491651 497843 501465 511908 518126 525597 531262 538809 540873 551958 553846 560593 566769 577959 578802 586331
60 78689 118794 123548 147458 181593 197180 214998 231136 252286 255123 279371 286998 301437 312922 327096 337283 347793 354356 364373 375084 380799 396363 405699 407470 418970 428486 436642 445619 450280 462584 466459 478046 481797 490828 496806 506565 514743 521137 523343 534101 540533 543985 551478 559128 566802 574373 577124 587142 588245 595060
61 53179 95285 131963 162310 173395 199350 211310 242163 255909 265893 272800 291015 303042 316965 328948 334333 352958 357150 367421 379183 390591 400190 406646 416412 427000 438691 440046 448920 459245 470452 472504 487847 492403 500200 505086 512690 520613 529120 537077 543140 551974 557341 562789 567661 573140 580110 585981 594429 600533 608779
62 82252 117637 125846 174924 192100 202997 218676 246757 254124 267966 280306 292388 306508 322877 328775 347864 361093 362156 374882 382997 396218 401997 414798 428832 431869 440331 449831 462970 471852 472341 483759 494292 499090 506886 518581 519470 527255 533920 546445 554129 555791 566885 572149 575900 584644 590792 597906 602262 611384 615894
63 78687 111991 132749 168105 181720 217510 228890 246587 253257 275188 287048 303186 314243 323455 339499 350090 359707 376738 385280 392829 400038 415800 427101 432824 440820 447433 457954 468747 478302 482434 491723 497181 507453 515677 521342 530399 534573 548498 549943 557256 566860 572573 580558 587760 597272 597803 605194 612624 617271 628865
64 62707 115909 155192 158327 185047 221333 228257 240490 258230 278676 288781 302633 321532 331567 344888 351709 368097 382504 389297 399680 411396 420066 427604 442480 445065 459554 463459 471693 485051 490091 500347 504749 513757 525424 532548 541850 546067 555585 562181 567980 572720 584050 587128 596678 604317 611058 619181 620767 627853 637692
65 55154 114075 156541 180602 193259 223660 225542 246315 261297 286295 293293 304877 321602 334987 352202 362138 378119 383004 397936 403419 414168 430769 437001 445238 454070 466191 476233 481351 490739 498428 511480 515430 526620 532365 539617 546619 554904 566359 572886 579339 586731 589747 602645 603486 612243 622373 626163 632340 637265 647003
66 90495 127296 161127 170582 204067 218499 243396 248357 276886 290700 304746 323063 334978 342692 352961 370306 383709 395339 400593 410263 419503 433595 443135 449963 458023 472073 476116 491246 498639 504889 515307 521024 533090 542004 545529 559873 567600 572491 582448 583942 591354 602591 605188 618290 622083 629461 636344 643830 650962 657487
67 87870 131293 148008 168968 196483 226218 234021 257406 281081 293273 309073 323826 330141 347626 363533 374961 386979 391363 410836 414968 433589 441387 445638 459720 465734 477160 484258 494168 509200 518287 526707 535832 537839 546451 555575 562481 574483 576356 590665 593697 605229 610546 618726 626513 632645 640542 646680 650280 656873 667987
68 79301 125386 158602 179396 210690 231600 240993 269266 282671 301356 317495 329221 344056 355166 367703 384426 387779 398134 415858 420722 434562 446320 451266 466779 472490 481025 490732 508320 509047 523909 535087 542127 546206 557766 568604 570066 576999 590779 593434 604550 615315 621000 628108 635282 643813 645105 652233 660826 667371 677275
69 96600 118712 157344 190720 204221 230092 244537 260743 279769 294040 315293 334348 342785 357737 373366 386153 399247 409374 422424 434207 441384 449507 460804 474848 481420 496608 503842 507795 521852 530179 543131 549060 560049 566305 576305 582876 588405 597558 608297 611886 623754 631793 635100 640772 652406 659519 667555 669264 680131 687234
70 50478 105698 159009 184673 211858 235516 244098 266736 296655 310219 323215 335416 356382 368016 371198 383917 400165 414362 422327 434000 450617 455377 470408 483355 490200 504583 506328 515345 524206 539318 547971 552069 561049 575023 577913 586331 594629 604599 614248 619490 627194 634032 641561 649153 659785 668051 677808 684570 689562 697897
71 82800 135459 167416 180736 218145 243065 254017 280787 287879 305217 319421 335733 358392 373544 376501 388883 404887 420042 433275 437904 453956 469245 472030 483635 492926 504650 514346 524824 534909 544621 551611 562650 571363 577156 590283 602288 604293 614222 621402 632657 635361 644968 657967 658427 668457 679081 682339 688517 697826 705870
72 86400 140354 152395 178699 224011 240096 257595 282181 297561 315488 322958 347395 359712 369382 384510 399324 413358 424983 435347 450101 465946 474108 478678 491080 508709 510134 520994 535904 547579 551353 562522 570393 581731 592153 601017 605143 618027 627186 628672 639950 651192 654844 665835 672651 681228 687892 693895 702508 711308 717837
73 73000 132209 170264 181769 216553 247340 254141 281973 294544 316520 336434 349791 360002 373657 392303 408539 413466 431874 446197 455885 469021 478916 492736 499610 515155 520301 532049 539015 552490 562242 568463 580889 591435 598956 604976 612156 622001 628479 640905 646370 653258 661365 676344 680742 685889 694997 705197 714804 719707 726781
74 92426 140405 163471 201302 216505 254198 267630 290020 312907 325263 339433 349919 365533 387353 400148 405315 427410 436286 455926 467315 471746 490637 493531 509043 517577 523677 541364 553370 562789 570328 575490 588288 595505 608062 618598 627213 631910 639319 652040 653550 666164 675146 684170 693708 698585 707310 712401 724293 725351 733758
75 100623 131624 171026 195576 233827 250549 261534 282622 316425 326228 347275 364966 369561 392301 405555 412977 431885 442182 450000 469095 482105 488365 500425 511981 522422 532236 543116 551135 567825 572756 588643 591692 607824 617009 625879 633916 636926 650903 657609 663231 676997 679485 691303 700036 705319 717652 719375 732086 738664 744429
;

param:	cost_bundl	marginal	:=
1 10 13
2 50 85
3 100 146
4 150 156
5 200 220
6 250 265
7 300 323
8 350 379
9 400 419
10 450 454
11 500 538
12 550 588
13 600 602
14 650 693
15 700 710
16 750 770
17 800 804
18 850 887
19 900 901
20 950 961
21 1000 1002
22 1050 1083
23 1100 1133
24 1150 1150
25 1200 1235
26 1250 1265
27 1300 1325
28 1350 1397
29 1400 1418
30 1450 1484
31 1500 1527
32 1550 1552
33 1600 1607
34 1650 1655
35 1700 1730
36 1750 1769
37 1800 1808
38 1850 1862
39 1900 1926
40 1950 1961
41 2000 2021
42 2050 2095
43 2100 2123
44 2150 2156
45 2200 2220
46 2250 2282
47 2300 2315
48 2350 2394
49 2400 2434
50 2450 2453
;