param num_bundles := 50;

param num_cust := 75;

param price_reserve :
   1 2 3 4 5 6 7 8 9 10 11 12 13 14 15 16 17 18 19 20 21 22 23 24 25 26 27 28 29 30 31 32 33 34 35 36 37 38 39 40 41 42 43 44 45 46 47 48 49 50  :=
1 632 1844 2145 2646 3143 3162 3555 3826 4030 4400 4508 4862 4919 5223 5355 5596 5824 5967 6129 6306 6412 6560 6756 6905 6994 7074 7236 7354 7529 7671 7826 7980 8119 8136 8297 8447 8490 8616 8727 8832 9053 9071 9271 9284 9459 9516 9598 9751 9879 9916
2 2227 3960 4252 5044 5906 6681 7440 7970 8119 8504 9051 9381 10182 10392 10621 11214 11405 11805 12080 12617 12887 13248 13387 13612 13926 14400 14549 14702 15205 15341 15672 15824 16184 16454 16661 16786 17097 17265 17627 17781 17933 18164 18396 18715 18864 19137 19204 19485 19669 19831
3 2078 5433 6946 8117 9449 9841 10496 11416 12543 12770 13761 14337 14819 15332 16267 16928 17390 17657 18366 18850 19125 19442 20303 20549 21179 21592 21658 22184 22578 23004 23553 23977 24037 24629 25093 25342 25470 25974 26359 26793 27100 27377 27567 28130 28168 28756 29049 29117 29449 29705
4 2993 5657 8908 10969 11398 12725 14131 15900 16704 17288 18590 19217 19807 21045 21600 21996 23186 23406 24120 24722 25475 26156 27058 27516 28273 28733 29361 29729 29944 30537 31486 31658 32070 32751 33014 33476 34391 34613 35063 35616 36062 36319 36800 37378 37930 38216 38633 38987 39233 39687
5 4000 9539 12042 13077 14765 16703 17944 19799 20567 21703 22494 23854 25338 26325 27037 28000 28337 29917 30381 31337 32031 32696 33660 34612 35185 35847 36097 37189 37868 38432 39217 39395 40062 40657 41364 41952 42732 43081 43806 44609 45089 45354 46174 46422 47202 47833 48322 48497 49315 49538
6 5499 10666 12296 15692 17181 19049 21766 22800 24797 26291 27495 28270 30191 31499 32467 33082 34216 35088 36595 37219 38475 39454 40267 41535 41673 43083 44074 44594 45458 46352 46476 47472 48374 48965 49970 50898 51600 51698 52923 53652 53960 54504 55135 56054 56845 57450 58073 58726 59142 59627
7 7920 13788 16565 19196 19947 22268 25891 27219 28657 31022 32593 33571 34719 35693 37722 38899 40016 41270 42740 43983 44712 46009 47207 48477 49040 50283 50497 51932 52941 53804 54976 55225 56851 57263 57910 58800 59578 60298 61679 62060 63124 63727 64476 65021 65860 66776 67506 68184 69212 69607
8 10613 13670 18521 21938 24787 27106 29676 30273 33486 34981 36062 38433 40698 40917 42843 43993 46234 47437 48080 50470 51175 52435 53570 55241 56228 57199 57977 58983 60059 60989 62112 63719 64478 65012 66856 67863 68296 68856 70527 70654 71964 73059 73930 74859 75658 76683 76900 78269 78904 79920
9 11241 16885 18619 22337 25772 30012 31845 35181 36889 38982 40249 43312 44530 46208 48165 50432 50975 53306 55187 56721 58188 58438 60024 62093 62354 64348 64950 66915 68495 69294 70315 71458 72067 73183 75041 75942 76770 77921 78501 79811 81339 81796 82937 83888 85192 86194 86531 88145 88328 89495
10 12961 14283 22716 27857 31369 31623 36551 38936 40890 43543 46217 48497 50833 51614 54295 56427 56675 58344 60828 61968 64343 66272 67022 68702 69943 72000 73075 73648 75206 76916 78026 79019 80299 81927 82728 84095 85837 86487 88091 88679 89532 90951 91978 93595 94530 95729 96250 97673 98346 99720
11 12445 18008 25276 28936 31113 35678 40685 43945 45673 48749 49488 53799 54647 57495 58786 60650 63534 65374 67415 68058 69709 71762 72999 75091 76906 78371 80593 80893 83019 84292 86222 87807 88082 89770 90735 92295 94138 95237 96575 97149 99000 100456 101820 103095 103517 104633 106103 107688 108293 109427
12 8653 23020 27989 32020 34862 39436 43400 45283 48833 52527 54834 57750 60144 62630 64622 66250 69724 71317 73739 75514 77509 78065 80212 82582 84649 85697 86567 89382 91263 91641 92952 95790 96688 98341 99303 100571 102078 104227 105053 106388 108426 109299 111128 112416 112851 113968 115649 116838 118138 119495
13 13510 20637 26769 35364 38389 43351 48082 51412 53915 57729 60419 62832 64057 68098 70680 72287 74498 76025 79714 82178 84169 85366 87593 89653 91887 93238 94498 96165 98492 99855 101166 102955 104809 106822 108735 109355 110523 113182 114518 115984 116566 118550 119685 120781 122697 124420 125852 126308 128352 129583
14 10844 25662 32653 36722 43468 48010 51401 54510 57315 60767 65187 68184 70335 73550 75704 78099 81345 83720 84882 87161 90601 91462 94663 96468 97438 99902 102229 103940 105028 107827 109987 111825 113599 113737 116057 118596 119452 120985 122049 124056 126590 127053 128770 130343 132135 133610 134342 136283 137286 139214
15 18248 27982 32311 36865 46669 48929 52906 58634 61115 66746 69325 72436 74155 79202 79881 82432 86325 89850 90648 93193 95153 97627 100310 101779 104441 107917 108167 110919 113327 114394 117958 119775 121491 122523 123875 126285 128791 129765 131966 133525 134365 136558 137706 139589 140968 142839 143937 145647 148310 149970
16 13194 24993 33255 40223 48846 51698 55794 62951 66818 68558 72337 77530 79099 82147 86814 87927 92302 95465 96213 99561 101949 104577 107236 108706 111312 113949 115555 119133 120713 122439 124964 127680 128956 130417 132056 134970 137339 138305 139668 142678 143359 144886 146782 148860 150604 151857 154497 156080 157939 159101
17 12722 24042 35334 41780 51564 56074 61483 65928 69263 73238 77755 82726 84043 89375 92989 96106 96706 99823 102734 107410 109857 110435 114495 117386 119919 121499 124878 125478 128617 131638 132382 135062 136890 139607 142070 142921 144410 148125 148397 151214 153189 154877 156622 158529 160270 162455 163235 165381 167258 168669
18 18706 33962 40888 45251 52293 58160 65000 71729 76027 80176 83034 85115 91216 93669 96866 101568 104772 106793 108718 113157 114069 116986 120587 122241 124967 129650 131634 132761 134748 137650 139752 142462 145878 147380 148694 151157 154591 156631 157949 159135 162718 164933 166575 168240 169735 171520 174256 175553 177790 178409
19 18224 30162 42824 48664 58129 64712 65928 74755 76662 83686 85648 89764 93468 100323 101894 105171 110592 113046 115322 117247 122015 125112 126489 129813 133325 135794 139207 140754 142842 147075 148929 151715 153700 155103 157322 159509 162381 164325 165682 169047 170916 172220 174883 177057 180090 181209 182637 184486 187706 188436
20 19183 32741 40988 55714 58241 68235 69628 79699 84380 85977 92520 94403 98224 102215 108222 112357 114403 117644 121458 124386 129368 130292 134045 137986 139714 143388 145272 147296 151156 153727 155332 157582 162086 163609 165215 169611 171767 173205 174997 177133 179109 181108 184608 186933 188128 189947 193080 194566 196163 199640
21 24848 36855 50922 55561 63696 71276 77785 82196 84836 91151 97870 101845 104579 107079 114330 115252 118942 122450 126628 132550 133940 138791 141684 142800 146640 149911 153745 156925 157710 161904 164445 165461 169516 170966 175297 176949 178290 181331 183074 186699 188299 192147 194701 196504 197802 199754 202952 204683 207252 209032
22 30484 37075 48200 54603 63152 72966 78340 85206 88000 95491 99366 104864 112006 116080 117818 122728 125997 130228 133748 136187 139418 145533 149081 151145 153874 155874 161006 161965 166678 170013 171938 174231 178404 180454 181577 186261 188790 190119 192949 195193 197657 199364 202065 204162 208292 209728 211429 213887 216451 218632
23 28727 35927 51430 62057 68538 76144 81901 88602 96709 102447 106696 112017 115825 118623 123002 129619 130351 135524 141483 144736 147845 151101 153945 158550 160209 164510 167884 170697 172914 177622 180048 181452 185375 188207 191052 193090 196566 199239 201772 204325 206129 210598 213194 215072 216200 220416 221852 223515 227642 229493
24 24475 42663 55148 67200 69559 76499 83828 91704 98721 104062 110296 116986 120766 123034 128170 134314 138287 142472 145512 149187 152848 158036 161568 165234 166554 171394 173930 176624 179856 185841 186027 189159 194029 196507 199128 201085 206177 207236 211145 212397 216692 218440 220539 223857 227583 228895 230999 234513 235445 239856
25 32404 41231 57009 65955 77621 79687 87464 96695 104403 108282 113468 120830 124700 131719 135000 138203 141686 148577 151079 155804 161710 164469 167407 171172 173925 178326 183098 183916 187283 190853 196023 197484 201618 204145 208926 211719 212720 215928 220511 222823 225056 227541 231030 231840 234681 238118 240780 243105 246526 248747
26 35268 40613 54040 71488 77826 88553 91997 103870 110186 110798 121618 126415 132370 133286 139434 144013 148542 152760 156605 161702 167453 169459 175187 179004 182519 183921 189853 193381 197120 199439 203930 206238 210005 213073 216972 219881 222752 224445 227258 232202 233942 235612 239087 243069 244621 248188 251757 252347 254959 258174
27 25328 53184 65025 70407 78625 88731 94152 107459 112237 118923 126411 128923 136610 139358 143075 151489 155197 160463 166264 167748 173726 176721 179423 183362 189308 194175 194924 200456 204916 206122 211153 213488 217413 219482 225187 226478 232012 234325 236308 240042 243599 247105 247636 252418 255974 256258 260658 264269 267232 269459
28 20191 45149 56557 69719 82872 96346 98120 111720 115039 124844 129528 135446 140224 144952 151718 155897 163074 165650 168466 175308 179986 182838 188496 191631 195760 198701 204458 207805 210131 216235 218615 222736 226021 228779 232855 237059 239167 241450 244163 250189 253179 255215 257295 262365 265454 267396 270370 272047 276959 279944
29 36221 41012 64325 77599 87578 93162 104561 111263 119570 123173 131878 136146 144884 150017 157136 158945 166895 173031 176209 179425 187314 190343 196431 199574 203166 206614 210245 213500 217249 221086 226051 228788 232507 238647 240752 243738 247300 250946 255200 256711 259967 264075 268559 268935 274873 275668 280866 283370 284909 287788
30 34986 48744 67617 83570 94488 100399 109818 119097 124708 130353 139685 145121 148553 158632 159875 166493 170129 177584 184445 189262 192000 195990 202672 205757 209657 214327 219062 223294 225858 229260 234154 237436 240300 246949 247605 251643 255123 261190 261809 266713 268864 274299 275216 279564 283083 285426 288562 293019 295770 297288
31 29734 50749 72037 86800 93823 99780 112969 121968 128865 132105 143004 151107 156726 163802 168658 173489 175910 182137 187544 194190 199559 205163 207028 210709 216201 220340 226873 229902 235028 236252 241323 245273 248774 251921 256308 261652 263263 269753 270536 274696 280169 283917 284323 288616 293765 294484 298825 300748 305692 309938
32 41477 49986 75183 80701 95143 105357 116438 124266 132404 138749 143680 155850 158327 165907 171611 176668 182035 190286 192745 198812 206394 208369 215994 218633 221887 230311 234802 235760 241001 246379 250174 253427 259812 261148 264886 267731 273782 275795 279483 284566 288071 292165 295511 297514 300187 306866 309723 311372 315877 317107
33 33000 56390 71997 92635 98338 106012 120439 126093 132165 144146 148023 160041 163941 169557 176974 180748 190030 193775 200731 208188 210580 217600 220582 226429 231188 236682 239426 245357 247830 255446 258750 262262 264495 269552 275308 277514 280092 283953 289122 292045 295972 301151 304102 307308 311881 316112 318309 321238 325682 327748
34 45106 66626 76632 83560 100401 112354 120304 128662 138192 149445 152962 163766 170949 177061 180808 191006 193173 203773 209480 212548 216214 221496 225735 231899 240320 240609 247430 251416 254977 259293 267024 270295 273610 277886 283079 284546 291767 294606 299045 302657 304789 308333 311689 318586 322337 322624 328377 331182 334516 339115
35 28862 50961 82231 85732 98995 120433 129263 134101 140872 153841 157305 171035 172035 179151 190034 192595 203000 208125 213815 218014 226393 231106 234160 237897 245699 251221 253067 260321 263687 270294 272641 278948 280437 288193 292329 295413 297397 304077 305604 311087 315000 320169 322532 326833 330264 333512 339265 342643 343357 347753
36 37412 59373 74825 100800 111774 114749 132761 143820 146675 155760 168240 169773 178989 184550 191038 199012 204409 212979 217793 224589 232528 236178 241924 245646 252514 256284 263858 269014 269496 276240 280061 286375 292111 293704 300163 305300 308258 312351 317372 319732 324480 329474 330965 336171 339700 342587 347694 351770 355070 356963
37 36252 62354 79010 101193 116535 123604 134631 140015 148922 160257 169394 175584 187353 194804 196205 204138 210608 215745 223598 228683 235292 242173 245765 251818 258788 262048 266811 274699 281103 282269 286887 292932 297108 303761 305289 311504 314043 318372 322643 327946 333164 338221 340802 344954 348900 352802 356431 361087 364333 368145
38 52103 61273 76379 103650 110396 121837 139517 149123 155382 164764 173307 178236 188014 195986 202651 212528 218822 226984 228380 237553 243556 246503 255816 257953 267084 270735 276644 280171 286491 294150 294445 300368 306931 311322 314092 322351 326269 329791 332755 338691 342084 346697 351084 355742 360099 363213 365749 369988 375566 376181
39 51739 72754 81434 104065 119826 124556 135998 153444 156000 165830 180077 188818 196399 201143 212756 220341 226469 233740 239525 246287 250452 258344 264396 268959 270987 276433 284138 289757 296605 298547 303299 307977 315490 317892 321980 326856 334946 339188 343731 345761 352557 357100 358546 363851 368916 373749 374075 378923 385844 388359
40 45255 74619 92261 109105 119197 128000 140171 155538 166853 171394 178885 195469 203332 210751 216296 221269 230478 235695 241859 252095 258735 261320 265812 275507 278165 286775 289220 296540 303684 304736 311795 319700 320799 328000 334281 334855 341947 346410 348712 354987 360355 363714 368695 372322 379305 383249 385497 390446 393060 397190
41 51861 79502 87935 113326 128612 138432 145073 155584 167850 174527 191431 196971 202857 211776 216952 225761 235098 240890 246955 254200 259436 271840 276742 279282 284175 290146 297017 301287 310519 315780 321478 322834 331669 333086 338691 347026 352314 355544 361916 362381 369546 375682 377912 381807 388181 391115 393344 401046 404136 406872
42 38494 61153 96142 109200 130132 135966 152362 167158 171738 183459 188017 198247 206100 221289 224297 234900 240686 250173 258360 264567 270501 277963 283119 285970 296271 301231 303681 314187 318758 320083 328675 333788 340381 341520 347865 355886 360809 363634 369505 374342 378000 382546 386856 392470 395960 400566 403375 409452 411771 419748
43 39410 82935 92225 120400 124031 141050 152877 170705 174773 190175 196299 203876 210656 222273 227697 240185 243852 251026 263671 268948 275737 278672 285618 293410 303934 308283 310554 319823 324643 329392 337707 340434 347317 354483 356044 364157 366687 373878 378107 380738 384700 390993 394851 401998 407662 411993 416634 418317 423850 427931
44 57031 86670 99171 108850 132293 141349 161066 167200 177751 191185 204304 211017 223146 225218 240032 245298 254744 259264 269946 278002 282149 290133 292128 302802 310255 313359 321170 327734 334168 337397 344551 346456 354412 360478 363580 371377 373352 381457 384491 388896 395217 401052 403267 409744 413319 419918 424321 430121 435222 439648
45 58327 86325 90449 125032 129487 148704 163741 178191 185758 201045 203647 215060 229279 236753 245982 252802 256144 268647 270450 278564 290241 297681 302539 307979 316667 322873 329823 335061 340933 343064 349613 354559 362019 367019 374880 377571 386791 390023 395386 399665 402794 407890 414196 417507 422617 430968 435734 439252 443473 446748
46 62397 87762 101200 122398 141931 153119 167379 180517 191218 195595 211400 222138 232925 234555 246690 256117 265049 270580 276766 289471 295405 304296 310355 313746 322656 326308 334632 343863 349721 355006 357382 364069 370864 376414 380440 387712 393239 399221 402178 406782 412053 420089 425195 430045 435618 436685 445132 446176 454633 459908
47 47000 76942 98139 116272 133929 155313 164433 183721 195149 199847 212905 224028 230827 248167 253277 258286 267363 276142 286816 295615 300065 308343 313740 319738 328462 335910 340353 345634 353345 363575 364303 375647 376000 385171 388483 396475 403544 409089 413386 417428 421326 428603 433319 436063 443297 446178 453252 457424 464611 466888
48 42933 77991 114799 122940 141742 164606 171730 185407 194385 213587 218070 234366 236908 249046 260264 267597 272714 282181 288000 296203 304488 317672 322851 326823 339275 344264 346665 355848 363154 366187 375383 378683 384360 392897 395935 404797 407407 417131 422073 425877 432746 435188 441182 447508 450996 457690 464188 469027 470890 477401
49 59611 83731 100420 125118 154641 164570 178295 195509 207658 211098 222829 239650 248696 253667 263144 274924 282845 291869 297894 309593 316344 320267 325914 337211 344537 349518 359808 364186 369552 378539 383830 387936 392367 402278 406198 410549 416356 422311 430197 437282 440782 444471 451013 455674 461849 469173 472742 476284 482694 487248
50 51962 88318 113137 138203 147648 166433 179165 197231 200000 213073 224722 242487 252389 256320 265330 275862 284077 296816 305941 313688 321403 326803 338674 345543 347851 357631 363593 368646 376563 382492 388072 399750 401622 408779 412432 423910 429069 430813 438748 444072 449444 455302 460000 467226 472969 476340 483632 488057 493254 495580
51 64510 79665 124507 143889 147812 168840 179879 195936 210773 227394 232819 243522 257436 268708 271979 280824 296678 305660 313557 314551 326400 333651 342726 350678 356271 367058 372125 381240 384906 390675 401056 401704 413572 420433 421915 432509 433110 442379 449611 453068 461712 464408 472184 475478 483721 484688 490343 498027 500840 508161
52 49877 98663 104000 127373 155653 179532 183111 204592 209812 230449 238067 244123 263512 265353 284055 291942 295257 310610 314933 323906 335067 344615 351760 359666 361465 369310 381554 382969 392867 398199 406798 409712 422066 426907 430691 439884 442459 452609 453683 461249 465335 471683 482116 485470 490016 498007 499308 505444 513617 515928
53 36719 101118 115632 137800 165916 175781 192267 207446 214634 235119 239147 256161 264788 270663 286984 299251 307217 317823 323604 328429 342004 350602 354110 365047 371000 380125 382629 396191 398453 408341 415839 417457 426642 433176 440506 447466 450095 459605 465556 469162 475821 480871 489555 492985 498425 503026 510454 517015 521774 528408
54 54000 94152 131831 148082 157250 186124 198849 213283 228338 232890 246515 264324 269568 276615 288988 304514 314501 318005 326153 333054 348959 354924 360953 370363 375057 386694 395492 398723 410968 416466 422168 430512 436165 439893 446734 452184 458714 465529 475813 477037 483353 492082 494918 502403 510464 515014 519860 524773 529420 536859
55 39661 102601 129221 154392 163156 187646 201633 212445 223817 234896 252521 264229 276536 287056 294545 302050 317670 326868 330366 345232 350104 364165 370751 380575 384528 393548 398892 404465 417855 418868 430829 438761 443833 447093 458978 461345 471334 478848 482121 487363 494021 503843 505162 514537 521312 526278 529030 535170 540569 546690
56 63357 98916 124718 154381 175665 188746 202531 220614 232518 243584 253674 270196 282897 294839 297591 307745 323639 327109 336373 345207 358050 367899 376660 386197 391039 398349 406608 417266 426336 428537 435506 445473 448420 460700 466920 474647 477020 485491 493436 499374 506854 511290 516294 519564 526757 532913 540393 545591 550284 555841
57 53471 87565 125917 143749 178438 186278 202330 221934 229421 242635 254912 273125 280171 293979 303120 314896 331973 332364 347653 358874 360500 370807 379639 388605 399651 407061 414966 421800 431998 436785 446932 450264 458558 468095 472928 483392 487675 490995 501470 503539 510333 517916 525267 532149 540148 545058 552400 554396 562426 565307
58 81200 94239 140163 146270 171664 196859 202585 226126 242215 252816 260936 278883 292541 302491 315127 317679 334193 342936 350120 360907 373369 379446 388210 397797 401836 416632 423995 427472 436660 444902 452697 458897 470909 471194 484569 486371 497179 504700 506696 518638 522901 529804 532717 540739 546556 552798 556316 564003 570055 575107
59 40876 99429 132455 148792 177393 188800 209429 220758 238348 259868 264120 279488 295000 303377 313756 328286 337488 350641 362550 370340 375566 387967 392605 401894 408764 419357 429040 438033 443718 451803 463666 466958 473473 480334 490233 493770 501188 508907 517319 521074 533094 537127 547016 550695 553721 560469 567505 572148 578561 586331
60 69971 98224 136294 163658 179600 197180 221919 232379 248837 261258 272323 283972 301437 309916 318622 331687 347171 351704 367129 375851 388103 388844 400879 410112 420343 430163 436312 446264 454893 462584 471067 475630 480899 488475 497530 502139 515022 518506 524305 533427 539733 547021 554862 562594 564638 571230 576250 585423 589956 596872
61 53179 118911 148419 169926 178053 210958 227261 235937 247633 262229 282187 291015 301811 314609 323012 336552 345284 365593 369843 378003 392681 395325 405914 414621 428739 437842 444589 448920 462475 464562 473291 487084 488305 495867 504349 515730 520899 530244 533323 541905 546010 558275 560935 569493 578440 584328 589526 593176 599913 607310
62 56824 120222 149316 156849 191298 210435 223888 243306 262751 275325 280580 299916 310496 323828 337316 344533 354215 368887 372826 382596 394663 403143 416278 423056 436473 445711 448633 461473 464297 477682 482804 495690 500628 506582 516948 522568 531901 535502 545600 553018 557862 562255 572552 579095 581744 593389 594683 603410 611007 617888
63 60427 117525 129112 157878 180405 202778 234374 246909 258837 267583 290074 304493 317760 326629 337624 345065 358602 372287 379258 392627 402806 408870 418085 428029 444228 450791 458993 465177 471617 480455 494941 500047 506514 514753 521798 529050 540333 548787 555115 560665 565037 577267 581378 589648 591798 598467 606242 611587 620222 624304
64 88681 94060 138453 168844 197469 213802 225730 247540 258547 279556 291885 311700 322804 337930 339381 352639 368764 382075 384000 400090 405176 416344 431988 438762 447817 453272 469256 475843 479787 488920 499364 507016 519150 521355 529617 541245 544263 557498 563345 569708 578696 583629 587825 597501 603096 610118 618652 623926 627069 639232
65 88170 112583 134473 173442 184765 220617 232187 248365 273618 283627 300128 307636 320286 339994 349553 366314 378566 379235 393237 408001 417014 425638 435451 442000 452766 461088 474455 478711 489532 497069 510322 516249 520812 532207 540243 547854 554599 563966 570521 578610 584856 593603 601663 605303 610447 617603 627646 633808 643073 645434
66 61913 100528 147580 179539 194000 210373 231283 252186 275308 287687 296339 310130 332105 348240 358593 365333 374982 393573 397537 416167 423224 428746 443135 453819 459732 468739 480124 487507 501079 505751 519517 522693 532600 536349 550932 557846 564059 573859 577038 587215 596780 602880 608633 616456 620260 629461 635522 643695 647877 655895
67 44443 101168 163568 177265 204103 231708 233252 255656 270667 297226 304389 320761 335000 351734 355037 378772 382076 397282 407765 416479 431513 439553 446041 463609 469574 475653 485184 495981 502277 512539 520017 530951 536335 551683 556221 563756 572448 583477 591576 597616 599416 608484 617273 626799 629515 639139 643479 653310 660553 667180
68 94224 125386 141988 181956 202635 218871 237903 269266 274370 298271 305319 320972 343248 356465 360079 375665 388970 406183 408227 427049 437954 449829 452698 461599 478519 484473 492801 505584 509773 526199 527077 536813 548908 553271 568441 574590 583692 588426 596232 600868 615015 622933 626634 635718 641655 651382 653508 660126 666400 678502
69 51635 128718 138688 176187 202818 224223 249165 259645 286163 295977 322460 331487 340276 357471 367194 381939 394931 408443 416522 429799 437919 453514 457902 474648 486536 492179 500048 508732 523309 533937 539084 543307 560049 563101 569992 577790 591632 596601 607670 613596 618388 625887 636298 646836 650652 658218 668553 674931 681390 685292
70 48497 135735 160237 182000 197990 239641 242891 278244 283132 308318 319862 328627 347471 365880 371989 384682 405033 410083 426943 439832 447562 459234 472072 484772 489800 497345 506134 522708 527560 535489 547613 554195 563663 570403 583315 592648 596768 604923 617748 620754 626568 638038 648700 653517 662897 669370 674475 680118 692257 699580
71 96309 140573 143413 185145 214415 237187 259514 273511 297184 307849 329978 340800 356134 362587 382874 396330 402389 416184 430707 442712 451730 470532 475859 489643 500235 508828 512775 524440 532831 544436 552707 560136 574705 580987 591988 594029 602957 613893 623184 633772 636154 647620 652891 659651 670865 677892 684257 690418 696090 708009
72 88768 111542 154423 195331 221685 235298 257192 278855 302743 311187 325516 341678 364579 372178 387732 395410 416108 420075 436061 446632 465501 476942 484919 492766 500283 514183 524959 533578 545872 555661 559195 567477 578515 588993 597557 602911 612127 621206 634744 637190 651033 654210 660676 668787 678330 684871 697323 699550 708825 712909
73 63640 114030 161262 201776 207505 238119 266025 283856 307641 325157 334209 347652 365584 373086 392574 410361 419353 429399 444521 452129 462154 481136 489481 495110 514948 521324 529439 538421 554031 557292 567901 581806 590172 600555 603741 617530 625419 636064 644553 651625 655213 668100 676029 679488 690998 694383 706556 713759 719263 727514
74 95915 135644 151655 190109 228323 234943 263922 281589 302587 325263 343602 347091 364333 381943 400695 406394 423808 441030 446950 461656 469885 480715 490860 509043 518000 530121 535261 544994 557707 571863 578148 591815 600450 610040 616469 627736 630348 644268 646812 654555 662042 678060 684170 692602 699838 708238 711478 721415 728515 738667
75 97211 118110 164317 184323 231894 239061 261534 298873 304467 322413 341065 351781 375300 390288 398560 417043 430058 446486 454230 473630 479296 492722 504678 513955 525214 534556 546214 551747 564048 574522 583074 592453 601872 614817 626598 628033 639218 648652 661192 667289 673832 686240 693740 700839 704521 714195 726068 731471 736682 745637
;

param:	cost_bundl	marginal	:=
1 10 39
2 50 58
3 100 127
4 150 152
5 200 224
6 250 292
7 300 313
8 350 350
9 400 442
10 450 455
11 500 520
12 550 561
13 600 600
14 650 677
15 700 719
16 750 753
17 800 823
18 850 863
19 900 942
20 950 974
21 1000 1014
22 1050 1099
23 1100 1144
24 1150 1189
25 1200 1247
26 1250 1282
27 1300 1301
28 1350 1389
29 1400 1409
30 1450 1495
31 1500 1545
32 1550 1592
33 1600 1635
34 1650 1678
35 1700 1728
36 1750 1756
37 1800 1833
38 1850 1858
39 1900 1903
40 1950 1966
41 2000 2017
42 2050 2063
43 2100 2133
44 2150 2160
45 2200 2205
46 2250 2282
47 2300 2322
48 2350 2370
49 2400 2414
50 2450 2464
;