param num_bundles := 50;

param num_cust := 75;

param price_reserve :
   1 2 3 4 5 6 7 8 9 10 11 12 13 14 15 16 17 18 19 20 21 22 23 24 25 26 27 28 29 30 31 32 33 34 35 36 37 38 39 40 41 42 43 44 45 46 47 48 49 50  :=
1 825 1536 2182 2661 2871 3458 3622 3852 4214 4350 4660 4741 5024 5177 5459 5571 5678 5875 6109 6197 6387 6505 6720 6832 7034 7206 7302 7348 7510 7733 7759 7975 8057 8195 8350 8381 8577 8635 8743 8870 9009 9121 9215 9291 9447 9527 9689 9739 9800 9948
2 2078 3175 4578 5215 5987 6823 7419 7537 8352 8635 9069 9499 10040 10423 10748 11193 11579 11846 12231 12355 12775 13072 13523 13822 14017 14288 14686 14870 15226 15237 15667 15945 16159 16390 16502 16848 17041 17334 17623 17763 18071 18146 18343 18698 18762 19171 19258 19481 19722 19860
3 2324 5499 7099 8027 8695 10129 10496 11788 12629 12812 13981 14199 15226 15449 16010 16693 17359 17657 18474 18783 19125 19818 20026 20356 20906 21323 21955 22410 22498 22895 23599 23895 24224 24688 24999 25128 25555 25904 26174 26685 26860 27377 27646 27944 28416 28511 28800 29123 29479 29825
4 4596 7244 9295 11027 12080 13787 14131 15347 16492 17436 18642 19366 19904 20769 21436 22343 23131 23420 24567 25286 25537 26485 26976 27446 28250 28833 28867 29448 30316 30589 31210 31870 32348 32575 33178 33828 34270 34456 35191 35336 35982 36345 36835 37344 37677 38300 38691 39086 39298 39719
5 5099 9381 10909 13153 14283 16155 17833 19723 20785 21331 22847 23812 24718 25942 27129 28231 28862 29614 30249 31032 31843 32573 33272 34424 35199 35721 36387 37242 37443 38105 39000 39925 40423 41146 41473 42154 43000 43382 43658 44340 45100 45376 46357 46594 46915 47487 48311 48980 49477 49598
6 5367 11321 13035 14697 18317 19900 22159 22895 25114 26563 27704 28296 29638 30992 31862 32907 34841 35232 36338 37219 38550 39308 39890 40800 42324 42528 43598 44497 45331 46165 47015 47533 48656 49259 50099 50671 51544 51753 52513 53099 54200 54412 55004 55835 56502 57085 57999 58246 59312 59856
7 8516 13930 14750 19093 20240 23923 25853 26966 28244 30319 31956 33919 34719 35803 38058 38924 39647 41507 42047 44250 45127 46030 46727 47662 48940 49754 50729 51724 52775 53786 54886 55719 56401 57229 57740 59166 60053 60767 61536 62075 63016 63588 64855 65561 65666 66511 67853 68156 69098 69381
8 9466 12394 16395 20615 24839 25799 28933 31678 32634 35309 36696 37694 39485 40824 43052 43993 46234 47920 49133 50216 51200 52092 53546 54892 56410 57199 57733 59048 59888 61864 62359 63579 64676 65385 66241 67788 68127 68819 69871 71303 72053 72778 74034 74739 75743 76282 76933 78286 78953 79631
9 5692 14952 18532 23191 25960 30173 31743 35684 36845 39395 41867 42596 45359 46661 48899 49948 52200 53306 55069 56291 58076 59044 60347 61438 63231 64850 65397 66891 68400 68825 69992 71163 72000 74019 74738 75450 76938 77755 79261 80378 80659 81954 82917 83946 84485 85855 86606 87703 88347 89476
10 13711 16492 21354 27129 31177 34525 35384 39395 41328 43681 46433 47497 49031 51536 53141 56249 57758 59025 60233 61774 64374 65483 67528 68702 70257 72000 72166 74753 75419 76158 77923 79473 80474 81682 83570 84451 85065 86302 87886 89376 89800 90642 92282 93038 93979 94889 96499 97036 98934 99760
11 11432 19179 26764 28515 34646 35610 38610 43447 44871 48500 49292 53844 54780 57495 58248 60290 62998 65485 66657 68871 70331 72667 73757 75604 76242 77813 79657 81072 82990 85092 86110 87032 89310 89797 91769 92818 93855 95390 96625 98165 98633 100480 101391 102507 104309 104564 106149 107395 108694 109890
12 7589 19049 26071 31567 35354 38550 43333 47880 48299 51418 55460 56693 60144 62122 65419 67157 68432 70871 72835 74051 77360 79164 81104 81706 84819 85360 86699 89768 91295 91735 93292 95428 96866 97695 99477 100399 102696 103228 105927 106901 107893 109929 110998 112186 113614 114322 116171 117158 117942 119880
13 18200 18568 30321 36585 39087 42959 46437 51477 55032 55945 60642 61417 66134 68494 69133 73124 74498 76953 79926 80390 84049 85088 87051 89615 91887 92766 95388 96726 97353 99142 101666 102790 104874 106917 108673 109787 111376 111921 114282 115166 116537 118236 120276 121089 122034 124039 125044 126868 127400 128956
14 16327 27291 31305 35418 43648 48335 52083 53786 58197 59397 63295 68242 69719 73176 76168 78550 79984 81969 85159 88367 89600 90946 93831 95076 98717 99232 102650 103902 104841 107791 109666 110520 112524 114698 116192 117132 119354 120595 122977 123993 125938 127485 129740 131242 132254 133962 135272 135851 137514 138763
15 17748 25981 33136 42320 46282 51614 53075 59624 61408 64761 68081 70930 75180 79145 79994 82323 87361 87567 90250 93627 96468 98909 101025 103097 104484 106236 108208 110878 112770 115412 116190 119134 121305 122119 123875 126214 127491 130111 131932 132476 134466 137314 138651 140007 142113 143687 145121 146356 147855 148946
16 20490 24370 34316 41845 49986 53451 59005 62462 66741 69301 74223 77265 80447 84179 85984 89714 91242 95572 97692 99612 101899 104381 106757 110388 111863 113273 115378 118054 121263 123894 125699 126025 129630 130535 132906 133866 137526 138822 140654 142067 144107 145978 147998 149135 151654 152965 154630 155488 156996 159680
17 22553 26116 38467 41641 52673 54612 60248 65312 69430 74568 79592 81174 83698 88987 91800 94346 98130 101089 102565 106654 107947 111735 114545 115999 118757 121023 122824 126852 128212 129825 132295 134160 136000 139731 140392 143728 144650 146398 148358 151252 152622 154204 156953 157871 159510 161348 163483 165416 168016 169830
18 23331 35638 40410 47759 50912 61094 66478 68305 75428 78954 81379 84657 91216 94701 95519 99441 102331 107880 108718 111484 115312 118253 120909 124083 126257 128243 130547 132419 136563 137084 141549 143369 144404 148213 149779 151071 153918 156631 157250 159053 161960 163196 166381 167042 169085 170953 172800 175442 176547 179531
19 16122 33345 45282 49837 57630 60203 68400 74658 77225 83167 87976 91200 93313 100395 100682 107009 110265 111697 115947 119625 122428 125227 128640 128920 132019 134994 137274 140086 144350 146041 147761 150376 153465 156401 157597 160862 162514 163577 166897 168833 171380 173307 175130 176976 179246 181964 182598 185812 188052 188780
20 20785 29933 41376 50596 57411 68235 70314 75366 84569 88363 92779 94403 99197 104843 107629 109690 113842 118389 122833 124900 127812 132000 132725 137986 139886 143833 146479 148862 150891 152420 157022 158442 160997 164584 165843 169470 171674 174218 176273 178572 179778 182253 185343 187361 188807 190032 192956 194072 197828 198353
21 19700 36373 46580 56192 59841 69902 76643 83579 88300 93350 98319 102018 104410 107654 113088 115786 120636 123953 126559 131481 135446 139108 140559 145006 146579 149381 152014 156925 159545 161741 162990 167737 168262 170605 175146 177298 180160 182833 184322 187312 188158 190811 193383 196773 197668 199223 202168 204338 207847 208990
22 15864 32032 51875 57031 67880 73626 80172 87448 92922 96198 100239 106240 111486 112351 118800 120579 126533 128883 134542 135688 139557 143995 147646 151529 155377 157358 159920 161666 166387 167836 173005 174009 176165 178891 182215 185428 187968 190068 193250 194448 197853 199218 203830 204446 208478 208849 211749 214925 217166 219383
23 20572 41400 53645 57454 70216 76697 82416 88123 95388 100571 102962 111449 115092 119688 125218 129619 131322 136613 140583 143561 145683 150329 154631 156332 159548 162765 168639 170076 174739 175766 180985 182441 184287 187757 190720 193474 197586 200087 200931 204635 207561 210296 212099 214678 215759 218972 222566 223325 227363 227967
24 22514 34279 50343 66511 74051 81459 85865 95519 99651 104614 108399 115400 122094 125261 127900 132327 136526 142310 144798 148102 154944 157963 160495 165304 166554 172199 173731 177015 181957 184535 187077 191640 193256 197384 198258 201600 205561 206846 210654 212125 216053 218334 220330 223600 226314 227886 232243 233183 235738 239183
25 31225 47170 57663 68007 76322 86313 89163 96954 104642 110227 112805 121244 124499 128062 133791 140535 143701 146202 153052 156764 161478 162711 169337 171828 174356 177694 180624 184730 189934 192029 195192 197358 202299 203531 206337 209821 212544 216564 220624 221190 224332 228418 231517 233559 234521 237539 239792 243670 247134 249249
26 28482 38212 55764 72428 80053 84169 96024 97976 106695 114636 118350 124583 131859 136791 140689 146618 147537 154695 159004 164356 167534 168660 173325 176570 181926 185823 190351 193241 196709 199710 204526 206369 209037 214338 216909 218647 223297 224926 227675 230859 234519 236529 240721 243069 245339 248405 250303 254056 256650 257597
27 37412 50943 64800 74041 80458 85381 99425 103449 109741 114679 123494 131388 136610 138202 146896 148279 155479 160281 165208 168355 172969 176473 182325 183838 188304 193949 198262 200601 202194 205697 210045 215797 219083 219482 225640 228082 230119 233015 235937 239373 242520 247400 249337 253110 254087 257903 260938 263551 265864 267722
28 36722 42279 63604 74292 87295 93706 100176 107427 115175 122690 130253 132638 142333 145492 150681 156500 158787 165176 168838 175397 177176 184970 187663 191877 197117 199410 202066 207578 209907 215873 217753 223018 226644 230554 232248 236861 240083 241320 246718 247543 252621 254723 259117 262544 263557 267455 270950 271470 276052 278765
29 30138 55632 68381 75177 82433 92800 106157 108508 117011 128781 129822 139803 144652 151911 155089 160734 165985 170188 177635 179519 186684 191048 194192 198899 203331 208316 209684 214992 219406 222224 224932 228494 233662 236737 241101 244771 246960 250745 254209 259189 261965 263310 266042 270805 273770 275424 278823 282717 285970 287320
30 19900 45299 67082 84640 94678 101823 111122 115724 124996 133492 135100 145616 152617 153323 161778 168748 171079 175545 181692 187734 194330 194792 202938 206369 210343 213317 219636 223696 226336 231370 236068 237057 242462 244164 249992 252713 256951 261465 264204 267724 269333 274758 277950 279500 282319 285678 288000 292404 294612 297893
31 31614 45561 64133 83643 95448 103189 110736 123066 127364 132686 142195 151234 156971 161557 164738 172712 178405 182137 190694 194388 196844 201857 206284 212706 216290 220340 225172 231900 233057 238680 241720 245977 249545 252607 259290 261284 266456 269040 273433 276995 278172 283239 286142 290674 291202 294484 300236 300684 304937 307010
32 27153 59005 77596 87284 97272 104184 112137 127197 131629 140071 149410 151992 159101 163670 171611 180566 184715 191573 193382 200147 205399 207975 212746 218914 223359 229331 232700 237749 241934 247457 248943 255520 259575 262868 264963 271303 273333 277940 279336 285141 286860 290267 294400 296756 301004 305797 307932 313077 315748 319423
33 24695 65337 78648 85291 100094 109249 119531 129333 137654 144599 152373 155905 165527 171346 174869 182428 190487 193099 201705 206507 213150 217800 221960 225272 233065 234834 240153 243932 247742 253907 258834 260596 265399 268985 273482 276964 281488 287460 291149 292120 298390 300499 302954 308581 312160 315422 318240 321305 325949 328942
34 47112 65223 82165 89440 100631 108587 118367 130447 141499 144410 152356 166426 166565 177322 185105 191248 196965 203319 207484 211566 215786 222122 230499 234871 235951 243854 245931 252792 257144 262219 267024 267803 272594 276803 282834 287777 292321 293032 296795 301049 305849 308933 312060 318440 320539 324339 329432 331112 333477 336583
35 30512 52849 74081 98747 103827 116713 127354 139825 145997 150785 160390 165502 175140 182940 191447 192850 203482 207889 214730 216095 222574 228548 235412 241475 247190 250831 252583 260791 265262 269841 274967 277363 280262 288363 291657 296902 299286 303835 306325 312266 315389 318788 322836 325632 330486 334978 336583 342070 343927 349369
36 48299 61937 77211 95790 113157 121763 127381 136040 146852 156755 161479 172199 182005 186506 192390 203009 209667 212003 219216 226543 233084 236726 241924 244482 251794 257897 261292 267177 272080 274262 282732 285923 288000 293880 297735 303939 308258 311187 315817 319083 325676 329631 332294 335168 339089 341602 348661 349404 353314 359712
37 37000 71746 77964 93895 116770 123161 130290 144632 156803 158885 170521 175584 183961 188954 199114 207596 213705 220142 224209 228683 238298 242625 249633 253551 257409 264233 271591 272396 279050 284010 288220 292745 296277 303851 305648 312382 315261 321709 324421 330607 333985 335049 342884 344954 348586 352647 356892 359262 363505 369333
38 33128 68821 82557 93081 110396 126261 141776 147956 154263 167889 176117 184916 190455 195691 205481 208273 217099 224683 229641 238282 240933 246268 253549 259960 266217 271906 278413 283349 288400 293265 294641 303144 304380 311693 313632 319110 325915 326977 334918 339287 340900 346363 349352 356228 360259 361540 367953 370690 376104 379772
39 53474 65724 82178 102593 120837 133969 137996 146549 159471 171067 177354 190422 195312 204592 209441 218121 222539 230331 237868 241926 249722 254906 261736 267029 274777 279606 283173 291223 295989 299463 302897 308273 314815 316837 324427 329637 333216 339815 340262 346727 350132 357271 360913 362595 366019 372690 376910 379965 385528 386631
40 49315 60399 97652 108812 124451 128499 148162 153049 167619 173251 182428 194977 197423 207846 212415 220690 231862 235151 243836 252349 258488 261687 268209 276087 280571 287444 290654 298583 300400 305889 312000 318094 321397 325158 331011 338278 342228 346133 352636 355708 358039 364417 366693 372322 375659 381492 385995 391510 393223 399840
41 57400 73343 96677 107229 125168 131456 144143 157089 164409 180214 190727 196115 205000 209060 222158 231205 238083 245590 247499 253935 263423 269355 276378 281321 288519 295200 296790 304727 308128 315460 317796 323147 328000 335399 340868 343716 350016 356959 358557 362473 366898 371361 377645 383037 387575 392916 397256 398439 405631 406541
42 42000 82730 91247 110804 120855 144275 154204 158935 173577 186510 195018 196997 211173 219045 227421 232939 242293 248333 254091 265366 267880 272321 280364 286956 293159 300293 306916 312159 319642 325005 326629 332198 340381 342551 350895 354297 358258 365569 366436 373493 376410 380697 386035 391930 394711 400743 403462 409538 415269 419412
43 44687 72973 99552 112788 134886 148708 160431 169182 175827 185250 193452 208539 218751 227047 228831 241873 245665 254537 261417 270319 272906 280260 287425 296918 299275 305754 315750 316218 326687 331742 334848 339237 344537 352600 356874 364055 367795 374668 378888 379960 384700 392409 394758 399692 404017 411454 413516 419729 422539 427239
44 34082 72567 90173 110964 138862 144599 159375 175559 184590 191993 202782 210281 222102 231325 239386 247810 256109 260308 269516 273650 279668 285560 294241 302930 308879 316066 319599 328560 331843 336478 346345 348684 356590 357783 368025 368236 374801 379728 387400 392661 394629 399020 404034 412663 413225 419641 422125 428226 432007 437175
45 31177 89095 106489 117000 134097 151671 164727 172650 189000 201045 210877 216562 225719 232785 245982 250226 259600 268647 270150 278855 287578 291911 301332 310858 312677 322245 327234 333729 336990 347754 349728 358647 361347 368451 372496 376605 384269 387627 394155 400778 405100 409277 413119 420985 422617 429744 432281 440816 441826 449550
46 46000 71263 106498 117817 138612 148060 160934 174315 192322 202609 214382 218875 228523 240611 247376 258584 266324 275693 283414 285941 294831 304296 308166 315762 322000 330048 331838 342877 346438 351050 358328 363720 370064 374949 382326 387275 393239 400385 405427 411128 415836 420089 424498 429158 436297 439101 445227 449578 450988 457232
47 61640 84600 114742 129229 146833 152152 175606 180078 188938 208078 216812 229098 237245 239654 253277 263871 273086 277419 285426 293665 304305 308916 313177 320428 326844 332739 343583 346910 356457 361014 364788 372102 380903 386545 392330 396029 404091 405510 410706 416474 425188 429118 433115 437176 441500 448351 455585 456263 461845 465466
48 55148 93075 106901 133367 142067 158327 168753 191279 196507 213371 218070 227583 238266 251623 254173 269997 275906 284296 291657 296359 308099 316800 323137 330748 336274 339411 346798 356753 359968 365809 377464 379291 386869 390544 399295 405024 409325 414916 418454 427712 432320 437301 442226 448948 453441 457891 463989 466465 473913 476628
49 36668 84870 117600 125501 147000 162810 178564 192789 198435 215600 221532 230039 240050 258913 259469 273874 284875 293346 298860 308661 311449 322061 326797 332767 339623 346759 354158 364186 372787 375865 382326 386324 394929 403470 405014 413579 417162 425370 430977 433975 438379 448557 453455 456411 462888 465371 470910 476586 482196 489314
50 46904 94868 114891 126491 150333 166433 180831 197990 200250 222486 224499 238328 248596 258263 268887 279285 286356 296816 302655 315753 322025 331210 333766 342929 350999 354824 361801 373898 376165 383406 387298 397492 404104 411947 412795 421545 427200 433820 436005 442380 448888 452880 461086 468722 471593 475500 480833 485592 492138 496488
51 53973 95139 121974 132207 147460 172498 189182 202464 215169 220660 231699 247757 257234 268708 275022 281380 291905 301030 307695 314385 324802 332088 343636 346800 356271 364498 370163 380420 382602 392534 396752 402480 411049 418573 421545 428521 433710 439311 449495 453986 461712 464296 472294 476461 480267 487150 491932 496144 501463 509898
52 62400 87013 106568 142976 148542 172151 182223 205909 210841 232318 238974 244345 255595 272988 278867 288588 295624 303566 320212 327889 335390 338759 350528 356494 362213 369456 379422 383392 389410 402118 403863 409844 421168 426273 434566 436057 447200 452490 456180 463121 465102 473628 479416 486360 490346 494957 501254 506300 509812 517707
53 67040 105469 120859 139421 163185 174176 192267 210671 214110 231992 239382 249494 264363 273348 288351 295472 306118 313373 320639 329965 336706 347867 358994 364430 373866 381305 382923 394628 400141 408616 411083 421741 428743 433565 438461 447968 451714 458626 462894 471908 478411 484711 488981 495713 499776 503472 511553 514073 521666 525743
54 47076 85722 113271 144897 155009 172124 191072 211911 222123 238090 244137 258975 265425 281630 294980 300077 307942 318554 330416 341355 346947 357707 362243 368785 379232 383058 392978 398870 408263 413656 420091 425471 434960 442537 448948 455652 463646 464777 473971 478624 488036 491845 495860 506450 510807 513994 519524 526438 532824 536859
55 76210 97149 123475 147580 169343 179067 202531 218897 220000 236947 250839 267868 274119 289991 299030 301849 312679 326498 330915 339578 355251 363167 371891 380892 387350 389064 398437 404166 411582 422606 429141 436826 441373 452339 460032 466042 473000 478215 484625 490210 491935 502400 505402 514654 520731 524551 530173 533358 539112 546690
56 56000 109737 136713 157199 165366 190070 202841 219188 233326 244355 253674 272968 274800 287297 304879 311392 324414 330163 338418 348282 362230 363957 376493 385710 394711 400234 411057 414551 419215 427511 437374 447720 448560 459337 466114 468663 479773 482641 488454 497613 505491 510061 517629 519806 526519 534793 539231 545246 549371 559215
57 45600 111113 117923 145991 162024 182400 207405 219875 228853 253378 266867 271454 288174 295082 303976 314896 330993 335090 345591 352111 363372 376545 384908 391769 398348 408018 415123 421800 431697 436339 448384 449397 456570 466983 476078 481776 488208 496129 503152 508547 512620 521791 522911 533734 536769 543745 547912 553341 561963 566799
58 43403 101790 126008 162814 165275 183412 207831 220095 235740 246619 263757 280806 287904 296652 309527 322513 337199 345478 348580 362952 373188 377490 391317 396781 407158 413553 418887 429513 438198 447315 453440 461820 464724 472193 484430 492010 496231 503766 509212 514470 519934 527513 532843 540241 549135 556075 561013 563407 573115 579652
59 74630 115616 127090 163931 175022 186574 220442 230931 236883 260671 275474 278990 290481 305663 313756 328286 342200 348650 357912 366180 380356 384180 394727 408594 413842 423980 426925 440410 446533 456250 462614 469634 477718 480189 491651 494193 502020 508770 516646 521475 530607 536738 541773 548287 555353 560841 568975 576029 581442 584189
60 50912 85697 124129 160100 169706 200080 208883 234231 253425 258766 278596 289496 304526 313152 325994 334066 343837 356786 360799 372773 385123 397814 406409 412388 419485 428318 440091 444648 449640 457576 471372 473658 486851 487590 496371 506707 512921 519615 529498 530313 541465 545307 555640 559257 565275 575375 580234 586406 592999 596751
61 63393 114446 130260 160929 190179 194818 211310 241548 256200 265613 277667 288189 305488 322551 326905 342470 352747 357774 369239 379379 394949 403892 411919 421739 422972 435285 441397 453374 457297 470926 477206 487847 494815 496616 508610 515730 520327 525875 535134 539704 545737 556940 563450 566085 575473 584582 590283 594179 602512 606820
62 48025 103746 134127 170020 187646 202238 223888 244252 255332 274205 284930 302723 310248 320487 334110 341844 358744 365327 379772 386196 393883 409576 411261 422693 436649 438406 451707 461140 463966 479930 487243 489132 500782 504148 512617 519174 532767 535358 547007 549811 560886 567427 569591 575098 584775 588706 600088 602135 612264 616394
63 71276 103902 131548 156869 197623 210461 229237 242366 266692 267880 283430 302662 315252 322225 344835 350543 357049 375894 379049 391006 404380 417324 422617 434654 443692 453075 462439 470775 477970 483420 495902 496062 504315 519206 524227 529200 537977 546759 553540 557541 565598 573265 581787 587084 592334 599659 607158 615081 620990 627222
64 55794 121431 141381 159872 188556 203596 222808 243873 265426 282761 292446 301548 318460 336228 349841 357943 362039 374496 391186 399680 414174 414965 429134 442480 448731 457947 468207 478590 480980 491926 501492 504749 519466 524331 533623 539122 543812 554847 559112 569995 577846 582787 590745 600237 601055 611460 619843 625762 630197 637949
65 87207 102362 157080 169499 198436 211225 241814 249383 266103 287473 304600 313351 331181 342470 349553 362138 369986 383445 394952 409035 414372 428803 436614 443527 454814 464011 472313 482578 493658 497409 507999 519837 521298 529501 537578 547700 556728 563367 566806 578317 584133 594599 598988 606280 614723 619515 624271 636735 637133 649089
66 43779 97894 148756 185271 187607 227101 245179 261347 267931 288292 306456 321441 326283 344214 355666 367472 378451 390015 406423 410688 421367 435600 445096 454395 466317 474466 484819 493722 501079 503853 512255 527340 535699 537971 550457 558003 564368 570814 580350 589584 592679 598093 606913 613196 624040 626687 636891 645856 651765 656957
67 70906 121342 141812 183732 194646 216069 233252 260870 269003 299033 309653 323826 339261 342946 363039 374481 389984 400658 410180 420769 424380 444226 448650 459329 470147 473951 489054 493622 508141 512364 527048 535497 538840 550216 557672 564075 569933 579463 585781 598066 600763 608484 616691 624216 629515 639841 649451 652485 659329 668659
68 63790 99009 164329 180424 194722 223471 250403 254433 284952 292321 308633 322122 345397 351501 369460 372700 385387 404586 411611 419401 439429 444452 458987 462800 480640 481409 493551 505034 510861 524262 527252 542127 548908 556272 568278 569416 577800 586852 594368 607602 610941 622488 626781 632071 644961 646250 657458 663061 671928 675771
69 51635 121878 159149 189719 208832 224223 241401 260743 278746 303286 319791 333777 344171 359065 368747 383680 391541 412387 414919 425792 443751 448235 464099 475450 486144 496992 500428 510040 517638 528380 542430 550099 555439 561238 574319 579436 587919 601053 606101 614681 620693 628014 636597 640772 649334 660529 667412 675918 679010 683901
70 91804 138593 168582 189905 206708 222243 250831 273269 295993 297315 320475 337745 345207 365880 372253 391750 405033 417660 430144 439163 442940 462424 465803 482746 490600 504194 513821 515535 527932 538591 543842 553310 561922 569544 580283 588333 598735 604113 613609 622961 629844 634958 647793 650661 657404 665111 678386 684284 688282 695224
71 53132 118806 142708 175644 201820 230723 257173 271291 289624 317204 332413 333927 351862 371650 388624 396076 404388 419321 436058 445210 449941 462319 475223 486959 494764 511791 517278 525208 535662 540720 553254 559055 573652 582373 592329 598762 608450 618312 620103 629782 635519 650416 655819 662853 672816 680860 681896 694930 697681 708863
72 82722 127177 162917 176950 215038 243526 269014 277737 292997 320703 337095 338630 357978 376333 393571 398284 415360 420075 441730 454684 460800 472136 477594 497999 506872 512769 521789 538028 545872 553230 559936 573113 577977 593553 596862 609581 618362 624037 635234 638165 646719 654369 665056 670644 680314 686987 696132 702212 711745 714652
73 99022 104265 172131 204400 211574 235418 270396 285354 299567 312795 331005 355233 369065 374227 396088 403023 418080 433844 440669 458449 466058 473994 492736 497687 510791 517631 530243 538619 555760 562242 568838 578131 586004 599134 604094 618565 623199 633546 643395 645545 658135 665862 671917 681681 685734 700039 706556 711516 721630 726928
74 64512 116535 171322 184852 225427 239559 272095 292651 298212 326943 335539 357352 377037 377327 400968 410683 428689 434273 454001 464258 472442 489296 491975 511404 512687 525348 542779 544793 557903 567054 577579 583240 593847 605716 616114 619659 628782 644268 648672 657893 663694 676766 684330 692444 698271 706225 711016 721415 725351 737183
75 56125 109202 180624 211069 230922 244643 263249 293172 311047 323458 338748 360312 380953 390576 407216 423468 425059 440398 459647 463060 485361 491350 499525 516575 522422 530330 544564 554189 562450 579978 584230 598122 605599 611698 621188 630892 642553 651076 657951 664756 674667 679154 693902 699714 707708 713880 723740 727461 737597 745486
;

param:	cost_bundl	marginal	:=
1 10 23
2 50 64
3 100 106
4 150 189
5 200 216
6 250 273
7 300 304
8 350 391
9 400 439
10 450 484
11 500 544
12 550 565
13 600 641
14 650 665
15 700 743
16 750 754
17 800 845
18 850 895
19 900 912
20 950 964
21 1000 1040
22 1050 1087
23 1100 1142
24 1150 1151
25 1200 1209
26 1250 1261
27 1300 1318
28 1350 1382
29 1400 1403
30 1450 1481
31 1500 1510
32 1550 1579
33 1600 1632
34 1650 1670
35 1700 1704
36 1750 1791
37 1800 1829
38 1850 1895
39 1900 1923
40 1950 1981
41 2000 2034
42 2050 2087
43 2100 2119
44 2150 2188
45 2200 2208
46 2250 2266
47 2300 2342
48 2350 2351
49 2400 2447
50 2450 2493
;