param num_bundles := 50;

param num_cust := 75;

param price_reserve :
   1 2 3 4 5 6 7 8 9 10 11 12 13 14 15 16 17 18 19 20 21 22 23 24 25 26 27 28 29 30 31 32 33 34 35 36 37 38 39 40 41 42 43 44 45 46 47 48 49 50  :=
1 1200 1887 2236 2608 2898 3280 3572 3752 4089 4450 4565 4758 5075 5235 5415 5611 5776 5933 6020 6280 6347 6487 6648 6853 6980 7147 7335 7357 7513 7697 7854 7907 8042 8129 8338 8386 8528 8688 8823 8940 9033 9091 9183 9332 9449 9585 9644 9732 9826 9982
2 2227 3487 4850 5169 6027 6536 7178 7663 8343 8926 9060 9466 10190 10400 10688 10998 11356 11710 12159 12592 12800 12980 13315 13694 14125 14221 14588 14822 15163 15383 15554 15895 16238 16336 16728 16848 17163 17274 17614 17763 17897 18150 18417 18693 18770 19016 19387 19551 19686 19807
3 3650 5367 6264 8094 9237 9600 10767 11557 12427 12855 13497 14135 15120 15554 16200 16432 17369 17575 18396 18725 19256 19498 20276 20365 20828 21273 21733 22054 22745 22887 23315 23834 24202 24438 24927 25143 25660 26098 26167 26698 26953 27305 27535 27937 28181 28568 28968 29210 29534 29789
4 4000 7288 8504 10088 11947 12674 14838 15137 16297 17582 18556 19133 20349 20707 21630 22199 22992 23866 24053 25197 25387 26009 27047 27632 27954 28577 29274 29686 29987 30463 31466 31567 32040 32897 33265 33486 34129 34511 35091 35553 35964 36468 36756 37284 37871 38317 38516 39094 39452 39872
5 6083 7348 10488 12923 15067 16793 17720 19774 20881 21954 23388 23896 24597 26000 26721 27803 28671 29479 30480 31321 32125 32481 33332 33912 35327 35721 36455 37027 37483 38678 38910 39446 40398 40755 41533 42178 42603 43174 44000 44463 44956 45310 45837 46872 47191 47760 48332 48693 49061 49910
6 7494 8570 13363 16366 17055 19200 21667 23637 24179 26373 27756 28850 29880 30758 32621 33190 34321 35068 36909 37045 38193 39727 39944 41396 42137 42865 43747 44675 45505 45742 46877 47244 48045 48892 49926 50557 50954 51962 52581 53383 53719 54478 55343 55823 56807 57009 57999 58358 59069 59397
7 7139 12755 16267 18146 20765 22790 25432 27002 28896 30351 32713 33542 35056 36346 38084 38392 40576 41104 42209 43760 44800 45452 47332 47600 49379 49951 50555 51989 52514 53659 54708 55349 56366 56937 57893 58933 59545 60832 61329 62500 62704 64080 64476 65202 65874 66776 67447 68357 68970 69846
8 6197 13764 16000 21347 23786 26095 29589 31025 32946 35741 36133 38099 39775 40824 43642 44109 45929 46921 48133 49960 51698 52800 53451 54588 55931 57667 58175 59480 60208 61115 62462 63377 64000 65051 66453 67542 68576 69467 70600 70690 71572 72760 73583 74825 75574 76248 77315 77645 78645 79196
9 10182 13708 18619 24350 27298 28968 33239 33675 37326 39395 40570 42443 45501 47521 48165 49492 52045 53759 55334 56836 57825 59072 59970 61411 63614 64825 65891 67036 67422 68943 69853 71458 72939 73580 74673 75557 77337 77442 79241 79750 81120 82014 82506 83598 84466 86156 86400 88071 88328 89313
10 13565 14697 20688 27055 31305 33226 36332 37523 41134 44677 46861 47582 50557 52000 53889 55749 58275 59397 60200 62610 63812 64931 66393 69195 69311 71162 72636 74324 74887 76942 78689 79095 80846 81927 83283 83905 85299 86464 87567 88882 89711 91455 92109 93467 94064 95226 96250 97570 98000 99438
11 12445 21443 26764 29269 34224 36681 40804 42773 45461 46824 49634 52015 55176 56132 59318 61048 63572 65780 67163 67916 70055 72633 73954 75284 77031 77937 80413 81489 82815 84004 86278 86977 89012 90307 91028 92531 94267 95314 96047 97149 99488 100793 101487 102010 103213 105118 106263 107485 108538 109780
12 7589 17139 28397 31200 37412 38099 43267 45092 48478 50912 55771 58493 59711 62951 64667 66985 69018 71196 72993 75819 76575 79563 80032 82268 83415 86300 86865 89671 90024 91767 94397 95579 97163 97842 99100 100971 102612 104034 104641 107063 108320 108744 110452 112160 113157 115000 115350 116937 117942 119615
13 11333 19106 27145 34099 37857 44429 45481 49809 53348 57788 58774 62886 64583 68098 69959 72381 74815 77957 80053 80432 82506 85484 86232 89351 90329 92401 94212 96411 98044 100563 100899 102494 104065 106663 108330 109447 110767 112823 113451 115984 116334 118920 119882 121701 122559 123438 125098 126093 128457 129740
14 9287 23089 30544 37774 40672 48173 50400 54725 58800 61981 64825 65904 71001 72422 75652 78849 80131 83014 85846 87654 89556 92315 93413 96874 97559 99272 102382 104128 106216 106878 108444 111403 113045 113978 115955 118033 120302 121599 123041 124592 126497 127546 129286 130913 132135 133991 134720 136828 137628 139214
15 12000 21633 34073 39799 43784 50468 54332 58404 62929 64622 69843 72931 76191 76662 80889 84214 84959 89196 90250 92903 96514 99091 101069 103489 104441 106701 108706 111606 112290 115646 116730 118415 120300 123511 125068 125929 127421 129522 131419 133222 134432 136689 139007 140071 141669 142997 144624 146110 147916 149007
16 17527 29328 37591 41229 48319 55241 55794 63357 65032 70254 73321 75928 78904 83262 86222 88102 92191 93679 97587 100889 102799 103988 107950 109035 112502 113137 116085 118832 121431 123729 124759 126511 128877 131512 133674 134514 136629 139044 139485 141453 143858 145415 148309 149649 150842 152764 153467 155784 157484 158618
17 13168 29641 34673 44720 48799 55556 61011 66626 71319 73317 78274 82795 85407 87875 92177 95805 97004 100631 103964 106870 108959 110225 115149 115400 119967 121023 124275 125570 128347 130402 133599 134332 137941 139068 141090 143366 144370 147420 149019 151786 152849 154429 157027 157761 160450 162916 163660 165171 167569 169932
18 23331 31794 36358 47624 51795 61411 65989 70177 75342 78872 83501 85798 91358 91853 96060 98984 104276 106793 108060 111426 116542 117428 120855 123612 125485 128495 132076 133103 136088 138822 139613 141915 146100 147644 150427 152608 153412 155801 157415 159135 161960 164933 165051 168163 169200 172575 173884 175036 177827 178699
19 12017 34620 45282 47310 56235 63813 66581 71799 79800 82470 88875 91042 94619 99818 102741 105788 108150 111890 116444 119262 122782 125860 126261 130479 133054 136377 139258 142081 142589 145446 148832 151572 153418 154730 157963 160367 161578 164895 167286 169260 171506 174055 175501 177993 179004 182202 183741 185111 186819 188090
20 13856 35777 45782 54259 62738 67052 73212 77563 80000 87361 89711 96250 99116 102372 107555 111786 115793 116962 120333 124515 128748 132121 132846 136938 140399 143164 145547 149613 150147 152630 155795 159800 161889 163756 167284 168143 169706 172139 174906 177042 181019 181769 183739 186976 188170 190200 192707 194689 197464 198635
21 29098 38949 43445 56035 63279 71770 74661 82517 88699 91344 95313 102190 103050 107818 113943 117600 119460 125579 126280 129521 134859 137450 142181 142923 145553 150557 153803 155967 158713 160921 163854 166524 169151 171276 175498 175849 178389 181380 185086 186037 188252 190996 194202 195740 197445 201162 202517 204424 206783 208313
22 24100 39108 52616 58703 62998 73363 76464 86558 92818 96800 103095 104123 111312 116080 120258 120900 124994 131853 133531 136542 140111 145400 148496 150632 154314 156308 159071 161846 164692 169728 172781 174897 178349 178783 183855 184380 188328 191488 194199 194697 197167 201585 203972 205532 206753 210097 212980 215330 217077 219118
23 14546 43396 53050 61026 69611 74030 84319 86548 95277 101929 103883 109341 116008 118890 125218 128059 133003 134820 141333 143266 147989 149341 154563 159016 159747 165408 168952 172055 172178 176547 180048 182557 185318 188151 191605 194727 196081 200034 202295 204945 208172 208274 212050 215612 217857 218246 220752 223420 226477 229586
24 18590 46538 51920 62584 69724 78579 84513 89800 96717 104062 108718 115699 117967 122940 129600 133626 139531 141986 144320 150034 152244 158109 161497 163341 167657 171394 173200 178699 180559 185096 188610 191640 193435 195154 200281 201314 204944 209117 211309 213964 214770 218703 220539 224833 227228 227836 232639 233430 236665 237588
25 28284 41231 50744 69821 75166 82765 91515 94207 105357 108743 113688 117367 127181 130480 134257 138924 143178 147733 150333 157321 161478 164697 167183 169632 175214 178185 180555 184323 189077 192029 194679 197611 202299 205000 206882 211305 212426 215697 219602 222486 225444 227046 230054 233345 236802 237592 241454 243362 246424 248646
26 21440 40945 55521 69571 73723 85128 95176 99753 105548 116043 119033 122835 128641 135799 142218 144388 149630 153906 158408 163862 166481 169220 175880 176953 183701 186186 189211 193521 195398 198964 202466 207545 210134 213517 215283 218647 221413 224746 226663 231152 234404 235956 240328 242121 245063 249275 250303 252079 255118 258801
27 24150 46765 61806 67877 78067 89874 96900 101600 108135 120385 123139 129600 137462 137885 146697 152353 155197 157713 163879 169563 173810 178772 179423 186906 189154 194550 195745 199508 202770 208163 211429 214646 217815 222123 223106 226736 230309 234325 237661 239190 241918 247282 248224 252302 254316 258468 260714 263053 266631 269459
28 34972 48173 63357 74081 88189 91333 97318 108732 117866 121792 127700 131689 140893 145384 151200 157399 162593 166970 169116 173781 177530 181633 189244 193666 195279 198465 202609 208633 211988 216670 220330 223439 226229 229190 232518 235000 238970 241450 246909 250314 250565 254415 257417 261047 263319 266339 268858 272968 275540 279776
29 30138 54099 68871 76727 90969 97226 104722 115419 116000 126541 132006 138958 145810 150577 157777 163432 167599 171762 176018 183137 184692 190343 196260 199827 204239 207264 212552 213106 217326 221921 227904 231274 234810 237871 242146 243807 247300 250544 252883 258409 261322 262670 268497 268997 273893 275729 278642 282835 284968 288954
30 24739 42849 70993 83355 86533 102879 104785 117729 121491 130767 137084 142618 148795 154609 159085 166385 174826 177076 180200 185224 193028 196448 199269 204968 210257 216167 219636 221432 227130 231914 234845 237891 242091 246000 250567 254063 254558 259946 264136 267791 270267 271993 276456 280913 283718 285237 288874 292896 295222 297348
31 39699 61063 69870 77189 94436 98226 111082 120701 126911 135835 145271 151107 157094 158918 169681 170922 179800 181396 187339 195078 199752 203470 206284 213338 217000 219203 225257 227887 234701 238358 241084 247922 249622 252987 256908 259809 263263 268539 271529 277203 277619 281196 284930 290343 292651 294353 298760 302405 305000 309876
32 36765 61719 67124 83691 90961 103791 116262 122439 133789 138896 143108 152664 157939 163294 172206 175738 183937 186700 192639 201981 204800 210325 212457 217035 224000 227808 231199 235847 239637 247457 250664 252455 256480 263413 267042 270471 274977 276758 281236 285500 288355 290125 295442 297652 301072 304454 309855 311635 315877 319167
33 30957 58662 68271 83223 100311 111225 116579 127125 133640 140937 150503 156880 165790 170326 176110 186559 191741 197008 201489 205873 210477 218100 223232 227676 230150 235852 241510 245800 247038 251667 257569 261513 265317 270117 275070 277514 283262 285254 289423 292269 297440 300064 304603 307520 311041 314592 317075 322456 324945 328346
34 45106 51339 76026 86014 107302 109436 122777 129379 137016 151900 156548 163907 167672 178880 180680 188447 193053 203660 204679 211785 217494 223987 226451 232397 237319 242046 247337 254160 255159 262219 265461 267803 275798 279049 281852 284952 289779 292479 298116 303649 307658 308183 314569 317641 320539 325407 327673 330832 335344 336857
35 24249 55118 82529 98250 105698 119206 125024 134101 146332 150133 164015 171321 171607 181055 190163 194997 200816 206470 214844 221027 222133 232058 236865 241880 245300 248771 253164 260227 262663 269750 273359 275857 281745 284858 291573 296902 298958 304641 308000 309903 315622 319862 321238 327582 328851 333365 337528 342714 344994 347259
36 46102 62354 83656 99506 113614 121337 127990 143459 148781 154758 167622 169008 177681 188854 196917 200181 207055 214192 221334 222968 228366 237818 242138 245540 250245 258198 259899 267468 269399 277083 281814 286013 290152 293527 300767 304109 306740 312682 316309 319894 325596 328449 333073 335708 340386 343267 346723 350811 354632 357689
37 51800 61022 82070 91832 114879 124487 134834 145575 148185 161109 172596 177446 183215 189821 200893 208517 214472 218895 226275 233188 235757 239787 247762 253659 258365 262570 268448 274399 279638 282754 289547 294330 298304 303941 305648 311064 314391 322219 322559 327026 333493 336436 339756 343204 349528 351091 356738 360859 363957 369333
38 40927 53740 77505 100825 113492 126717 134027 146780 157230 165114 172136 178560 190758 200069 202936 212120 219086 222227 230519 234371 243675 250339 252750 257841 266109 269345 276749 283043 289100 289798 295326 299695 307307 308901 314919 318838 324761 327065 335004 338264 341155 347861 351084 353625 356472 360900 364721 369441 374565 378248
39 33999 56785 87555 99889 119826 123821 143825 148610 159662 167836 179061 186712 195156 202199 209586 216582 222949 233349 235813 244676 252026 256097 264281 267371 274556 277312 283710 287967 295269 300578 306392 311121 315490 318847 323394 329637 332851 338110 342579 347428 351693 353504 360660 362595 366600 371300 374237 381164 382200 388985
40 51225 62482 82753 106132 122898 135529 140171 150093 168190 170270 187446 193659 200160 207692 215852 221991 228666 239600 245666 252095 255374 262907 270585 275042 278280 284197 291753 297940 299867 307037 310870 317087 323778 327023 330817 335142 340541 347148 352636 356247 359733 364330 370858 374807 376085 379726 387402 390937 394522 398316
41 36672 65085 98058 108785 117692 134490 144376 156875 171221 182807 185000 198839 205818 212884 217107 228426 234955 242975 252608 257746 260987 270848 275281 283583 285591 293143 298597 304727 312139 313429 322209 327282 329840 334998 340275 344693 348090 353362 361824 364508 368179 375144 379156 384002 386184 390771 394879 401465 402803 406707
42 56972 59397 90860 107244 129861 136225 155797 166312 177397 178784 191181 200547 210000 219045 229275 236695 241564 247764 255752 262155 270370 275668 281494 286217 294000 302633 308407 312385 319200 320964 328353 335369 338719 344912 347561 353599 358946 362468 370839 375284 376035 383743 388313 393009 397827 399596 404946 408589 413225 416796
43 44687 84700 86856 111800 135160 138937 152635 161350 178954 188220 197987 203331 211532 223765 227859 241567 243549 254246 262406 265209 275334 279731 288965 292020 301246 304178 315281 319360 322701 332076 335951 339999 344000 352495 356874 359867 368498 370200 376833 380350 388335 391843 395319 399599 404109 409653 413158 419200 422452 426546
44 55656 68165 92295 122885 138862 151401 156432 174453 183116 192396 200671 210097 224011 229307 234318 245771 249833 262234 266917 273509 282561 285560 293187 299071 306108 312617 321531 326313 331843 340140 341503 346903 353537 357566 365703 372833 373456 379422 386900 391773 395609 402498 407849 409366 415002 421941 424503 428859 431380 436288
45 53245 81994 92223 121417 140584 142871 158972 169095 182458 192608 207976 219902 227684 233827 241160 246475 258505 269850 271794 284178 285174 291772 304408 305338 316667 322245 324874 331048 340219 345652 352612 355699 364583 367129 372822 376927 383953 391784 395078 400070 404500 411252 413804 417992 424338 428801 434524 437681 444294 449730
46 58909 68229 99087 120306 144589 154494 162504 180751 191881 205306 213789 217906 229078 236531 244969 253293 262966 271828 279353 286975 292381 303182 311852 317367 323050 328506 337904 341145 348387 350446 358800 367309 373366 375513 383652 388911 391189 397947 401335 411334 414715 417664 423899 430143 433866 439294 443131 449107 453981 455377
47 61640 84600 98588 130589 143792 159523 175103 178105 197176 206586 211029 221449 239285 245662 249941 265540 269994 280271 285426 295615 299032 308629 315566 320152 330875 332340 343068 351339 352469 363575 365030 371270 376117 386202 391654 397254 399251 405292 413814 419012 421221 427984 432706 440097 444293 449729 451983 459928 461654 466414
48 55977 82022 105163 131629 141091 158327 172800 190313 203194 211636 221633 231994 241531 252901 258666 265870 276240 287680 294643 301140 309442 311668 320703 327527 339140 340360 349445 357399 364926 367067 373044 381109 385318 390780 399872 406387 411234 417352 420979 425227 434552 436034 444616 448640 450382 456581 461699 466959 470498 479808
49 55437 83731 117600 131846 150231 159532 180171 195264 207427 214707 222181 230873 244804 258356 268026 273172 284706 291869 294978 308038 316344 323697 328117 332767 345372 351300 354971 360342 372271 375993 381068 389666 397595 398319 409260 414391 419916 424239 429750 436403 439145 445442 451545 456516 463406 468251 471216 478095 484283 487642
50 50990 87750 115326 139642 143527 170587 176068 194422 200000 216795 233880 239165 252190 258457 270740 280179 290689 294449 306431 310805 317175 324037 334365 341614 348281 354260 360694 370945 378418 382623 392301 396863 401248 408779 415452 421663 426380 432897 440114 445421 450999 456946 463141 464327 471487 474342 480208 486004 492037 497494
51 62877 97835 103519 135702 150601 164153 187802 190825 206030 227851 231025 239863 253157 269094 276343 287416 289759 302065 311225 321907 323679 333183 341205 346800 353633 363784 369037 379599 382330 393461 395702 405570 411175 418573 425965 427914 434908 442261 450073 450535 458319 462275 469200 477334 482537 485760 491826 496249 500632 506109
52 46510 85128 112973 133995 150351 167695 189497 204328 216410 231619 240553 249600 262896 273976 278479 293236 297447 311480 318179 320550 330026 337319 352221 358159 365926 371500 375698 386203 394789 400096 408655 415349 419882 427666 430942 435063 445139 449251 457482 460780 467422 474541 477155 483684 490457 494082 499417 507047 514353 516242
53 68696 89944 108099 136571 154338 168936 191094 206904 212265 233681 247232 251066 264363 271492 283042 293565 307400 310672 322212 326886 342660 344133 354268 363195 371151 377753 385555 392486 401962 404609 411630 418532 425191 434729 439740 448719 453452 460704 467963 473097 478411 485522 489096 493669 500450 507916 513417 514291 521236 525743
54 55069 87740 129600 148475 157990 174813 194700 204916 227826 235381 246751 261440 272151 282457 295573 304131 314130 321107 326153 341184 344586 352451 364330 371777 374279 385939 389849 397258 410400 418003 422720 426566 438432 444378 446995 456292 458841 469645 471009 481540 488036 494682 495272 502519 510007 514334 521317 528538 530631 537402
55 64140 77782 125901 154000 172528 177710 204907 213581 224626 235410 250356 266055 269444 284728 296388 306425 318620 324826 332739 344003 355931 363333 369115 380256 387506 395694 401161 408336 411729 419156 427587 435300 443151 449387 460032 464612 473000 479226 480487 487860 492795 500591 508505 514066 517117 524090 529602 537876 543916 549560
56 60314 85297 124718 151924 176022 189740 201911 211914 236795 248932 257356 272968 274571 289255 298433 311191 324993 330163 343020 350973 362056 367899 376993 381623 395028 397087 407070 412580 419813 431600 439805 444345 448560 455084 468262 470933 476494 485750 494071 498872 504870 512270 515565 521732 528422 537016 540044 544325 552218 558093
57 39491 89037 129479 150376 163621 186278 206463 220760 229704 249241 262448 271932 287723 297712 306954 321027 330010 339138 349703 353032 366045 376545 380323 393754 398511 409925 417153 422570 431998 434548 447223 449108 461946 466426 476624 478257 488208 494686 499653 504700 513506 521044 522911 532149 540148 544104 548860 556152 562195 566340
58 73365 99787 119429 162400 173225 196516 203909 224033 239702 251482 268058 273770 284614 301600 312124 327276 336000 343329 353181 362767 373549 383151 387343 400326 405171 413715 423995 433257 438044 448367 454329 460945 466747 474041 479685 490777 495416 500282 509740 516558 521613 529041 532590 541858 544459 554621 561493 562570 573467 579187
59 52771 85091 137610 146434 183185 189903 211743 226363 239223 252531 270629 280979 298752 301766 316407 327437 336248 346647 355766 366560 380172 387967 396311 407570 415521 424636 428553 439302 448245 456860 463366 470375 475380 481781 487384 499100 504924 513402 516915 524138 533355 536089 540744 547779 559474 561710 569098 574576 583712 585499
60 75895 99679 124708 166277 186676 192749 216000 224499 252856 261258 270732 292465 297832 307818 321994 334497 341315 351909 361198 372966 381743 390876 405699 412563 417248 429493 439764 444486 451238 461805 469383 478046 482245 489947 496081 502139 510247 520861 525129 532616 538799 548204 556029 558355 564638 570978 575875 586406 591784 598679
61 62208 114446 133086 164587 192126 205960 218240 242163 246428 263644 277399 298090 302550 318137 332772 335223 347432 356106 370647 378986 389446 397203 409564 415338 429260 433572 444589 451565 464081 467914 476738 483249 493309 501982 503019 512109 518321 531366 534438 539014 545601 555736 560005 568185 574178 584073 586108 592799 601647 603992
62 70145 103746 130642 164037 189684 201094 228645 235926 253519 267679 289746 292913 314921 326664 336404 344309 359814 364695 377946 390944 401232 406939 411261 420504 430085 445193 451367 455942 465785 475423 483441 493358 497084 508249 514413 524477 526087 539649 546163 550370 560063 561434 572552 577899 583196 589098 595845 605826 608485 614520
63 41789 93444 135120 169047 191088 215677 230273 250420 252629 279765 284548 296836 314748 328326 335737 346214 357938 377159 379258 393637 406142 415609 422241 431906 437567 446012 456217 467560 474804 483420 491723 502423 504315 516754 525588 528149 536943 546904 551241 557826 568678 571324 581514 587895 593271 602301 607681 612365 620990 627981
64 88681 125414 154663 180566 196637 215709 228973 254717 257595 276314 296065 310119 323564 337930 346310 357485 370537 378413 384000 398243 412192 422594 427029 439508 452367 457410 466103 476360 479957 491760 500184 506692 516936 521826 528843 540791 547415 550549 558819 568700 576995 581661 588243 596815 600510 611728 614400 626677 631106 637178
65 75802 92839 144762 159217 194566 214795 236157 247683 274543 276384 304044 313081 326556 335994 353160 360501 368384 385642 390649 409861 420244 429000 432921 442382 458146 464193 472313 477827 491943 499274 510654 519187 522755 528702 538049 545845 558244 560811 570076 575094 583554 593319 599975 604325 614173 622780 625353 635539 641099 644910
66 45726 118800 142780 178566 192648 222842 243038 248707 274674 288896 301585 310130 333414 343707 350981 372885 379371 387325 400593 417212 422606 432187 446855 453627 463882 468182 476847 491600 501774 506784 516827 527505 528000 542486 546008 559250 562202 568520 581400 588252 593119 600274 610063 615465 623062 628492 635796 643965 649757 658414
67 91866 99377 149216 185676 211023 213981 239332 252119 283625 288334 311388 322436 329596 347368 363039 377347 390214 393422 403338 419486 432760 439553 451840 457370 470338 481655 491617 497247 507080 513239 524829 531965 541002 545464 556705 561042 576200 582399 590817 593243 599416 612455 615817 624216 632787 639841 645429 654683 658648 667718
68 63790 97123 140021 181956 199415 231200 245554 266851 272679 290735 306830 327249 344593 352290 364673 381043 395804 402293 409358 427482 437954 442993 453719 463798 476583 486188 493551 502832 509410 520011 529702 535433 550590 558429 563375 573946 578280 590309 596232 605315 612453 619360 625304 631925 638186 650103 655909 661944 672478 676181
69 63240 106894 147344 181511 213343 220800 241401 268303 281804 301712 317400 330912 346377 354797 375401 383680 395172 403517 414000 434207 441600 456027 463894 477847 486731 491210 506481 513390 521121 528019 542781 548713 559368 562593 570326 581077 591793 593721 604055 610016 619003 628620 638688 643589 649627 656915 663549 670828 678730 684875
70 90730 110236 168000 188351 215981 231318 251611 271470 296324 312109 317093 330412 350839 363731 381098 384427 398201 417425 428089 441611 448874 454946 468530 479487 487795 504000 511527 517811 529044 538591 548864 557896 562270 574512 582474 589166 598899 603138 612010 624375 632329 634958 646430 656210 656658 664963 672000 682563 688567 694801
71 60245 105310 165599 179617 216288 241817 251625 274615 298875 314330 325673 346666 351862 373003 387324 395566 404388 420282 432343 444530 456393 461008 476706 481545 498822 505847 514150 527124 536414 549780 558333 559595 568177 584102 588915 600108 602622 612414 625606 632020 639788 645436 656894 662853 669361 678635 683963 689395 700421 707724
72 55771 132761 144000 202626 204155 235738 268629 275112 288000 318106 331200 342284 366847 372735 389067 401654 413107 429835 435823 445935 463268 468166 482776 492135 500076 514183 519599 533189 546442 557524 559380 573294 578694 586347 599635 607024 614494 624203 628342 639302 651351 655477 665679 669252 677566 687892 690750 704718 707214 716246
73 100093 139275 160600 186400 214078 240346 268418 291269 293819 313815 332931 348570 364708 385727 389029 412175 423148 427159 441876 458449 469703 478916 490786 495970 505759 516394 535842 537629 552683 557100 567149 577023 590894 597709 610413 616321 622515 628139 639073 651134 658620 665542 671283 682618 687131 698057 701712 713610 719707 725900
74 53362 143491 166788 199114 228802 244088 270480 288125 303671 315348 339433 350857 372948 386220 394080 414664 423032 443753 447685 460230 473369 483894 497289 507750 520110 528466 542981 548200 559276 565507 575490 585676 599902 604268 616825 624588 631736 642054 650527 660219 665013 676604 684010 687523 701089 702338 713170 721263 730617 734951
75 47434 132476 156605 196723 221980 239531 266646 295466 317844 333729 338748 361559 371383 385357 408044 411886 425852 438092 459891 465242 477650 488825 504009 518748 528843 535397 548885 558032 561449 576281 587878 596238 608009 613901 622274 634094 643603 650903 655038 665770 673498 684270 687714 701641 707071 714510 723896 727771 741401 749850
;

param:	cost_bundl	marginal	:=
1 10 18
2 50 99
3 100 141
4 150 180
5 200 232
6 250 289
7 300 329
8 350 373
9 400 448
10 450 487
11 500 505
12 550 561
13 600 627
14 650 663
15 700 710
16 750 782
17 800 831
18 850 882
19 900 915
20 950 981
21 1000 1041
22 1050 1053
23 1100 1115
24 1150 1166
25 1200 1204
26 1250 1270
27 1300 1303
28 1350 1371
29 1400 1435
30 1450 1493
31 1500 1528
32 1550 1599
33 1600 1603
34 1650 1663
35 1700 1727
36 1750 1765
37 1800 1832
38 1850 1852
39 1900 1927
40 1950 1975
41 2000 2048
42 2050 2080
43 2100 2126
44 2150 2170
45 2200 2225
46 2250 2273
47 2300 2314
48 2350 2362
49 2400 2443
50 2450 2499
;