param num_bundles := 50;

param num_cust := 75;

param price_reserve :
   1 2 3 4 5 6 7 8 9 10 11 12 13 14 15 16 17 18 19 20 21 22 23 24 25 26 27 28 29 30 31 32 33 34 35 36 37 38 39 40 41 42 43 44 45 46 47 48 49 50  :=
1 632 1697 2088 2728 3046 3162 3666 3990 4176 4450 4477 4716 5087 5134 5400 5532 5762 5896 6093 6264 6403 6573 6693 6867 7009 7153 7272 7416 7537 7642 7833 7952 8042 8166 8275 8421 8537 8621 8802 8859 9000 9071 9185 9278 9425 9499 9592 9732 9891 9920
2 2332 3578 4472 5200 6312 6847 7122 7736 8168 8926 8962 9381 10135 10515 10844 11071 11579 11730 12066 12419 12787 13176 13369 13659 14023 14238 14648 14881 15025 15294 15728 15890 16243 16400 16546 16928 17083 17242 17614 17790 17906 18159 18417 18668 18876 18995 19271 19547 19779 19876
3 2474 4984 6788 7730 8549 9600 10513 11603 12179 13214 13956 14400 14782 15669 16211 16725 17192 17677 18000 18917 19303 19617 20142 20646 20991 21374 22005 22232 22498 22863 23238 23977 24313 24534 24826 25371 25477 26050 26434 26692 26980 27423 27711 28059 28308 28712 28869 29173 29638 29771
4 3752 7960 8727 10088 11785 13787 13856 15920 16876 17270 18102 19316 20064 20427 21241 22285 23117 23853 24462 25260 25861 26205 26869 27306 27747 28521 29361 29794 30040 30672 31323 31587 32476 32936 33351 33686 34176 34558 35045 35508 35857 36486 36843 37181 37846 38258 38715 39184 39428 39984
5 3873 7348 11180 14071 15166 16248 17378 18947 20075 21471 22383 24083 24617 25749 26851 27946 28302 29682 30282 31209 32078 32665 33242 34511 34828 35398 36263 37202 37736 38184 39102 39925 40249 40780 41809 42083 42426 43324 43612 44193 44933 45497 45902 46776 46957 47749 48125 48724 49163 49780
6 4800 10182 12869 15784 17677 19049 21533 22863 24797 25737 27600 28850 29467 31315 32511 33016 34883 35273 36100 37432 37947 39235 40285 41116 41759 43217 43976 44140 45474 45915 46677 47411 48507 49229 49739 50457 51306 51739 52677 53599 53826 54663 55213 55706 56718 57098 57750 58308 59154 59494
7 7539 13574 15013 18146 20765 23718 24530 27541 28244 30092 32322 33307 34775 36908 37878 38366 39894 41460 42786 43174 45062 46073 47269 47703 49100 49557 50826 51439 52719 53604 54366 55225 56609 57297 57791 59166 59397 60799 61025 61902 63295 63434 64567 65576 66156 66673 67404 68385 69155 69452
8 6597 13097 18173 22457 25197 25399 28800 30358 33676 34241 35884 38765 40223 41322 43377 43818 46400 46839 48767 50292 51673 52288 53809 54424 55840 57199 58635 59394 59888 61906 62153 63739 64756 65814 66645 67788 68688 69540 69779 70708 71751 72989 73339 74499 75861 76432 77116 77662 78775 79277
9 12075 17636 21600 22554 27417 29795 32500 35319 37585 39804 40570 42634 44892 46765 47929 50174 51920 53457 54567 56003 57712 59373 60427 61490 62380 64750 65273 66430 68044 68636 70476 71820 72783 73315 75106 75407 76664 77734 79404 80075 80880 82467 83015 83521 84849 85400 86606 87277 88438 89422
10 12329 14967 21726 27495 29799 33645 35214 38419 40497 43220 46347 48539 50715 51381 53329 55426 58241 58378 60531 62386 63687 65330 67142 68673 69714 71077 73185 74162 75233 76184 78179 79221 80374 81878 82898 84024 85650 86533 87590 88972 89688 91082 92650 93488 94128 95875 96000 97632 98000 99780
11 7297 21890 26492 26944 33073 37786 40626 43779 44655 48149 50648 51875 55176 57495 59359 61048 63305 65890 67163 68342 71084 71593 74052 75764 77439 78863 80292 81549 82316 85064 86306 87917 88192 90119 91796 92740 94061 95744 97075 97398 99171 100311 101534 103142 103797 105141 105829 107733 108248 109670
12 10998 22895 28900 32907 36869 39143 44058 47335 49710 53180 54200 57047 60478 62997 65639 66856 68809 71115 73269 74825 76084 78286 80463 82791 83966 85932 87427 89285 90439 92330 93137 95156 96538 97577 99651 101483 101880 103978 105573 106631 108240 109615 110034 111851 113157 114548 115549 117306 118235 118964
13 12195 21753 30654 33499 40111 42643 48082 49468 54290 55338 58774 61692 65518 68296 70728 73493 74679 77957 79161 80137 83281 84969 87362 89426 90628 92108 94820 96551 97353 100058 101600 102494 104938 106123 107610 109355 111072 112793 114754 115809 117691 118350 119685 120893 122006 124393 124989 126868 127400 129453
14 15590 23089 33248 35748 43558 47846 49060 54510 56834 59857 65126 66319 68928 72530 74766 79097 80910 82398 84465 87520 88897 91633 94497 96346 98479 99074 101845 104053 105586 107827 109200 110378 112941 114081 115921 118298 119845 121631 123105 125032 126466 128220 128982 131152 131779 134050 135446 135735 137685 139355
15 19672 21213 35623 39230 42743 49930 55803 57862 62929 64413 68015 72808 74095 76485 80777 83624 86793 88182 90598 94440 96514 97995 101069 103053 105556 106066 108457 112009 113168 115100 116615 119925 121008 122890 124924 126463 128476 130319 131727 132748 134933 135864 138942 139460 141986 143091 145276 146816 148007 149127
16 21938 25997 36765 42933 46372 51797 58307 63357 65424 68408 73321 78318 80637 81897 87577 89657 91410 95947 98371 100278 101949 104135 107997 109223 111588 115067 115865 119047 120882 123729 125536 126430 129274 131122 132327 134362 136404 137712 140071 142786 144213 145907 147200 148963 151350 152831 154795 156113 158295 159840
17 17991 24985 36461 45616 50085 55556 60248 64241 70749 74954 77308 81031 85136 89116 90084 93608 98776 99881 102283 107248 109752 112303 114948 117041 117976 120975 124692 125386 129200 130447 132076 135532 136678 139938 140556 143969 144570 147106 150101 150371 152167 154691 155845 158675 160486 161706 164365 165521 166877 169489
18 23607 31794 39271 49229 53275 57262 67061 71003 74998 78046 80820 85647 89059 95179 96464 101185 102078 105695 109726 112468 115761 118964 121176 122294 126051 129350 130398 133249 135515 137367 141549 143504 146144 148301 149476 150728 153286 156383 157785 159135 161278 164540 166147 168432 169123 171066 173324 175738 177535 179784
19 22481 34828 42315 50698 55719 63473 69655 73783 79437 81766 86903 91595 96732 100467 103371 104828 109872 110918 114946 117432 122133 123777 128134 130811 133812 135527 138583 141929 142538 145942 148443 150088 153041 155475 156770 160052 162647 165289 166291 168233 171590 173681 174841 177016 179728 181328 183229 185967 187205 188512
20 20785 39598 48000 54553 62992 63624 73973 78588 84285 86070 92174 96664 100000 103073 107555 112854 116000 117098 121062 125028 128810 130415 134640 135647 141365 143276 145602 147784 150838 153675 156614 159198 161295 164536 167189 167857 169941 173113 174539 178841 179109 182647 184000 187019 188680 189821 193577 194977 197221 198151
21 20142 39175 48980 57740 62719 69141 76412 82837 87396 92304 96600 102707 106253 107982 113088 116848 119165 124734 126280 130132 133478 138218 141435 144946 145553 150850 152882 154318 158045 160372 162720 166576 168577 172456 173882 176800 179080 181574 185372 187501 188953 192331 192834 195018 197489 200459 201731 204208 206613 209411
22 28853 43111 45726 54956 65114 74019 78587 83368 90815 96500 98485 106240 109912 115159 119369 123983 126457 129930 133893 138373 139765 142644 148039 151465 154502 157542 161427 162562 165571 168469 172444 175615 178241 178891 182852 184852 188739 190424 192497 196676 196872 199316 202496 204825 207454 210373 211062 213615 215869 219207
23 19516 39571 47805 64564 66977 75165 82928 86058 92344 100571 104492 110687 112958 119953 122052 127810 130676 134742 139601 145392 145683 151101 155654 156197 159481 163089 167821 170759 174376 176666 178335 183827 186740 187926 190109 193965 196781 199451 201667 203287 207204 210497 211750 213690 217225 220464 222756 223278 226337 229263
24 27574 42392 57800 64756 68221 76950 87985 95035 101597 105927 110087 117379 121526 122565 129511 135340 138536 141824 144559 151637 154944 156571 159920 165722 169298 172132 174723 176429 179664 185841 187753 191038 194267 195861 199705 202341 204494 208786 211036 213101 214770 219019 220278 223651 226822 229247 231895 234218 237297 238604
25 23452 42720 52915 68007 75829 83964 87321 97980 102835 111131 113358 119059 123187 131149 132759 140268 142566 148913 153623 154353 161168 165454 166057 172699 173853 177482 181384 187016 189011 192614 195000 199123 202361 203286 206821 210060 212603 215986 218975 221529 224499 227651 231355 232970 236432 237960 239896 243516 246120 249098
26 24938 48780 53537 70344 78346 84650 95176 99753 108952 113093 121507 124148 130726 137284 138851 142787 147903 153202 159683 160275 167453 168660 173325 176417 181181 184728 187705 193311 196089 201328 204394 205449 208130 211609 214528 217966 222813 225347 226901 232260 233479 236014 239652 243680 244511 249112 250465 254216 255595 259844
27 19470 39682 63436 71231 80458 90681 95536 104710 108000 114933 124902 131609 137143 141846 146000 151969 155479 159277 162449 167400 174145 177790 181684 185496 188691 192894 195745 200310 202194 207461 210323 215865 218149 219747 223171 227185 231886 232952 236801 241435 244197 247046 248048 253225 255118 257167 259986 261942 265370 268375
28 35857 43377 65785 74503 87116 95693 102344 109020 116797 123581 129407 133581 139439 145923 149322 155897 161140 166028 171967 176644 180768 183266 187997 193017 194071 201522 202686 207502 211173 213902 218902 222384 227266 228573 233393 237125 240083 243262 246718 249813 252435 254477 258936 262066 265277 267689 271181 272393 274628 278428
29 36221 55024 67887 72674 88152 97915 101624 115273 122214 123310 135029 141358 144884 148552 157136 163638 165478 172544 176591 182216 186324 191576 193932 199827 202917 207588 210165 216006 217790 221694 225157 229375 233662 235811 240473 244977 248792 251883 255266 257039 262542 263948 266611 269497 274873 277613 280746 283785 284732 289710
30 32311 43681 68673 80722 85697 95247 104957 112570 122376 133626 139814 140712 147702 153323 160997 169600 172546 176159 180499 189547 191060 196815 201782 203558 211197 214746 219144 221838 224740 230981 235457 237133 241644 245047 249343 253779 257860 258070 263932 266713 270865 274627 275282 278790 282956 287312 289620 291973 294306 297348
31 38719 48819 72834 78669 90273 101876 115660 123845 126759 136962 138636 147372 154752 159763 166710 171931 175472 183294 188157 194388 197721 203470 209428 211437 217707 221558 227465 228561 235926 237307 243227 247146 251463 252683 259142 259883 264719 268253 270820 276092 277826 281469 284187 289348 291730 295331 297858 302532 304306 309255
32 33866 55055 71267 89142 91634 109737 113408 127840 129748 139191 143394 154531 160894 166769 172918 175738 182596 189531 192745 200045 205100 209349 215139 217317 221795 230044 232524 236454 243453 247540 249682 253185 256799 263102 267348 267731 274679 278308 279263 282689 287787 291182 293773 299298 300732 304051 308862 311569 315942 317236
33 30957 54425 74085 91690 103727 107643 114506 129165 133640 147433 150358 160585 164073 171600 175986 183736 189110 195231 202352 205556 211097 214068 223037 226044 231847 236129 240877 246154 249581 253821 259758 263422 266300 270841 275624 279469 282107 284107 289950 293756 295309 299556 305246 307024 311811 315560 317212 321102 324409 327549
34 39650 53973 76026 93732 103575 111321 126487 132032 143123 145208 156548 162632 169045 178621 184605 189304 192573 201950 207037 211129 219082 222745 226349 231500 240128 240993 247337 252517 258668 260450 266591 270295 275127 279876 280618 286489 291450 295546 297417 300357 306604 310202 312282 316693 319166 325620 327249 331251 336239 338296
35 22136 67506 81633 85732 106160 117550 128121 131145 146666 151433 160390 165354 173735 182538 187699 194620 200938 205400 214958 217113 222574 229937 232585 238206 245400 249361 252583 260697 263687 268019 273179 277097 280525 285974 292496 296572 298055 304158 306485 311638 316319 317093 323670 326383 331005 332776 335708 341855 343571 349930
36 22768 56234 75514 94427 109903 124500 127787 142916 148955 157744 168701 175184 180431 186367 193866 201729 209791 214192 217554 222851 230962 234304 238906 248374 254457 258800 263170 264741 270839 276334 279690 286918 288988 293792 299731 301714 308089 311353 317291 318025 325038 326391 330965 334548 338630 343267 348959 350737 354997 358702
37 35489 69418 82070 102804 105693 125145 131337 147258 153450 160769 167279 176518 182317 190685 201438 202792 215491 216758 227843 229996 237377 243189 249962 253983 256344 266708 270480 273600 277968 283044 288125 295352 299769 302948 306095 312645 315695 319059 323829 329861 331764 336680 340641 344478 348822 354274 358194 362222 363354 369037
38 35647 70069 77877 101681 117739 130976 140754 149123 158146 168233 172304 186006 192567 195543 205622 212664 219612 226092 229515 236701 243911 247904 257055 262062 266542 269023 278517 281303 287397 293561 297761 303620 305516 308807 317112 321993 323514 330491 333102 337666 340900 346780 350178 352398 358974 362178 368110 370066 372555 377866
39 28123 69328 85445 109756 115693 127692 138216 148815 157938 167655 175110 190422 197788 200992 207691 219650 221855 227541 234908 240791 249600 255383 258814 266687 271995 278406 286272 287861 295681 297833 303599 311707 314138 321034 325083 328805 331661 337840 343731 345585 350132 354536 359562 363182 369163 370644 377797 380285 385765 388828
40 55426 62992 88724 103073 114543 137870 145767 159599 163951 173804 178885 189821 201752 205524 212415 219672 227965 239199 241992 250950 253235 260215 266653 272705 278740 283972 292629 294156 302311 308908 313024 317893 320100 327512 332458 338089 341854 345578 353180 356696 357950 365470 369042 371376 378967 380063 384666 390528 395576 396384
41 39326 57983 97714 101759 127562 130171 144143 156446 167449 177393 191782 198501 203519 209702 217107 226801 234669 240890 248177 259047 259825 268480 273811 282275 287819 291533 298034 306377 309435 313643 320640 325221 332884 337796 340572 345180 352409 357147 360614 362195 369273 372897 376218 380749 386358 391373 395305 399366 402636 407780
42 57587 74661 102535 117600 129861 134924 147180 165247 176600 182688 189326 198247 211507 215309 228659 233544 243889 249891 253118 264433 271932 276690 280112 290256 295317 297934 307949 313737 316313 321293 327385 335159 340278 344605 346646 353898 356975 363537 367494 371884 377720 382546 385120 392829 395068 399596 405295 411343 414674 418064
43 50878 74478 99180 121318 130709 139203 150684 168963 177502 186245 198733 209247 212230 220100 231722 237086 243700 252787 261983 266877 274527 283800 285618 294668 298037 309002 312217 320862 323159 330625 338255 339782 347529 351655 357599 364360 365171 371993 377617 382966 387477 392880 397279 403284 405752 410374 414588 419112 422802 425852
44 39355 68165 103377 120016 129632 141349 152928 173340 177315 188739 196774 209728 220352 230150 240676 242599 251840 261495 266917 276466 281462 288124 295554 300491 305982 312741 322493 324886 330791 338543 342070 350346 356047 362192 364431 369181 373560 381660 384994 391476 398243 401052 403938 411347 412944 417792 424777 426777 433796 436377
45 43162 86325 95671 112049 133795 154580 167893 168855 182902 196357 209914 216375 224279 234691 238118 251195 254876 264085 275494 280881 290241 297000 302003 306397 315000 322497 326242 330926 337830 345065 349844 358195 363916 369767 374772 377571 383953 389504 397021 401586 406099 408088 413706 419249 424434 430121 434244 439989 441275 447111
46 46000 91539 102033 126144 132045 158550 171130 180751 185603 196458 205718 219647 234194 236173 249081 252120 265209 271673 277834 284754 297119 300518 306513 313341 322919 327990 337528 341145 348752 354170 357382 364301 370750 374045 379660 385523 391298 397095 403439 408028 413386 420089 426189 426983 434743 439005 441217 449107 454540 459540
47 63754 84600 107588 128886 141625 151862 174597 176360 191493 200949 212490 229098 230444 244219 253277 259651 273732 275020 288045 293214 297700 308772 317520 320152 331408 338791 344738 345378 357694 363575 366720 373524 376587 384597 392443 398476 404091 405618 414454 420276 423522 430557 435454 438991 442100 450318 451396 458003 462514 469624
48 65814 85865 109035 131629 139117 156277 178312 185407 200224 212505 221217 226975 235543 247188 257237 263432 279556 281854 295424 298990 305847 312111 323137 325552 337642 340631 352204 356753 364674 366061 372920 381472 386393 392075 400448 403200 410561 413915 420760 423925 430718 438143 441287 445341 453746 457085 463691 466663 472258 476338
49 52775 89818 101845 123961 152452 159532 171150 186458 201556 208351 220446 232324 247729 254611 260761 276839 284369 293182 294000 304432 312680 320566 326503 338774 343839 348141 357129 360075 368251 375993 380437 386075 393101 403232 406434 410081 421172 422765 430754 436843 441218 447056 453455 458615 462680 465165 472336 476687 480999 488626
50 41231 71414 103923 132665 146969 170000 179165 194422 210950 220227 229565 242074 253574 256515 264575 275500 290861 295973 304959 313050 323883 325269 333916 342053 352846 357911 365923 373363 377094 382361 390128 394588 404846 411947 414005 424146 426146 432204 438748 446990 449889 455522 461628 464650 469361 479375 480521 486004 493761 496185
51 49970 72125 108906 138360 156030 168840 184730 191369 206030 219478 235264 247547 251921 264414 274833 282671 289938 298077 309717 319473 329098 332245 338449 350233 360336 367625 374355 381376 381922 392534 400796 403513 408892 418946 421175 428157 433110 440494 449148 455473 459113 465639 469311 475149 479183 485117 492460 495094 503120 509898
52 59743 100294 115809 136791 150710 172778 194288 196227 217656 223297 235784 252829 254747 270800 277701 288401 302495 304810 319366 328712 330517 339238 347117 352681 363554 374544 375410 388576 395610 402253 405066 412737 416390 424748 434317 435684 446716 451892 455824 464753 469845 473171 480205 485247 489132 498224 499417 504159 511295 518959
53 56090 98300 107055 145726 157936 182984 188728 210671 212000 233441 246094 252627 263938 279848 283240 298310 302797 315339 326542 328600 340687 350602 357269 362421 374617 382041 387154 391627 402800 408203 414892 421075 429267 430835 439357 447717 455183 460582 464831 470716 477353 481921 486793 494237 497974 506365 510123 516036 521451 527876
54 34153 103590 127787 151585 164501 177790 196785 211084 227826 239312 248869 258750 273007 277877 293196 301241 309076 322014 324000 341013 342379 356564 363047 372874 380767 383970 394607 399162 407262 413796 423960 429970 435630 442668 447907 451925 460491 468152 476058 480084 487438 489825 496683 505643 510693 514107 521988 527434 531838 538161
55 45354 80081 127334 148805 157111 183736 198305 214147 221371 234896 246459 258207 276098 287898 295980 304841 315759 323894 331646 343475 349585 358640 371403 379779 388130 389220 400255 406107 411582 421746 428718 436688 444378 448579 459768 465652 467985 477962 481116 486369 492427 501436 505282 514654 519685 526738 529030 534152 544139 545139
56 78400 91676 135330 155595 168373 186741 198148 209832 228710 240995 253674 266221 283340 287297 299063 306929 320132 332812 337118 348462 355413 370109 378321 384896 392320 400234 406145 417416 421751 433195 440802 440944 448560 460291 467055 474780 477152 486524 488710 497487 501880 512759 513981 524968 529726 535613 537717 543056 548914 559328
57 77319 98727 129980 158374 179165 184525 208343 217797 230551 242635 267111 278076 283858 293536 311577 318385 326446 338755 343517 351556 363551 373600 385414 387265 399000 409290 416529 420411 433650 436339 448674 449108 461242 467400 473066 480426 488607 496129 500433 504700 513000 516660 527981 532637 534707 545297 551812 555216 562426 565537
58 56828 113063 121108 158203 173613 200583 209764 228494 241101 255990 268559 272785 290927 295743 307345 318102 333185 346450 356971 358663 373729 380862 389076 400158 404007 414852 421928 430296 434652 444902 454181 460361 466314 471194 480386 487476 493239 505366 506031 517599 522258 528532 532338 539618 548890 556196 557645 564242 572293 579884
59 45701 102191 122060 162652 182424 197452 211743 221388 248921 251149 270372 283937 295236 302227 312422 330189 335627 353410 354982 371091 380904 384361 397013 407912 416859 418027 431467 435162 444345 450723 458836 464566 477135 483224 490801 495740 506439 512859 515162 526523 533094 537904 544081 551831 556104 563689 571052 575787 582160 587043
60 58788 110635 135765 155538 170552 193866 215666 225140 241197 262359 280913 291726 302152 306411 326435 329509 348207 352931 365360 372193 380988 397089 400520 408000 424094 427308 436971 447875 451079 460243 471372 474266 486407 493461 495500 508126 515860 522517 529770 530856 537595 547547 550956 561313 563872 572238 579862 587142 589590 597957
61 55907 115095 139635 156236 187420 196719 220277 241239 252985 269783 279537 296086 301318 320700 323012 334111 354430 360881 369843 377215 390971 399072 409382 418728 429780 436480 439877 454849 456971 471716 473448 481089 492856 498561 505675 513416 522610 528979 538185 541768 549813 554396 561995 569624 574567 581263 590157 595305 603746 609756
62 78424 112287 141382 167744 186000 203375 231319 244880 250161 273925 283578 295526 305755 324776 338454 343639 350725 365116 372413 385598 398154 409200 418305 421418 437353 439457 454761 463468 468582 472503 486611 491328 496465 509759 515011 521243 527547 538223 541782 553018 560475 564711 574162 576967 584512 590532 596877 602645 609243 615270
63 88200 90860 151200 169047 198025 215309 224337 248191 256372 279197 291439 302925 313231 321732 343913 352575 364965 368644 387335 394644 406338 415800 418464 433557 442258 453950 460029 467051 475139 484404 489620 499888 504315 515677 525437 533532 537830 544139 552392 562361 568119 572157 580011 586408 593539 597803 605325 615210 623159 626715
64 85865 93185 139632 166892 186810 217600 228973 248860 266658 281018 286217 309855 321532 329584 342744 361812 367875 379278 390138 404164 404772 417720 424721 436703 450371 459197 466981 473946 483020 493589 500347 506207 517570 527136 532855 535768 549655 551738 564653 569132 574005 583068 586989 596540 605401 609715 615199 622349 629286 634988
65 84250 123329 156541 174897 196296 221000 235799 250735 270512 277299 290979 312000 321076 334229 343948 363535 368155 382341 399842 408622 415594 424645 437388 446565 450521 464193 469802 485024 489532 501301 507500 515758 527422 533792 542585 550009 558092 563966 568889 580650 585866 594315 600257 608922 612795 619379 628722 635539 640704 643598
66 81370 123121 142780 186209 207454 220483 246596 263339 264988 294570 301006 310691 324945 342946 359321 372418 375214 394898 400376 414909 425073 434599 445096 452473 465569 468925 482658 487686 501426 506612 516321 523027 532764 542165 545050 553614 565447 574162 581250 589879 596196 600128 609062 617726 621803 630568 633187 641118 652833 658017
67 83683 125703 156843 164116 206725 226615 239706 263609 281081 288956 304389 324380 328505 347109 354531 372076 385585 391133 403560 418200 426701 439757 449250 460890 472623 476219 489238 498509 504595 511136 520534 530274 543650 547436 559440 564711 571192 578843 584400 596714 605229 609958 617128 623208 635477 638577 642641 652210 657283 668659
68 45106 121642 141335 167672 204000 223884 246682 262307 273695 290735 306830 325265 337543 347266 365180 374926 391812 398598 417633 419621 433497 445491 454940 467769 476583 485045 492613 502832 514468 524791 534741 539219 548402 552435 563047 572494 581629 592498 597317 602098 613057 622933 626191 631925 637897 646250 657880 661525 672616 676455
69 80467 117097 156129 192212 197586 232562 245314 264370 277377 294364 313172 325106 343063 355601 375908 381440 396135 405636 414230 433329 445892 453094 465942 467981 482803 494302 502138 510227 521669 532151 535717 549233 560049 566977 571660 580421 590666 596441 607514 613285 621000 629226 638091 641218 654446 657929 667983 669264 681390 685014
70 95979 131332 154635 193484 197990 230469 258905 267470 281048 303190 325632 334245 350560 358575 375137 395732 396722 419533 421863 435803 452354 455592 467692 478874 487393 503222 508645 518378 524767 536951 544022 557720 560175 569372 581464 591655 596604 604761 610888 621701 629844 639572 645216 650209 659488 667464 673311 680406 686000 697475
71 96309 107208 144812 182402 221356 231595 259126 266037 291360 313045 324432 336633 355568 368927 377303 396330 404388 414971 430239 444757 454622 465578 480707 486544 497000 507041 512972 529033 537541 545176 549964 560136 572420 583238 591477 599771 602790 612907 624477 628981 640891 648708 653509 663309 671616 678338 687345 688517 701572 705298
72 85192 141824 146852 186645 212613 244376 262775 284377 289078 317780 335863 344097 365715 371062 389599 401912 413358 425227 442434 451940 459899 473232 481701 494027 504822 512769 523772 536291 539952 551165 563075 574197 577618 586524 596341 608219 618362 622706 630648 637840 644792 655160 667390 668942 678330 687741 694492 699698 711890 713491
73 79967 118611 172750 185828 223337 245610 270396 279696 303806 321863 326792 347958 363830 375649 396088 406709 420368 433598 446435 460537 463076 476238 493169 498970 507862 523365 530243 542169 554223 562432 567901 577762 589088 597709 609889 611285 623712 630848 641902 646370 656838 665222 670170 682306 685423 698515 707460 713610 722221 729708
74 62791 145763 150931 196901 229758 238643 274898 281200 304751 328280 333247 362222 363128 380219 396574 406125 419391 438789 448174 464965 476367 485927 501019 504721 515457 532800 539541 544994 559471 571671 580228 585863 596607 606078 613799 620012 635022 638976 646643 660883 666000 675957 678544 692286 699212 704206 710862 722477 725804 735249
75 90000 129904 150748 196150 232863 250998 276179 286967 317844 320663 346627 352101 378583 389423 406110 417852 434741 446738 457193 464274 478592 495000 501099 509338 525856 535187 543944 559442 564247 574913 583267 594916 601311 611331 625700 628928 638866 651767 661192 662722 672663 679320 693902 703242 707549 716711 723896 727925 736682 749099
;

param:	cost_bundl	marginal	:=
1 10 18
2 50 82
3 100 102
4 150 175
5 200 245
6 250 288
7 300 337
8 350 379
9 400 416
10 450 456
11 500 543
12 550 567
13 600 622
14 650 690
15 700 734
16 750 769
17 800 818
18 850 890
19 900 906
20 950 996
21 1000 1028
22 1050 1055
23 1100 1132
24 1150 1169
25 1200 1240
26 1250 1261
27 1300 1325
28 1350 1367
29 1400 1404
30 1450 1491
31 1500 1506
32 1550 1569
33 1600 1626
34 1650 1667
35 1700 1728
36 1750 1768
37 1800 1832
38 1850 1896
39 1900 1917
40 1950 1987
41 2000 2027
42 2050 2079
43 2100 2110
44 2150 2173
45 2200 2206
46 2250 2256
47 2300 2323
48 2350 2399
49 2400 2444
50 2450 2485
;