param num_bundles := 50;

param num_cust := 75;

param price_reserve :
   1 2 3 4 5 6 7 8 9 10 11 12 13 14 15 16 17 18 19 20 21 22 23 24 25 26 27 28 29 30 31 32 33 34 35 36 37 38 39 40 41 42 43 44 45 46 47 48 49 50  :=
1 1281 1562 2163 2498 2987 3231 3726 3789 4064 4427 4490 4858 5012 5099 5463 5495 5699 5930 6132 6321 6384 6624 6657 6867 7026 7194 7233 7400 7510 7647 7826 7982 8057 8124 8345 8388 8595 8621 8800 8875 9022 9117 9180 9295 9464 9567 9687 9714 9835 9914
2 2800 3225 4800 4899 6223 6475 7122 7600 8149 8791 9200 9583 10088 10346 10844 11171 11384 11926 12133 12503 12700 13097 13422 13700 14119 14406 14626 14816 15015 15466 15502 15839 16233 16385 16546 16781 17200 17344 17595 17790 17902 18195 18417 18749 18821 18995 19204 19415 19694 19956
3 4113 5879 6206 8205 8570 9914 10982 11463 12500 12770 13656 14237 15250 15332 16388 16832 17275 17718 18209 18697 19134 19654 20285 20611 21094 21273 21799 22265 22538 22887 23614 23789 24187 24505 24833 25371 25477 25904 26488 26651 26920 27476 27814 27976 28270 28460 29068 29265 29461 29940
4 4866 7797 9226 10553 12290 13576 14063 15031 16838 16989 18155 18830 19661 20953 21436 22112 23020 23556 24305 25248 25500 25997 26617 27364 27828 28756 29197 29858 30347 30932 31221 31719 32209 32751 33101 33486 34316 34567 34880 35553 35795 36363 36678 37301 37651 38191 38417 39012 39533 39775
5 5477 8660 11533 14000 14387 16062 17776 19468 20000 22226 23238 24269 24819 26230 27295 28089 28965 29749 30414 31321 31796 32527 33332 34088 34857 36042 36701 37041 37908 38105 39217 39900 40012 41037 41677 42249 42919 43440 44091 44654 45266 45618 45989 46594 46936 47529 48260 48785 49346 49900
6 6997 10733 14148 15738 17677 19125 21365 23020 24563 25960 27020 28219 30215 30875 32422 33299 34047 35170 36674 37084 38419 39143 40303 40871 41759 42983 43416 44787 45219 45977 46938 47290 48685 49171 50157 50883 51292 51851 52403 53329 54279 54728 55486 55913 56655 56997 58135 58751 58861 59530
7 9180 13574 16206 19247 21324 23132 24808 27930 28726 30544 31740 34236 34860 35721 37199 38974 40696 41578 42740 43849 45170 46264 46748 47949 48940 50400 51057 52308 53108 53439 54654 55842 56626 57400 57994 58950 59759 60735 61073 62012 62719 63527 64506 65382 66245 66981 67142 68213 68757 69705
8 8616 14400 19399 19855 22909 27481 28034 31597 33903 34279 36556 37998 40761 41815 43466 44542 46372 47112 49159 50139 51075 52654 53999 55194 56046 57622 57977 58918 60186 61512 62338 63599 64953 65012 66741 67769 68221 69448 69834 71483 71893 72919 73774 74533 75438 76231 77016 77563 79099 79261
9 8050 14843 21068 24082 26022 28744 33044 35865 37542 38815 41828 43796 44347 47179 49163 49525 51764 53488 55069 56721 57684 58382 59781 61200 63410 63716 65099 66722 67422 68801 69830 71865 72627 73558 75106 75621 76558 77525 79139 80034 81399 82250 82780 84274 84581 85438 86774 87407 89041 89838
10 11662 17776 22627 26907 31177 34525 34928 39598 40100 43267 44811 47917 49558 51536 54626 55281 57515 58447 60696 62865 64560 65727 67052 68264 69311 71526 73376 74485 75445 76210 77872 79975 80623 82098 83187 84640 85041 87063 87772 88837 89465 91104 91782 93445 94403 95205 96933 97591 98813 99217
11 12445 17737 25180 29269 32557 35131 38169 41916 46565 47847 50552 51875 54113 56219 59887 60730 63228 65337 66838 68165 70777 72633 74508 75668 76210 78740 79414 81549 83426 84607 86082 87282 88247 90200 91054 92948 94472 95820 95946 97572 98927 100335 101677 102530 103960 105279 106376 107282 107867 109868
12 16454 16971 25399 31840 34110 38475 44058 47639 50855 51586 55460 56438 60335 62446 65419 66033 69641 70054 72359 74167 76875 77843 80391 83034 84069 86400 86998 88508 89896 92330 94060 95730 96538 98575 100256 100914 103144 103284 105518 106523 107572 109273 111024 111619 113538 114624 115500 117281 118138 118988
13 12737 25739 28363 34493 40363 42722 46072 51477 54785 55521 59800 63261 64844 66440 69182 72939 75668 76069 79672 80348 83847 85207 86701 88400 90254 92583 94032 97040 98834 99956 102263 103053 105356 107011 108423 109940 111558 112853 113808 115663 116740 118778 120248 121701 123054 123548 124908 126628 128562 129792
14 19399 26266 33716 36075 41247 46179 49695 53713 58533 62485 62735 65785 70335 72151 74398 78699 79443 83250 85434 86483 88809 91590 93622 95035 97920 99902 102688 104279 104766 106841 109844 111263 113149 114355 115447 117166 119123 121147 122113 124844 125595 127792 128770 131093 131540 132845 135591 135851 138366 139692
15 9950 22249 30447 40025 42638 49930 53160 57079 60299 65246 67949 71498 75657 76720 80777 83355 86948 87824 92076 92563 95765 98087 99679 103619 105981 107121 108830 110268 112330 114591 117614 118148 120897 122597 124310 127208 128020 130181 132170 133963 135366 137084 138423 140136 140872 142681 144468 146448 147336 149940
16 17817 26773 34016 43525 45705 52484 59092 63114 64874 71267 74292 76933 80574 84604 86873 88276 93075 93897 97008 99920 102799 105648 107902 109784 112228 114397 117532 118530 120160 122565 124142 126835 128160 130181 133827 134970 137302 139044 140290 142929 144745 145239 146677 148826 150366 152664 153999 155126 157322 159037
17 11778 28446 39941 45616 53651 56485 61200 65489 71157 72922 78421 81103 84180 87016 90340 94774 97835 99475 104297 106600 107893 111373 114090 115999 118806 122069 123294 124924 129066 129557 132644 134676 137648 138652 140392 144009 144850 146674 148436 151520 152508 154429 156880 158420 161133 162810 164048 165521 166773 168772
18 19387 29024 43050 48700 54952 58160 66381 71458 75771 80257 82800 84657 91002 94975 96127 101057 102014 106915 110726 111426 114353 117373 120210 122347 126411 129650 131240 133005 135897 138775 141412 143820 145344 146410 150340 150814 154465 156548 157497 160876 161118 162997 165874 167545 170459 171520 173548 175995 177279 179640
19 16994 30400 45916 51405 53874 61037 67336 74755 78615 82031 86403 91279 95606 97919 102035 105788 109609 113110 114000 118350 120527 123836 127795 131251 133271 136483 137222 141929 143397 146485 147614 150328 152474 155754 156954 160862 162381 164895 167631 167803 170873 173265 175418 177098 179286 180370 182598 185345 187783 188129
20 20000 38575 46989 49153 57966 65970 73103 76000 83138 89353 89711 97406 100479 104307 108738 110707 114263 118659 121655 125984 127122 132544 133985 137579 140741 142773 145877 149292 150413 154350 155280 158442 160549 164876 165747 167666 171907 173113 176136 177944 181019 181637 184521 186333 189610 191416 193742 195878 196855 198232
21 18783 40721 45040 56505 62719 68500 76412 81441 86687 90568 96691 102190 102964 108795 113788 116998 120049 125439 127046 131414 134793 137898 142181 144519 146037 150966 154146 155059 158658 160592 162665 166471 168210 172354 174338 176400 179571 181865 183939 186226 189000 190858 193428 196459 197042 201294 202473 205285 206741 208483
22 21556 41510 44871 59522 63305 75058 82081 82551 92922 93545 102719 104587 109205 116163 117324 122174 125766 128883 133676 136684 141143 143726 148170 150760 153874 158400 160162 161666 166155 168985 171713 174231 177751 181150 183063 184590 187297 190373 192597 196035 198537 199849 202878 204351 207314 209682 213025 213887 217744 218144
23 29093 42160 46911 62904 67449 78605 82030 87400 95498 97797 104188 109920 112864 118712 125387 129782 133082 135055 140357 142229 145537 151661 155450 158283 160407 164896 167190 171068 172301 176547 180751 183193 186456 189551 190997 193911 196135 199239 201089 205100 206334 208578 210798 214036 216640 218488 221995 223515 227502 229908
24 27989 47275 57199 65639 70054 82722 83828 95277 100914 101823 109457 114799 122188 123314 128619 135084 137031 140025 147322 150876 153975 158327 160567 165165 166899 171394 174393 177859 180368 183722 187507 191158 193256 197151 200109 201771 205225 209172 211908 212234 215306 218017 219964 224474 225191 229849 230600 234612 236567 239856
25 18708 37081 51720 63048 74833 83666 93005 98362 101858 109202 113358 118110 124197 129904 133697 141156 142741 149332 153948 154596 159060 164165 167556 170441 173781 177482 183098 186481 189275 190526 195640 198872 200062 203777 207304 209762 214534 215465 219488 222430 224499 228199 229456 233506 235213 237487 241195 244029 245510 249800
26 24938 46510 60642 66185 80726 88094 96865 102296 104777 114989 116624 123930 131448 133489 138753 146894 149811 152583 158664 162536 166400 169300 172464 177182 182815 187200 188352 193940 194566 198010 202400 205778 210969 212819 216785 218462 221901 225706 229390 231385 232842 235497 239934 243735 244345 246712 251650 253630 256545 259010
27 26454 53184 60132 73050 81000 89223 94923 107730 109874 117566 120868 130273 136076 139358 143176 149941 156507 158359 163612 170592 172631 178118 181684 183362 188304 192213 197525 201688 205555 206757 209629 214034 217010 219880 222975 227570 230814 235071 236061 239556 241556 245863 248811 251318 255061 256543 258975 264048 265809 267286
28 36722 48173 65546 74503 82112 95529 101266 105214 114081 121792 128067 135446 140670 143648 151407 158293 160066 165461 168373 175754 180768 182495 188163 193747 194796 200821 204917 208407 211988 214926 217393 222243 225674 227749 231707 235733 238576 242422 245699 247923 251065 254168 259117 260505 264448 267338 268683 274114 276109 277582
29 38033 56233 59996 71742 85832 91889 101293 109280 118155 125875 134405 140523 146385 148326 154872 161257 164867 169891 175636 182769 183412 192102 194365 198899 204979 208961 211442 214913 220171 223206 226868 230691 233949 236523 240613 243600 248792 251749 254738 257170 260355 263374 267618 270121 274077 275240 279666 282776 284200 287846
30 26833 48000 67882 79599 86533 98041 105981 115256 121639 132136 138780 143122 152735 152971 161443 168855 174207 177279 181395 187542 193866 196906 200888 207239 211452 212386 217164 222729 226177 229417 233615 237133 241644 245194 250567 253140 257021 260154 263932 267118 270732 272786 275478 280014 282128 286182 289869 293326 295709 299580
31 38719 48424 72569 84101 87681 100356 107923 121178 127515 132251 140973 150597 157704 162861 166132 174814 180120 181184 188566 192699 197915 202428 207121 213338 217354 221124 227211 231070 234537 237712 242356 247612 248619 252759 257132 260548 266311 269611 271175 276022 278862 283849 284998 289282 292059 297083 298632 301896 305755 308384
32 21226 59005 65580 80954 96213 109363 118357 121768 131161 136816 147200 153866 157289 166030 174216 180906 181471 191038 194332 198915 207285 208467 213515 217129 223817 228346 230933 237491 239893 245630 249928 255038 257754 263413 264886 271303 273857 276240 282109 284422 288852 291323 294817 298956 303444 303916 308530 312029 313731 317365
33 24695 55220 80292 88548 95415 106626 122944 127125 136861 140783 147580 157158 165790 171473 175366 184091 187259 195899 198000 207664 212126 215589 220385 224206 229866 237692 239790 243396 248707 255191 256977 263422 266627 269875 275387 278063 283262 285712 290175 294126 296486 302090 304173 306456 310831 315836 316800 321915 326216 329207
34 44591 49970 78716 90978 103127 110277 122400 129736 143123 146949 153113 161348 169864 174960 184354 187216 192333 201950 204340 214497 215357 223574 226145 233983 235657 241184 246306 254251 256604 262219 266331 268148 273526 277303 280618 285762 288740 294292 298116 303192 304713 310202 315010 316474 321978 322696 327743 332436 333477 339660
35 42579 68586 78886 96742 105466 113952 122650 136993 140350 153841 156994 171035 178328 178877 185995 192213 198237 204683 211395 220139 225960 227688 232269 239437 246197 249165 256338 258527 263966 269659 271741 275590 280525 284944 289634 295164 297150 302218 305283 311008 314221 320322 324501 326608 330115 334612 337745 342357 345774 348034
36 26940 69807 84581 90503 106550 114296 129800 143640 149476 158890 164973 172349 179567 186645 192659 198098 208924 210777 220748 224011 231186 233972 241817 245646 249727 259000 259999 268146 272556 275488 281537 287550 289526 294056 298083 303683 307837 311103 315488 320056 325516 326312 332917 337326 338630 343720 346798 349997 355799 358051
37 51269 58268 79700 99557 111492 122938 130290 143109 154517 157500 170361 174489 184259 192684 196623 202927 211386 218143 224575 232836 239445 240244 250837 252361 260896 263507 269059 275594 280615 284395 290303 292464 297476 302134 308235 310976 316561 318458 326440 329944 333411 336761 341284 345826 347957 351169 358194 360100 362676 367624
38 43659 74464 87976 97030 114000 128752 138687 145198 158146 161935 172639 179688 192116 194655 201221 213342 217764 223523 230394 235355 244148 249530 254912 259404 265239 269130 275179 279242 284670 291884 295619 303049 304854 310300 317658 320374 323781 330054 333795 337580 341324 347529 350178 354848 359055 361380 367089 370690 373561 379848
39 29185 77216 95211 108921 121590 127930 139748 151449 158515 169280 181088 190422 197326 204443 210889 219650 222949 233610 240159 245793 252388 255978 260221 269749 270537 279606 284031 287015 296297 298955 306491 308766 314621 318083 324802 328157 331752 339457 342668 347953 350913 355564 361335 363851 368008 370644 377233 381722 383947 388985
40 35777 62482 87636 105224 114822 135292 147296 154713 163560 176545 183128 190326 199840 207846 212415 219527 231032 235151 243967 251841 257496 261197 266173 277013 279428 285881 292739 296108 304105 306620 311281 317188 323283 325257 331011 339317 340259 346040 352182 353904 358843 363362 366781 371462 378460 381492 385912 391837 392245 399359
41 47105 63517 97370 105967 129134 131456 147600 157089 173755 182070 187886 193527 207607 211617 223365 226207 235527 242004 247363 253538 262528 271344 274424 283464 287000 290377 298372 305608 311816 313429 318958 326665 332378 334697 339880 343031 349632 353742 357430 366165 368179 372987 377111 381983 388614 391459 396324 399113 404884 406459
42 55719 78350 99390 104241 132550 141808 151200 162665 174994 179571 187830 204726 210000 216453 223194 236993 239363 251860 254508 262155 269848 275924 279103 285600 296033 297341 305649 312611 314299 320193 328460 335685 337571 342036 346748 354098 357962 366051 367974 371979 379769 380882 388040 393009 394621 400743 405208 409365 411514 417641
43 60200 68800 96917 120707 124626 142095 159042 171569 177502 183243 192686 209424 214138 226231 232359 237864 244609 252787 264930 268948 275334 283148 288965 296793 300508 306961 314577 316218 324301 329729 335841 338801 349228 349545 357805 362631 366989 373383 375358 383834 386331 390425 396160 402550 406481 412262 413158 417698 424024 428449
44 32927 81608 106694 119369 136896 148300 162741 168584 177751 194000 202782 214835 218941 226589 238576 243237 249833 262971 270376 274639 282561 286372 295947 299975 310878 317044 318628 326313 331726 337512 342296 346903 354084 357674 363473 369076 378400 381254 387100 391872 397659 401631 406042 411723 412757 421207 422125 430661 432634 436200
45 29850 76896 106489 126321 132272 149519 165218 176363 180674 193657 205232 211069 227150 234519 245982 254240 258505 269850 272538 280592 291216 297545 303742 311639 315770 322622 329823 333000 337590 343654 349844 357290 364027 365803 372822 376497 382685 388671 392404 397531 406696 410266 414977 421177 425482 431249 433591 438421 440908 447292
46 51223 91075 110016 125808 138000 154494 159879 172607 193200 195595 205718 220800 230184 235635 250774 258256 264250 272916 279050 286532 297546 300940 306375 312935 318963 330304 336272 342754 346316 350446 356908 363021 373139 375739 380328 388039 390865 398584 404800 409064 416446 421497 425792 427973 433573 437847 444370 450424 454540 456305
47 60919 81406 106349 131600 135894 158412 172561 177608 191723 204868 213940 223831 231782 246918 249941 257430 269994 277738 285735 292459 300065 305030 312753 321117 331275 336305 342165 349321 352719 359911 365755 372814 380206 382985 388255 395359 401568 405836 409844 416580 424460 429324 432400 439192 445485 446079 452471 457906 463850 466888
48 56794 79164 98371 125536 144639 157744 174393 191038 196741 204324 223290 225345 243242 251989 256699 268629 272545 280543 289596 296980 309591 315050 319263 331999 338732 342654 347859 354681 363535 367443 372178 380141 388059 393717 398255 403543 412130 414582 423490 425010 431787 439089 444408 445858 452220 456278 460600 469910 474594 476725
49 64263 88743 112593 128526 152137 155570 173933 187997 203217 214259 228783 234996 249275 249852 262962 275448 282165 289391 298699 306789 313140 324586 332045 336213 345233 346621 357935 361273 372013 377014 384954 390158 396991 400243 404539 410081 420373 422538 428855 438160 440346 448879 451545 454724 464235 466093 474668 477794 483389 486459
50 40000 97980 106301 124900 154272 164012 184932 192354 203470 217025 229129 239165 249800 259422 267955 281957 291033 293087 302655 314960 316544 327567 331662 339853 350000 355949 364005 371214 374299 387169 392938 399875 403113 409145 416773 423438 425088 434741 440908 447102 449110 457712 463573 467868 473709 478644 479583 489285 490000 499400
51 44461 101489 111735 140597 156363 161598 178718 199096 214200 223238 233266 249431 253568 262836 271021 280639 291727 299470 314054 321260 322714 335206 342878 352601 360480 366349 371985 375188 383959 389474 398845 403126 412438 419318 426575 430580 438363 442497 448800 453298 459340 463960 468534 475915 483506 487470 491403 496982 503223 508058
52 53030 93020 109571 141455 156692 177715 184582 195675 219142 228090 240103 248732 261452 274568 275747 288963 294340 307284 314761 325738 336677 344301 351606 352988 367254 374256 376848 386623 394515 396566 407064 409976 418333 424366 433943 440867 446110 450933 458427 464753 465335 472027 476588 487360 488357 498007 499958 507899 513406 517289
53 54050 80028 118985 145340 156148 171576 190800 210404 218782 231022 238441 255722 260078 279647 282446 293373 308859 313194 324817 332171 339862 346086 354902 363195 368874 374916 383802 393487 397888 405025 416918 422008 430052 431096 441016 448594 452336 457031 463015 471432 478646 480754 487830 492985 500001 508248 510564 518642 523494 525743
54 40410 104710 125019 142052 156507 182005 191985 202338 224474 239312 246278 263883 267177 284924 286963 304897 307753 320925 329887 338783 347115 351623 362565 369732 376918 384577 395492 402073 405396 413796 419674 428612 435897 443327 445426 455652 462386 465153 472245 482024 485880 490895 495036 501241 509778 516710 520981 525218 533043 537185
55 66000 97149 130618 151625 167547 175311 191792 207548 225701 239234 255143 259143 270564 289365 295775 308393 315376 323894 330915 339043 348372 361999 372541 374162 381051 394623 404016 404465 412610 423464 426170 439725 442468 451134 458583 466561 467338 475424 482874 489098 494266 499138 504683 514889 517702 522703 527771 537539 540457 545471
56 44800 110307 131093 149427 166500 179899 203458 216598 228436 242810 260986 263617 276846 295688 299273 310989 318364 326917 343203 348642 359623 366533 377492 385384 390718 396296 405062 414249 420858 431890 436225 442506 448280 461108 464766 474383 480688 482251 492673 496982 502504 511657 515687 523533 530672 536900 539928 548457 549599 558317
57 67443 109345 115697 156309 162825 183111 206777 223684 228000 245828 261704 267597 279242 292871 304190 316953 329813 340095 346342 352295 361580 369930 380152 388605 401597 407381 411033 421954 426701 440931 443283 450264 460537 469481 472378 482181 483795 492712 501730 504184 514644 520295 527612 530314 538582 543745 551930 556969 560110 568173
58 44927 101790 134280 155630 164049 198221 213579 229668 245252 255464 264775 273032 295060 303379 314486 325214 330549 344698 350312 361094 367374 381744 388730 395422 402171 413064 424630 428415 435734 447315 453736 460361 465592 473757 479264 489817 494193 501759 509344 516819 521742 526747 534608 540366 549992 554014 561852 565552 573936 579536
59 51435 106854 131928 154305 177000 191727 212728 222329 238056 261737 269598 278990 289281 303836 322941 324017 338312 352423 356157 365800 379989 385266 399983 403622 408934 421344 431144 437397 444658 450414 457012 469337 476112 484232 492641 495038 504372 510546 517723 527184 529424 538680 545614 552084 559474 561958 567873 572756 581322 589764
60 48000 99679 133086 153675 180000 193122 216998 229574 245341 257651 272323 287249 295648 310380 319299 337710 345717 352727 364176 373352 384187 390138 404811 406940 422052 431833 440418 440908 454101 460243 469229 474114 481647 489653 494773 508126 514603 522379 526087 536254 536656 546231 553173 556805 564510 573495 579862 586774 592027 597836
61 72176 88817 127955 157659 177215 206681 216872 240622 249131 271159 284027 294826 308397 313424 332548 341164 347860 364165 375831 383670 385991 396641 408654 415696 428392 437162 446593 455340 457785 469026 474076 482324 488152 500051 503315 514285 521612 526017 534856 538876 550219 554396 562525 570538 577023 580110 588769 592799 598671 609268
62 78424 99200 131814 156849 194091 204130 222164 237226 253822 263336 287348 292651 308508 322161 328307 349407 354649 370758 374882 387388 399503 407317 414427 426134 437353 439807 449831 457457 470384 476392 486137 492578 501242 509005 513066 523744 530598 535071 544754 547850 560475 563757 574162 580421 582800 592352 596490 607094 608232 619504
63 63000 113400 151724 176849 186888 200415 228543 237068 266394 279482 287876 300293 309919 325412 343913 345984 360589 376738 379467 397649 399641 417134 425798 434289 437929 452724 461236 463125 473465 486367 494781 498138 506043 516446 520885 530698 541653 548643 555973 563207 568817 577267 580421 587084 595808 601774 607158 614048 617271 629496
64 74636 123439 144249 175037 194122 213034 236020 254073 263879 276610 290478 312488 317171 326839 344651 354955 367875 374277 389507 395973 408398 421429 429707 442665 443405 461333 462397 473600 485557 494087 497062 506045 517411 525580 534237 537600 543812 557204 560868 567691 576853 585591 588800 598186 605130 608101 619975 624845 630067 639488
65 50349 112583 158685 173928 203066 210021 239355 256729 265786 285112 295017 311729 327073 343210 346152 356968 378789 379458 400476 402580 413146 427421 435839 448453 455186 468361 475167 484152 491428 496389 511150 517393 524208 532207 538677 546000 552462 564116 572738 579339 585722 590893 596444 606837 611277 623323 629125 636336 638987 649480
66 87559 98780 158400 178566 203640 215285 243754 248707 274674 282801 297513 310971 323333 340652 351972 362219 375679 388224 403627 417003 421574 433796 438391 455161 465756 475200 483199 487150 495835 510040 518846 519852 528989 538780 550616 554557 562202 574465 576131 585878 590912 599838 609205 616031 620961 630844 635659 644371 652433 659340
67 58409 95695 152784 172647 192326 231320 244160 262585 278191 289266 306447 325485 339261 354277 359560 376633 384185 397056 411055 414101 432967 438530 453427 463028 472623 475842 489054 497608 507434 512889 521396 532639 539173 546943 559440 567882 571821 580392 586853 599116 601360 610987 614065 625222 628659 642222 647374 653310 656873 663672
68 43007 105345 163200 185479 197551 227572 252975 256244 281687 295780 305016 321835 334239 350975 364673 373195 395804 397902 418739 426182 437954 446320 453311 469348 473468 481409 496726 507592 509410 525143 530574 538017 548065 555773 561896 573140 577320 589211 599635 608058 610032 619808 623527 635136 639345 645391 658723 659565 669032 673715
69 69000 131644 155518 169577 198547 225071 248016 266165 279769 302972 313779 337183 345276 352913 365635 387876 400200 406808 422650 434426 443107 454144 464304 473443 487708 490434 504974 510973 523309 525488 542956 543482 553894 561916 569825 578120 586135 598354 604213 616537 622531 624822 635849 641069 653135 656625 662831 673519 680551 689586
70 96995 113737 144139 181461 199469 229190 258905 274700 290310 306085 315854 341210 346341 364269 371462 395732 400410 419299 429916 442497 450835 462424 468530 477849 491398 501661 512293 518000 527932 541494 549400 556313 566265 572975 577235 591490 599063 606056 616795 622961 632949 636654 647944 655463 656957 670101 672874 681988 687712 696632
71 63504 131685 153596 176217 218145 224522 247178 276444 284709 311106 326909 337829 349562 366184 385236 397346 411065 416910 431876 444303 450612 466011 480497 485092 500839 504650 516888 526359 535474 541465 558513 559775 569772 578378 592329 596738 607787 617659 625767 630902 640576 650106 654896 661939 666644 675210 684846 695365 700565 709858
72 88768 117869 165443 178699 212125 239231 255169 273221 296514 311520 326788 345600 353607 371899 386393 395148 418344 426444 443604 447560 465724 468609 483205 496539 505233 515592 519399 532411 543016 552667 561785 571119 579052 589345 598250 609581 617523 619367 629496 638490 645596 652306 664432 671880 682293 689247 690900 701917 710724 719135
73 65293 123885 172750 189800 217045 238119 261173 286100 292729 323844 332931 347345 371081 383788 393388 411399 413466 426410 443321 454714 462385 482021 489916 496615 514948 522753 532049 539805 547841 559392 574617 581806 590714 594311 608664 612330 621830 631186 636399 645545 656838 664581 674766 683087 689918 699125 702319 714207 722221 725019
74 69418 123826 160769 203466 211386 242286 261001 286218 296739 315695 334559 359795 375290 389889 401514 410683 427154 432505 447685 467080 472674 484347 495745 512260 519478 530121 537303 551585 557314 572437 577200 586797 595689 608602 612012 620365 633468 640859 651872 655057 663529 673034 684810 693392 697958 706690 712401 722022 726709 737034
75 91241 139911 164317 192094 213717 237171 275772 281425 307774 328291 338748 354330 381543 393732 400812 420000 424794 440142 455220 468135 485129 487442 504901 517880 528843 536656 541041 555000 564845 577256 582881 596992 601872 611331 618466 628391 642028 652802 661702 666446 676332 682788 691303 699714 709930 718592 720625 731471 735765 742765
;

param:	cost_bundl	marginal	:=
1 10 35
2 50 66
3 100 124
4 150 153
5 200 231
6 250 274
7 300 317
8 350 361
9 400 419
10 450 488
11 500 529
12 550 591
13 600 642
14 650 671
15 700 737
16 750 763
17 800 826
18 850 885
19 900 920
20 950 964
21 1000 1023
22 1050 1095
23 1100 1123
24 1150 1195
25 1200 1226
26 1250 1289
27 1300 1324
28 1350 1397
29 1400 1440
30 1450 1466
31 1500 1534
32 1550 1591
33 1600 1642
34 1650 1681
35 1700 1711
36 1750 1754
37 1800 1828
38 1850 1854
39 1900 1907
40 1950 1962
41 2000 2043
42 2050 2058
43 2100 2106
44 2150 2160
45 2200 2222
46 2250 2287
47 2300 2319
48 2350 2368
49 2400 2405
50 2450 2485
;