param num_bundles := 15;

param num_cust := 40;

param price_reserve :
   1 2 3 4 5 6 7 8 9 10 11 12 13 14 15 :=
1 355 312 394 205 385 478 213 118 427 101 431 380 308 468 440
2 329 357 352 453 260 294 400 326 240 502 357 494 194 391 384
3 398 371 478 358 375 171 398 171 69 347 154 325 410 486 424
4 260 272 83 453 562 522 521 79 349 419 562 545 491 457 218
5 57 123 77 169 164 173 216 95 15 65 240 177 122 145 198
6 328 496 405 327 384 447 144 193 244 450 428 471 201 411 228
7 450 281 170 219 25 380 509 161 514 462 427 570 410 212 489
8 413 265 408 363 286 86 236 260 466 470 201 435 395 428 323
9 372 343 280 137 290 201 326 316 207 220 157 222 213 210 206
10 220 347 325 375 369 245 201 247 291 365 217 370 274 334 228
11 65 236 139 173 259 192 108 262 259 206 150 134 113 106 277
12 370 169 174 333 503 444 438 281 509 185 110 295 448 349 227
13 241 66 64 235 334 389 338 155 187 127 174 313 316 30 125
14 72 104 74 78 103 235 153 204 214 215 174 197 164 222 203
15 335 305 345 348 133 266 310 331 434 369 298 374 374 446 257
16 160 129 277 258 257 252 309 250 146 131 314 136 180 152 247
17 195 370 326 449 443 376 461 392 406 269 446 407 160 128 303
18 130 170 268 218 174 267 208 250 107 239 293 184 123 264 193
19 165 167 259 91 440 273 120 215 365 245 420 417 363 311 362
20 139 486 48 295 309 227 201 541 303 210 212 478 278 389 546
21 306 408 106 359 339 245 348 192 382 117 485 332 360 228 219
22 310 292 141 382 389 399 230 334 256 316 42 307 51 258 323
23 308 201 208 318 209 322 180 303 186 250 210 217 101 111 325
24 221 203 235 213 168 108 238 119 219 230 222 204 170 241 187
25 443 468 143 291 487 500 486 557 0 469 480 500 428 211 500
26 425 539 529 517 366 410 189 560 483 561 516 105 123 391 191
27 535 261 65 465 561 250 352 513 324 416 200 498 152 518 458
28 552 426 300 520 509 379 209 437 366 481 273 425 562 224 355
29 207 318 264 105 298 293 164 319 225 216 199 308 257 247 285
30 289 164 327 246 189 146 431 266 438 259 406 343 336 321 291
31 482 440 381 498 75 322 400 443 390 114 508 326 428 423 434
32 164 337 425 27 460 399 220 387 406 69 245 422 332 209 82
33 190 131 333 252 272 325 243 162 325 279 290 175 115 228 298
34 564 438 436 247 577 358 256 460 260 395 536 497 339 580 507
35 186 120 323 290 311 152 120 278 115 327 154 248 263 134 177
36 74 464 301 495 381 560 569 566 401 110 276 156 321 330 505
37 190 323 151 342 132 417 278 176 277 156 236 316 412 249 392
38 78 274 265 285 294 207 67 158 352 51 351 315 305 214 318
39 516 538 276 429 580 533 338 575 449 560 448 385 456 148 536
40 255 198 249 91 238 334 255 179 162 259 233 279 219 319 276
;

param:   cost_bundl  marginal :=
1 26 65
2 103 92
3 51 34
4 112 114
5 113 99
6 51 89
7 85 49
8 98 63
9 92 92
10 61 23
11 104 106
12 43 122
13 64 112
14 121 97
15 121 23
;
param: buyer budget :=
  0 457
  1 250
  2 1669
  3 589
  4 1514
  5 294
  6 551
  7 1725
  8 1322
  9 1620
  10 539
  11 769
  12 830
  13 1013
  14 1218
  15 972
  16 1669
  17 1622
  18 676
  19 822
  20 1093
  21 1241
  22 1408
  23 1583
  24 1257
  25 1660
  26 964
  27 278
  28 133
  29 785
  30 1351
  31 38
  32 1126
  33 361
  34 241
  35 666
  36 268
  37 1686
  38 1488
  39 519
;
param num_partition :=
4
;
param: item partition_index cardinality :=
0 0 37
1 0 21
2 0 3
3 0 14
4 0 16
5 0 11
6 0 25
7 0 20
8 1 10
9 1 30
10 1 13
11 1 7
12 2 33
13 2 12
14 2 29
