param num_bundles := 15;

param num_cust := 40;

param price_reserve :
   1 2 3 4 5 6 7 8 9 10 11 12 13 14 15 :=
1 305 140 366 269 238 101 262 431 442 143 340 187 277 369 331
2 175 205 318 130 260 191 69 232 29 250 63 190 254 291 247
3 286 242 328 331 429 400 426 392 250 128 285 171 225 341 166
4 412 341 391 271 411 285 317 233 244 283 189 234 222 441 364
5 565 552 385 560 274 403 562 508 539 569 521 443 450 546 280
6 402 422 242 406 222 186 236 245 125 370 380 386 406 419 270
7 227 319 124 380 230 222 282 295 269 329 154 111 333 55 289
8 232 180 95 192 193 220 153 203 84 165 137 207 146 64 66
9 49 253 436 228 102 339 308 417 229 194 273 325 317 345 486
10 336 324 228 272 231 164 347 302 158 283 353 157 120 241 349
11 354 228 44 297 92 272 164 99 91 313 200 251 184 365 86
12 445 276 201 205 256 375 348 167 323 327 368 344 377 267 406
13 202 241 280 289 82 133 135 266 281 198 245 165 273 217 146
14 420 485 338 504 293 400 445 448 483 334 457 314 284 220 320
15 213 75 94 332 191 332 274 157 209 71 109 165 224 314 300
16 192 153 134 228 229 35 55 163 68 178 186 229 229 148 227
17 81 25 62 103 55 117 107 82 85 114 54 52 111 98 67
18 412 109 481 340 367 428 321 211 296 387 558 229 457 366 366
19 211 466 241 430 444 401 373 349 269 119 323 104 243 436 199
20 282 139 328 257 174 290 274 182 297 48 182 302 249 293 324
21 393 440 503 546 467 283 399 409 500 290 138 485 325 305 350
22 368 305 420 233 201 399 107 312 218 310 386 432 441 322 354
23 503 201 438 451 319 218 311 456 462 335 305 207 288 403 466
24 484 251 389 460 244 317 359 335 336 405 455 475 533 362 466
25 226 442 429 387 52 229 250 332 274 199 337 498 33 202 433
26 445 231 395 489 116 463 450 371 262 385 386 127 420 459 352
27 273 489 327 364 471 130 213 440 159 440 373 383 385 474 320
28 505 133 349 527 426 433 412 74 87 547 495 321 285 178 432
29 50 78 104 35 62 63 74 92 46 71 75 96 110 110 47
30 269 216 137 237 181 201 203 264 158 115 253 132 228 262 228
31 465 95 186 343 315 114 448 299 461 464 334 147 462 232 325
32 365 270 375 475 186 254 297 392 395 372 188 156 392 473 447
33 478 316 287 449 403 266 396 471 297 111 339 398 302 262 483
34 264 361 96 311 374 91 414 275 291 268 405 367 398 346 147
35 344 561 562 275 431 239 472 478 382 466 458 339 479 400 514
36 170 341 377 321 363 136 349 368 70 152 343 353 273 369 319
37 370 427 563 201 553 550 455 177 338 485 244 406 452 556 404
38 56 111 72 51 106 88 87 56 102 120 114 65 54 110 48
39 161 480 359 403 483 364 490 86 355 355 476 489 474 169 22
40 228 325 242 147 186 267 172 299 282 324 314 53 237 185 291
;

param:   cost_bundl  marginal :=
1 86 118
2 118 120
3 64 7
4 29 114
5 102 64
6 83 114
7 113 120
8 76 116
9 92 119
10 102 121
11 110 85
12 82 116
13 104 119
14 97 115
15 93 52
;
param: buyer budget :=
  0 1468
  1 1282
  2 1130
  3 806
  4 575
  5 67
  6 630
  7 867
  8 1034
  9 1455
  10 1257
  11 1147
  12 1255
  13 311
  14 227
  15 1338
  16 1681
  17 1129
  18 1320
  19 277
  20 1427
  21 1005
  22 1418
  23 848
  24 137
  25 1117
  26 1673
  27 1673
  28 741
  29 995
  30 1203
  31 1230
  32 1093
  33 1028
  34 1315
  35 330
  36 1345
  37 804
  38 429
  39 892
;
param num_partition :=
4
;
param: item partition_index cardinality :=
0 0 13
1 0 11
2 0 3
3 0 1
4 0 13
5 0 28
6 0 22
7 1 20
8 2 14
9 2 30
10 2 5
11 2 8
12 2 3
13 2 23
14 2 33
