param num_bundles := 15;

param num_cust := 40;

param price_reserve :
   1 2 3 4 5 6 7 8 9 10 11 12 13 14 15 :=
1 240 151 158 153 188 166 89 224 173 215 169 193 174 102 118
2 104 72 115 102 87 42 96 120 83 70 86 97 99 42 85
3 160 253 145 259 299 520 321 287 272 520 161 386 497 445 271
4 145 296 310 281 216 167 217 212 116 279 306 306 226 266 308
5 367 433 148 430 339 376 309 414 175 374 188 393 133 450 65
6 240 278 320 423 363 310 444 207 289 240 274 224 215 294 278
7 59 425 391 533 514 391 508 202 474 219 99 573 36 561 307
8 230 318 149 514 270 177 544 266 480 431 218 411 269 459 166
9 258 22 253 96 318 69 236 249 132 124 253 239 332 147 279
10 275 256 138 182 269 114 210 216 209 301 243 306 325 273 234
11 420 471 371 162 241 336 332 418 153 336 360 427 472 277 447
12 436 274 79 252 380 157 323 338 278 235 439 218 403 237 432
13 124 129 222 98 111 127 171 85 115 217 172 199 230 110 139
14 391 433 492 452 484 326 327 303 457 104 387 366 231 354 393
15 276 445 412 494 358 418 452 429 427 470 341 484 282 179 386
16 361 462 180 477 127 84 325 478 367 198 383 268 371 229 385
17 222 135 186 176 96 94 116 103 261 287 229 290 289 116 140
18 334 498 562 137 556 559 328 367 301 269 217 487 323 542 526
19 188 296 363 235 348 421 92 408 274 287 346 297 240 410 350
20 272 398 453 491 513 537 528 344 338 301 352 300 96 522 266
21 287 96 253 251 165 128 257 145 234 114 93 202 207 225 199
22 232 158 204 75 201 196 103 228 128 82 105 40 242 172 150
23 196 487 124 462 432 366 410 459 396 250 383 311 252 255 401
24 106 363 324 296 167 228 351 394 278 177 157 338 197 258 295
25 165 183 82 239 184 240 220 233 223 231 100 193 171 171 124
26 512 448 403 424 313 293 424 562 212 241 330 519 534 469 519
27 61 261 475 509 530 355 295 115 330 329 235 442 508 379 179
28 257 462 453 282 413 307 425 408 449 454 491 429 517 271 522
29 536 558 421 545 293 430 341 129 381 578 348 549 433 161 303
30 109 68 147 148 292 249 134 50 226 241 196 236 255 265 283
31 365 326 201 388 143 167 170 148 297 328 376 118 189 134 228
32 195 245 119 206 174 257 149 292 173 157 331 268 235 131 282
33 516 485 262 393 105 84 54 215 132 36 258 448 343 498 202
34 266 376 96 416 355 323 218 293 206 137 365 301 302 209 305
35 342 346 320 328 355 108 416 360 272 357 360 237 366 77 300
36 197 320 326 243 322 107 252 162 207 277 325 317 314 60 167
37 184 358 421 356 366 459 537 410 559 484 184 393 211 374 433
38 229 80 244 204 143 72 140 70 117 206 129 121 227 66 190
39 434 441 140 359 284 228 251 379 450 407 224 344 452 259 407
40 323 257 132 299 283 285 252 327 288 232 249 264 143 293 85
;

param:   cost_bundl  marginal :=
1 21 49
2 115 112
3 88 71
4 106 65
5 85 43
6 47 94
7 33 76
8 42 97
9 113 42
10 85 100
11 112 100
12 82 113
13 59 39
14 17 75
15 51 110
;
param: buyer budget :=
  0 434
  1 362
  2 547
  3 395
  4 1586
  5 1225
  6 454
  7 885
  8 1660
  9 1119
  10 854
  11 239
  12 1071
  13 1706
  14 448
  15 1021
  16 726
  17 731
  18 880
  19 1109
  20 1124
  21 1481
  22 960
  23 1371
  24 1397
  25 1355
  26 1277
  27 376
  28 1076
  29 1400
  30 319
  31 252
  32 293
  33 1112
  34 968
  35 95
  36 1235
  37 1676
  38 661
  39 1688
;
param num_partition :=
4
;
param: item partition_index cardinality :=
0 0 36
1 0 16
2 0 16
3 1 31
4 1 7
5 1 29
6 1 15
7 1 13
8 1 19
9 1 31
10 2 33
11 2 25
12 2 3
13 2 37
14 2 3
