param num_bundles := 15;

param num_cust := 40;

param price_reserve :
   1 2 3 4 5 6 7 8 9 10 11 12 13 14 15 :=
1 219 165 368 395 317 197 304 252 419 296 26 107 216 300 411
2 234 246 235 204 282 207 175 293 38 281 58 204 163 184 194
3 298 175 366 105 434 340 274 374 273 181 500 37 503 358 256
4 455 322 168 150 466 253 482 174 332 384 234 403 382 395 279
5 306 359 328 404 560 123 69 461 499 436 425 549 554 479 545
6 250 270 249 287 51 130 360 364 231 369 391 386 89 362 222
7 216 335 279 88 413 97 353 223 339 195 390 281 226 399 281
8 311 262 296 488 363 435 504 190 228 503 286 455 275 191 371
9 250 441 473 170 254 539 424 514 456 348 457 351 368 412 540
10 228 302 375 443 296 448 256 158 298 261 228 465 384 347 350
11 158 254 237 222 248 324 332 290 234 192 332 138 239 327 227
12 43 298 286 186 258 102 332 145 290 242 263 276 184 233 225
13 209 220 295 348 282 324 337 281 197 285 148 157 235 307 216
14 317 274 354 263 325 297 402 408 242 377 305 238 397 381 91
15 389 399 323 245 408 328 312 289 375 182 94 207 204 301 357
16 415 277 384 291 395 365 338 380 114 15 406 175 328 380 170
17 123 318 293 231 365 173 251 201 151 313 349 295 92 322 182
18 347 532 465 234 160 372 450 95 506 301 533 486 340 488 241
19 526 446 419 382 478 104 291 114 526 447 342 518 261 327 299
20 106 16 101 87 93 101 92 112 81 59 57 32 122 44 84
21 476 238 523 383 507 507 501 47 290 103 426 301 61 432 449
22 340 316 53 380 223 383 415 276 399 403 234 375 347 322 299
23 320 325 486 75 391 388 416 335 286 419 317 333 373 205 221
24 249 316 272 268 276 310 270 174 194 165 169 305 311 147 315
25 24 265 314 322 313 247 182 328 230 293 293 107 129 274 145
26 269 196 231 389 281 415 383 359 88 118 135 248 156 355 401
27 165 138 213 104 224 233 125 198 90 220 60 104 171 215 92
28 303 149 346 305 414 336 204 199 69 415 290 295 239 261 369
29 354 197 145 267 225 352 304 369 270 246 217 105 101 215 193
30 411 145 182 386 254 276 473 468 321 43 146 149 439 264 456
31 53 107 97 62 85 86 99 65 79 38 94 93 87 93 72
32 224 262 181 174 184 210 139 276 278 228 301 290 89 208 181
33 112 217 98 165 181 20 183 189 196 244 238 120 51 197 231
34 235 239 161 231 218 197 146 131 188 59 189 216 169 215 239
35 367 211 301 462 312 82 302 488 325 327 386 430 357 386 301
36 140 287 465 340 209 382 474 379 378 480 199 378 411 406 489
37 300 312 406 416 518 402 83 540 550 451 463 236 501 372 520
38 388 231 415 181 346 486 550 345 407 305 292 439 256 366 562
39 517 424 312 515 529 334 370 280 496 545 246 187 373 333 302
40 221 141 157 546 511 501 432 552 553 449 479 574 513 459 469
;

param:   cost_bundl  marginal :=
1 31 108
2 46 81
3 77 106
4 48 49
5 111 107
6 121 111
7 31 21
8 66 98
9 68 101
10 80 104
11 88 12
12 114 37
13 53 114
14 98 112
15 84 91
;
param: buyer budget :=
  0 375
  1 779
  2 109
  3 1241
  4 100
  5 145
  6 823
  7 699
  8 1487
  9 650
  10 385
  11 1219
  12 1674
  13 751
  14 1202
  15 1136
  16 203
  17 240
  18 1477
  19 249
  20 1157
  21 1443
  22 608
  23 1508
  24 663
  25 1028
  26 1179
  27 666
  28 433
  29 936
  30 1399
  31 1136
  32 1319
  33 896
  34 1211
  35 702
  36 1124
  37 464
  38 377
  39 834
;
param num_partition :=
4
;
param: item partition_index cardinality :=
0 0 31
1 0 17
2 0 26
3 0 27
4 0 36
5 0 3
6 2 13
7 2 20
8 2 9
9 2 27
10 2 21
11 2 18
12 2 14
13 2 8
14 2 28
