param num_bundles := 15;

param num_cust := 40;

param price_reserve :
   1 2 3 4 5 6 7 8 9 10 11 12 13 14 15 :=
1 73 522 489 504 281 550 511 507 321 308 234 292 408 518 536
2 287 378 289 387 380 325 325 268 323 289 268 321 130 402 383
3 208 186 257 328 369 492 511 381 314 477 211 312 419 299 465
4 195 487 266 277 465 171 334 314 376 371 68 58 175 224 137
5 163 224 322 430 380 271 336 363 155 437 308 278 372 232 97
6 313 260 28 235 328 243 217 31 94 282 111 103 322 256 307
7 393 407 395 339 304 352 489 288 232 304 421 346 413 332 332
8 239 128 302 484 70 342 390 278 358 375 155 395 150 459 483
9 277 187 119 342 251 353 259 262 71 303 156 319 230 347 265
10 365 336 516 412 39 314 146 514 406 455 166 353 228 520 395
11 162 478 431 182 344 374 439 317 195 241 378 397 301 393 234
12 556 371 250 267 414 450 202 412 382 516 503 562 500 345 472
13 121 35 24 87 61 81 75 82 81 118 95 15 17 99 78
14 94 260 324 282 268 88 136 251 284 211 277 218 131 226 226
15 458 332 483 536 450 384 238 464 383 377 496 390 409 251 77
16 339 118 255 260 206 331 173 419 110 376 498 478 216 383 88
17 444 319 315 411 172 179 233 134 346 111 323 322 357 380 365
18 508 475 211 181 460 440 373 267 290 258 442 265 174 499 72
19 435 71 549 477 557 286 407 274 377 376 578 336 513 523 261
20 243 225 386 373 254 377 376 432 337 167 224 404 277 403 390
21 269 350 314 50 113 86 294 148 202 167 358 340 284 147 248
22 42 144 378 446 353 513 370 421 518 489 261 461 143 397 253
23 294 333 434 145 132 381 225 229 225 401 265 239 65 284 446
24 457 362 370 389 138 534 484 512 357 381 548 371 318 548 408
25 233 411 270 419 386 136 254 336 313 291 258 124 350 425 298
26 154 210 76 271 156 280 276 77 152 161 290 130 113 174 58
27 103 39 101 75 106 100 99 35 113 116 111 93 110 99 41
28 323 277 356 328 360 303 365 254 212 354 115 356 127 334 298
29 379 339 348 90 250 389 293 244 343 104 47 207 315 192 403
30 65 79 38 120 33 117 27 80 24 105 104 29 111 14 85
31 200 366 97 216 342 165 113 189 378 379 77 90 323 289 340
32 229 147 179 60 192 202 181 190 45 99 164 218 244 168 205
33 154 226 414 292 367 323 352 277 224 154 405 325 280 410 130
34 282 223 270 183 74 283 288 235 42 182 268 219 163 193 183
35 163 322 447 410 346 250 74 460 233 456 134 426 395 40 338
36 276 149 295 307 121 336 75 177 86 314 372 63 258 360 371
37 323 400 378 194 386 357 247 290 392 326 165 315 348 319 272
38 194 239 127 205 243 74 65 74 154 241 186 220 158 219 88
39 288 380 259 401 85 391 330 202 92 133 76 361 373 79 15
40 234 218 284 357 204 95 121 309 285 245 132 291 160 310 172
;

param:   cost_bundl  marginal :=
1 112 90
2 119 96
3 89 102
4 104 121
5 97 78
6 116 108
7 64 85
8 64 89
9 96 75
10 67 91
11 28 55
12 54 90
13 108 95
14 85 48
15 70 99
;
param: buyer budget :=
  0 934
  1 782
  2 208
  3 939
  4 124
  5 1016
  6 652
  7 665
  8 1343
  9 250
  10 1281
  11 451
  12 940
  13 1701
  14 1113
  15 1080
  16 1625
  17 1712
  18 315
  19 1110
  20 963
  21 1401
  22 1254
  23 764
  24 1101
  25 1255
  26 1323
  27 857
  28 673
  29 1664
  30 374
  31 505
  32 262
  33 818
  34 461
  35 145
  36 1582
  37 1341
  38 779
  39 1619
;
param num_partition :=
4
;
param: item partition_index cardinality :=
0 0 34
1 0 5
2 0 7
3 0 8
2 2 7
3 2 8
4 2 34
5 2 25
6 2 37
7 2 27
8 2 1
9 2 24
10 2 7
11 2 33
12 2 13
13 2 7
14 2 33
