param num_bundles := 15;

param num_cust := 40;

param price_reserve :
   1 2 3 4 5 6 7 8 9 10 11 12 13 14 15 :=
1 333 511 38 130 485 413 461 477 400 529 258 378 560 514 551
2 297 252 324 336 222 92 186 208 332 388 150 393 361 166 289
3 465 424 84 403 201 440 154 185 215 418 277 308 237 357 301
4 538 225 415 514 568 488 415 155 327 515 441 452 415 133 552
5 195 397 301 24 447 433 190 338 426 186 340 281 258 202 199
6 190 295 320 103 225 143 282 334 361 360 77 291 357 270 312
7 171 257 265 105 205 244 243 216 288 278 285 215 13 295 161
8 116 118 86 49 25 108 87 93 79 72 61 100 34 52 121
9 306 265 318 235 278 266 137 196 325 170 197 282 156 121 297
10 141 281 283 77 295 230 217 159 147 289 95 239 231 130 38
11 3 52 64 110 92 50 64 93 76 82 108 105 36 95 20
12 107 89 51 38 42 118 71 101 107 116 95 95 74 53 49
13 298 359 359 278 210 203 307 320 320 202 279 267 358 322 366
14 317 182 450 303 262 246 520 524 385 148 363 420 545 186 162
15 240 148 466 212 304 273 29 309 294 377 38 179 450 177 317
16 429 413 56 507 397 372 458 375 256 423 221 360 354 261 305
17 374 297 372 391 310 45 203 33 295 364 92 330 213 246 391
18 463 497 489 434 221 259 273 347 311 553 361 545 578 256 149
19 100 188 324 339 466 456 161 436 518 418 373 450 226 76 512
20 239 224 216 174 243 158 244 167 60 151 232 228 145 228 226
21 286 250 257 287 399 488 331 540 531 386 333 249 299 472 335
22 279 280 369 205 358 268 351 437 74 456 235 379 295 393 271
23 125 352 141 288 226 183 145 414 360 208 267 363 204 404 168
24 3 80 77 121 29 116 80 115 36 108 98 87 69 38 111
25 434 174 401 126 436 284 384 342 326 426 231 393 128 174 336
26 220 81 409 306 526 495 225 323 439 289 519 297 197 474 60
27 386 415 137 341 259 468 367 311 129 324 233 106 416 280 193
28 325 233 433 416 239 320 368 443 189 118 311 363 400 342 414
29 215 412 455 471 478 483 311 431 489 479 229 473 470 414 477
30 297 279 71 416 374 471 136 353 414 147 268 405 338 397 325
31 253 360 357 194 206 365 125 355 351 288 324 320 285 278 322
32 509 286 411 408 373 177 240 132 466 256 389 111 488 412 287
33 229 256 467 518 307 213 530 467 422 46 254 488 319 468 186
34 87 111 304 283 253 221 406 386 445 131 405 266 462 177 388
35 486 423 391 435 389 273 399 435 148 266 491 343 115 206 303
36 316 414 474 394 143 256 241 420 492 314 437 222 373 571 393
37 434 136 358 80 290 395 425 461 434 265 395 270 446 268 297
38 55 39 119 77 96 67 56 55 90 104 55 120 71 116 33
39 117 291 236 378 279 181 78 411 217 393 407 300 320 83 268
40 394 259 307 76 221 245 207 224 385 244 109 329 100 357 387
;

param:   cost_bundl  marginal :=
1 116 119
2 116 119
3 97 99
4 72 116
5 87 87
6 88 90
7 57 97
8 61 60
9 83 54
10 95 65
11 117 76
12 81 14
13 101 101
14 71 117
15 91 75
;
param: buyer budget :=
  0 454
  1 120
  2 539
  3 910
  4 1503
  5 141
  6 1662
  7 87
  8 1014
  9 1479
  10 1187
  11 1555
  12 1445
  13 1521
  14 422
  15 97
  16 465
  17 1023
  18 1598
  19 1691
  20 1200
  21 571
  22 640
  23 786
  24 1628
  25 711
  26 56
  27 876
  28 823
  29 635
  30 421
  31 191
  32 1069
  33 878
  34 1268
  35 1293
  36 993
  37 777
  38 1630
  39 1609
;
param num_partition :=
4
;
param: item partition_index cardinality :=
0 0 20
1 0 33
2 0 11
3 0 18
4 0 13
5 0 36
6 0 4
7 0 21
8 0 36
9 0 19
10 2 8
11 2 3
12 2 30
13 2 38
14 2 18
