param num_bundles := 15;

param num_cust := 40;

param price_reserve :
   1 2 3 4 5 6 7 8 9 10 11 12 13 14 15 :=
1 552 578 410 341 263 208 404 397 459 499 447 264 399 194 566
2 423 309 361 276 148 435 267 388 252 309 403 475 480 61 292
3 117 178 138 150 41 189 234 292 149 147 154 249 124 7 261
4 89 361 431 281 256 300 197 268 365 334 361 389 316 338 163
5 79 185 159 361 354 190 103 314 306 266 178 308 132 274 356
6 463 443 426 229 278 341 442 296 308 439 380 279 233 216 337
7 38 337 241 364 364 364 391 340 377 374 135 363 394 336 210
8 397 257 493 286 355 283 386 93 343 325 390 429 394 471 461
9 304 323 467 332 300 173 471 248 494 332 456 266 355 260 390
10 429 427 456 191 462 492 387 389 310 524 402 452 353 280 415
11 166 222 243 158 114 181 176 213 151 213 179 37 179 197 216
12 357 315 312 290 281 316 144 292 174 264 194 249 309 88 292
13 496 435 468 493 274 187 63 540 223 436 261 504 535 146 434
14 295 198 356 355 463 403 250 459 324 43 107 161 255 481 391
15 197 280 269 216 221 330 250 263 303 275 255 8 246 329 211
16 270 129 148 95 148 264 202 142 271 169 56 219 182 138 289
17 535 337 526 566 396 497 556 318 406 317 249 234 499 403 323
18 337 495 464 515 480 228 495 233 386 388 482 329 317 534 520
19 372 488 106 513 522 382 164 292 218 422 252 301 351 434 347
20 266 295 249 155 101 295 337 219 353 224 176 289 342 341 329
21 103 381 397 142 359 194 369 468 181 398 428 211 338 358 186
22 529 527 391 521 475 536 395 484 429 138 82 520 168 318 323
23 311 216 248 318 377 264 144 189 330 390 146 116 293 337 273
24 271 423 198 498 286 478 300 343 261 151 86 155 310 282 163
25 280 257 274 88 420 396 418 338 326 282 151 392 116 271 399
26 394 31 521 467 181 286 222 428 63 369 534 530 192 489 501
27 323 220 339 453 408 215 172 434 340 197 258 409 221 372 295
28 469 472 190 420 484 509 304 261 291 428 131 442 424 454 464
29 184 338 274 158 248 179 298 208 319 217 163 294 34 120 253
30 87 199 234 202 165 21 66 41 58 178 123 200 33 206 171
31 379 330 532 348 460 460 558 341 576 320 323 374 500 306 269
32 177 221 351 395 103 349 324 355 249 433 288 336 94 360 373
33 315 53 228 317 194 337 329 63 343 335 255 229 361 283 154
34 178 369 357 299 400 327 417 205 275 229 463 320 389 320 362
35 260 278 96 288 298 72 292 194 112 99 334 83 179 217 167
36 251 454 28 473 153 403 389 484 223 458 149 305 426 250 453
37 310 440 423 265 229 321 431 370 88 367 421 476 265 240 351
38 406 352 306 282 447 403 520 106 342 141 145 482 158 303 271
39 331 182 145 489 465 306 306 325 440 314 292 197 147 425 317
40 299 179 212 348 245 126 264 246 290 218 334 228 314 300 161
;

param:   cost_bundl  marginal :=
1 79 85
2 95 63
3 91 101
4 82 69
5 59 118
6 30 29
7 71 89
8 121 103
9 65 122
10 114 29
11 38 85
12 65 121
13 80 63
14 52 89
15 74 116
;
param: buyer budget :=
  0 562
  1 350
  2 654
  3 1434
  4 980
  5 370
  6 231
  7 91
  8 1084
  9 853
  10 415
  11 1044
  12 828
  13 1345
  14 534
  15 849
  16 198
  17 390
  18 1065
  19 1510
  20 277
  21 524
  22 1702
  23 1020
  24 258
  25 906
  26 196
  27 129
  28 1207
  29 967
  30 1605
  31 1034
  32 989
  33 1370
  34 146
  35 1509
  36 674
  37 198
  38 162
  39 1720
;
param num_partition :=
4
;
param: item partition_index cardinality :=
0 0 9
1 1 28
2 1 9
3 2 27
4 2 37
5 2 11
6 2 23
7 2 13
8 2 31
9 2 36
10 2 6
11 2 4
12 2 10
13 2 20
14 2 34
