param num_bundles := 15;

param num_cust := 40;

param price_reserve :
   1 2 3 4 5 6 7 8 9 10 11 12 13 14 15 :=
1 236 225 341 324 346 280 266 390 318 401 412 244 380 427 441
2 471 483 451 241 214 319 177 457 526 200 89 364 497 190 411
3 326 234 318 314 181 12 231 323 21 312 307 306 328 298 203
4 359 484 269 464 459 508 565 193 312 494 415 312 192 334 496
5 229 110 39 193 285 270 264 252 212 180 279 129 149 208 187
6 73 441 193 218 472 473 79 352 354 287 492 247 499 504 363
7 96 544 353 463 302 251 368 520 50 532 432 216 123 220 227
8 283 387 140 299 353 313 336 256 70 263 363 305 282 225 215
9 100 66 80 96 121 106 50 39 100 51 25 86 113 77 112
10 187 245 226 73 129 260 137 202 176 82 95 259 92 227 162
11 475 164 444 448 391 515 252 287 248 411 438 252 503 83 510
12 262 149 251 272 131 190 287 263 242 170 286 282 288 182 215
13 188 339 480 260 467 474 100 300 327 514 460 258 410 238 433
14 304 175 268 184 183 129 326 356 365 271 270 282 302 347 167
15 46 230 122 96 149 123 164 145 165 157 175 217 233 234 0
16 332 166 181 248 361 296 309 319 135 305 138 317 254 174 395
17 351 252 501 311 448 484 499 481 431 311 119 202 439 381 321
18 49 80 32 94 57 106 122 98 36 100 110 35 95 91 56
19 547 442 398 305 478 311 459 473 528 346 548 460 438 441 557
20 340 28 336 444 201 359 307 292 372 406 254 375 296 442 398
21 194 294 330 179 117 245 265 291 179 108 317 127 277 308 242
22 293 225 117 252 172 211 244 98 201 161 272 280 249 208 224
23 456 482 100 426 345 457 471 340 457 384 526 470 289 513 443
24 236 332 144 317 115 435 496 208 157 70 458 428 450 522 464
25 154 297 264 87 320 295 259 22 193 49 273 47 167 73 100
26 370 216 265 417 382 259 323 34 170 362 374 399 410 85 356
27 315 411 54 360 358 395 400 232 315 229 308 310 223 499 474
28 309 193 413 302 414 256 245 176 326 312 270 370 418 147 389
29 112 399 376 383 330 421 268 334 264 295 257 389 345 179 132
30 264 371 240 271 210 191 194 163 378 259 316 272 368 353 206
31 494 479 132 482 369 179 351 262 101 417 270 409 419 417 219
32 186 179 171 365 271 343 348 241 336 103 197 206 117 143 266
33 186 279 299 490 430 218 270 56 439 167 200 454 407 404 493
34 523 376 521 422 491 381 499 445 381 542 446 533 63 418 499
35 199 318 443 124 434 318 413 424 265 251 190 358 286 308 309
36 326 209 226 409 167 237 373 302 376 349 421 229 202 361 398
37 105 63 103 102 59 90 99 63 102 55 88 114 87 59 90
38 165 186 100 229 215 193 156 147 177 186 219 219 22 213 194
39 470 511 95 538 340 525 69 335 377 120 115 381 441 417 355
40 194 270 35 249 103 98 131 220 131 227 239 210 166 233 165
;

param:   cost_bundl  marginal :=
1 82 89
2 84 87
3 46 24
4 65 82
5 56 56
6 40 92
7 118 37
8 116 49
9 86 102
10 58 53
11 15 60
12 119 34
13 119 28
14 90 103
15 82 89
;
param: buyer budget :=
  0 1609
  1 589
  2 1098
  3 544
  4 498
  5 1552
  6 1523
  7 1503
  8 1287
  9 398
  10 1586
  11 960
  12 236
  13 289
  14 1169
  15 1102
  16 1457
  17 974
  18 97
  19 293
  20 97
  21 432
  22 1268
  23 939
  24 70
  25 1601
  26 1562
  27 285
  28 980
  29 1285
  30 1407
  31 1479
  32 399
  33 1062
  34 1276
  35 1421
  36 1514
  37 822
  38 1649
  39 668
;
param num_partition :=
4
;
param: item partition_index cardinality :=
0 0 28
1 0 13
2 0 30
3 0 4
4 1 27
5 1 19
6 1 39
7 1 3
8 1 34
9 1 38
10 1 36
11 1 11
12 2 34
13 2 38
14 2 15
