param num_bundles := 15;

param num_cust := 40;

param price_reserve :
   1 2 3 4 5 6 7 8 9 10 11 12 13 14 15 :=
1 192 264 162 264 220 232 213 185 202 236 50 233 199 226 262
2 335 461 388 253 314 289 461 157 118 325 234 104 400 448 384
3 489 500 437 286 484 58 392 215 198 269 183 404 392 261 237
4 389 256 360 212 281 314 388 376 435 284 441 349 347 439 168
5 204 419 172 435 260 227 301 224 259 204 284 183 374 167 237
6 256 75 151 167 231 184 287 108 247 162 288 294 292 109 170
7 177 393 391 354 90 337 359 38 262 211 282 181 382 347 105
8 148 431 312 344 349 462 465 125 370 447 262 254 400 459 435
9 576 439 504 437 470 0 563 126 487 430 430 185 330 127 324
10 510 455 162 324 403 523 182 430 267 339 426 453 451 519 451
11 259 369 389 328 155 418 339 334 245 332 381 415 394 365 269
12 184 66 244 60 173 215 117 244 129 180 146 71 56 206 49
13 118 44 76 99 86 111 109 114 76 113 80 122 8 23 101
14 65 117 90 111 18 88 102 110 105 35 91 63 46 86 56
15 324 485 475 397 345 445 72 298 346 355 60 493 216 360 280
16 83 187 191 191 234 46 108 163 152 61 173 116 184 153 65
17 433 207 477 516 59 538 205 500 311 241 215 69 486 523 420
18 189 188 357 382 275 208 436 438 408 275 82 339 462 402 213
19 256 234 286 188 199 123 128 185 208 191 194 268 271 235 74
20 243 190 138 135 193 133 233 126 227 205 234 213 209 239 216
21 193 494 118 551 445 273 223 119 515 540 113 484 183 552 483
22 370 557 121 192 542 542 196 286 540 518 476 463 497 411 449
23 398 258 278 83 318 516 135 498 203 352 397 339 220 373 109
24 108 80 75 97 119 116 101 28 106 120 70 29 66 119 113
25 46 16 102 105 69 50 76 105 111 120 75 106 101 86 95
26 391 282 370 137 271 281 392 318 166 392 393 385 363 237 371
27 181 308 347 334 392 407 234 404 193 378 421 395 124 391 416
28 454 309 295 483 407 163 377 475 471 431 489 113 313 173 425
29 145 155 277 105 175 20 361 325 392 322 383 216 380 331 267
30 253 148 270 186 293 275 124 289 163 58 152 246 166 199 231
31 354 383 101 506 257 444 160 445 150 382 113 303 120 481 316
32 191 315 320 112 86 313 152 328 233 313 208 150 143 40 259
33 158 246 347 237 330 42 270 316 354 230 170 318 325 325 291
34 398 518 320 471 242 459 506 262 275 472 322 516 270 82 411
35 22 84 453 453 312 438 444 350 425 152 403 189 452 359 469
36 294 304 274 224 304 92 339 356 350 330 219 151 51 273 346
37 301 371 108 286 368 299 110 256 319 332 345 368 395 364 345
38 392 260 264 341 250 375 183 340 51 312 244 380 335 390 341
39 241 459 489 382 138 412 425 467 394 364 107 56 427 96 464
40 302 239 295 139 314 296 324 247 102 278 84 213 74 325 56
;

param:   cost_bundl  marginal :=
1 71 82
2 90 26
3 75 65
4 118 88
5 105 52
6 115 95
7 79 70
8 55 67
9 83 85
10 98 27
11 110 80
12 45 102
13 66 51
14 42 112
15 89 29
;
param: buyer budget :=
  0 539
  1 553
  2 1407
  3 350
  4 991
  5 265
  6 569
  7 614
  8 990
  9 404
  10 863
  11 1402
  12 986
  13 698
  14 1045
  15 196
  16 828
  17 1545
  18 1472
  19 1486
  20 1003
  21 1592
  22 938
  23 919
  24 688
  25 606
  26 940
  27 767
  28 394
  29 1162
  30 1571
  31 753
  32 313
  33 1645
  34 641
  35 106
  36 213
  37 280
  38 1061
  39 612
;
param num_partition :=
4
;
param: item partition_index cardinality :=
0 0 29
1 0 29
2 0 12
3 0 6
4 0 33
5 1 19
6 2 15
7 2 19
8 2 5
9 2 23
10 2 31
11 2 22
12 2 1
13 2 4
14 2 26
