param num_bundles := 15;

param num_cust := 40;

param price_reserve :
   1 2 3 4 5 6 7 8 9 10 11 12 13 14 15 :=
1 225 335 436 240 348 310 115 370 381 45 447 408 458 254 453
2 173 222 162 153 74 217 75 188 216 168 181 213 83 16 159
3 261 171 133 482 88 476 226 297 494 165 0 493 272 147 114
4 73 97 116 33 120 98 83 42 88 49 50 92 112 45 58
5 361 69 233 250 130 109 146 228 367 207 347 205 169 327 344
6 96 197 209 135 228 143 68 65 100 187 138 236 229 94 140
7 261 166 287 232 33 379 293 195 335 89 331 346 392 312 184
8 350 441 342 345 147 190 392 373 382 402 376 431 325 253 115
9 320 308 304 377 82 412 503 96 204 114 34 296 404 494 232
10 436 477 150 249 459 409 333 88 469 419 355 313 365 209 111
11 508 163 378 332 498 574 506 183 398 344 393 558 437 313 570
12 378 391 200 309 10 261 360 336 339 330 181 199 112 368 367
13 332 524 245 400 439 373 426 530 429 280 451 170 274 372 370
14 532 409 353 313 227 198 493 399 338 155 503 551 537 454 338
15 292 249 197 174 326 217 340 174 264 312 300 92 312 282 339
16 226 181 110 167 49 175 170 93 220 52 176 102 215 95 217
17 451 423 500 423 401 518 352 454 441 516 321 457 293 248 432
18 291 396 240 208 346 292 142 340 420 350 224 155 198 372 347
19 269 463 330 144 453 478 69 286 466 83 421 302 464 366 373
20 25 262 467 513 398 224 338 220 278 419 517 547 87 317 210
21 54 165 173 528 338 144 177 44 342 523 395 352 483 425 46
22 236 338 438 158 388 233 201 295 312 89 332 340 439 414 428
23 251 81 200 110 219 172 239 214 37 164 210 105 237 203 189
24 374 411 365 387 216 349 102 374 409 40 249 384 432 223 460
25 353 315 503 392 183 303 356 429 433 389 508 420 301 290 484
26 132 291 365 259 156 158 342 281 357 156 220 335 230 216 123
27 419 514 218 132 452 563 268 517 554 538 527 525 401 406 521
28 275 250 152 460 545 294 296 300 229 323 302 479 329 540 258
29 320 92 127 106 255 278 185 251 81 51 229 156 240 118 255
30 344 131 267 227 228 239 262 265 139 297 173 267 175 315 374
31 148 268 164 234 198 83 197 269 184 202 193 167 103 255 254
32 148 168 111 222 206 231 231 136 152 216 215 113 134 75 212
33 84 551 562 431 550 485 540 319 284 569 98 243 316 109 372
34 143 41 194 255 190 228 289 272 61 263 254 71 244 137 218
35 105 521 395 167 501 95 172 507 220 161 512 181 276 251 38
36 299 268 243 242 317 155 342 225 110 279 165 316 96 125 168
37 414 392 309 148 390 353 182 169 376 389 136 392 130 382 289
38 211 256 304 203 282 203 267 279 326 122 197 167 244 325 208
39 140 273 531 122 367 515 348 150 268 339 504 489 421 64 448
40 242 460 450 150 295 94 276 349 462 245 424 184 445 364 280
;

param:   cost_bundl  marginal :=
1 106 93
2 106 117
3 119 119
4 16 112
5 87 63
6 38 119
7 115 52
8 41 118
9 114 107
10 117 119
11 36 99
12 63 114
13 14 80
14 95 80
15 91 93
;
param: buyer budget :=
  0 150
  1 396
  2 618
  3 971
  4 1126
  5 1516
  6 1396
  7 1376
  8 147
  9 895
  10 490
  11 1333
  12 1196
  13 1487
  14 240
  15 1156
  16 39
  17 1245
  18 801
  19 1568
  20 698
  21 1716
  22 487
  23 581
  24 518
  25 606
  26 100
  27 1432
  28 497
  29 774
  30 1211
  31 747
  32 606
  33 920
  34 608
  35 518
  36 641
  37 70
  38 1327
  39 1536
;
param num_partition :=
4
;
param: item partition_index cardinality :=
0 0 26
1 0 35
2 0 27
3 0 37
4 0 8
5 0 32
6 0 29
7 0 6
8 0 10
5 2 32
6 2 29
7 2 6
8 2 10
9 2 23
10 2 18
11 2 36
12 2 16
13 2 23
14 2 32
