param num_bundles := 25;

param num_cust := 40;

param price_reserve :
   1 2 3 4 5 6 7 8 9 10 11 12 13 14 15 16 17 18 19 20 21 22 23 24 25 :=
1 448 203 540 439 379 597 454 553 546 582 526 534 130 571 410 381 542 514 251 381 423 323 49 587 295
2 622 891 857 663 769 489 464 467 863 787 773 595 879 741 540 217 137 560 331 895 555 391 765 850 724
3 671 668 553 451 787 768 670 722 236 105 747 795 838 718 618 682 452 395 495 793 847 444 657 741 796
4 299 560 37 355 799 833 505 540 799 721 836 468 579 345 555 65 615 545 811 623 296 772 793 840 813
5 364 409 184 299 278 48 222 357 161 247 231 284 61 238 363 262 77 277 168 272 165 364 420 384 404
6 44 792 515 650 196 767 443 574 216 360 864 204 824 898 793 882 654 858 559 265 285 663 422 810 776
7 711 466 598 361 23 737 451 716 793 619 667 736 815 653 775 234 705 773 409 664 758 349 510 748 725
8 603 689 713 703 731 539 464 707 428 446 724 362 440 113 632 660 423 402 82 589 606 580 653 639 673
9 534 483 786 162 361 354 554 574 504 578 454 656 700 797 616 658 607 670 600 529 116 438 398 754 226
10 242 368 345 75 159 314 314 312 369 86 161 327 208 343 206 139 240 162 344 350 261 317 326 375 146
11 649 754 630 922 698 696 412 794 687 670 267 604 881 617 586 727 239 369 443 523 741 816 126 537 522
12 743 463 806 538 736 599 741 206 576 824 616 682 299 762 510 731 301 709 814 457 586 300 789 642 760
13 192 246 600 94 593 396 502 165 516 201 531 372 471 533 472 528 341 201 195 511 370 189 255 495 289
14 303 201 234 237 95 310 184 167 272 272 209 193 245 99 300 155 223 260 254 286 263 237 297 283 217
15 310 642 127 415 515 547 593 28 633 533 311 431 250 520 504 477 150 650 306 683 630 680 490 254 112
16 694 227 616 391 680 614 687 657 764 733 328 579 667 183 466 661 634 596 120 379 547 549 485 328 703
17 327 263 796 436 629 593 733 559 647 588 754 467 571 397 390 697 688 229 727 828 599 281 626 468 708
18 387 479 340 549 374 372 529 170 564 502 187 557 510 292 575 365 322 118 183 535 409 550 304 276 384
19 532 436 464 236 588 536 905 133 605 844 742 788 357 864 758 286 901 836 482 438 511 901 716 271 823
20 514 152 429 160 420 257 471 513 282 498 326 470 448 394 477 476 251 448 160 534 463 429 349 295 527
21 723 237 448 322 710 870 373 403 391 467 441 785 576 809 827 396 860 503 562 749 819 773 404 818 343
22 331 389 511 354 525 361 380 291 368 411 562 397 241 255 410 550 261 335 158 454 471 362 270 505 572
23 191 549 455 263 607 624 264 546 348 563 501 200 630 127 609 600 591 195 472 433 416 499 231 467 439
24 701 529 257 252 328 626 676 554 192 582 434 428 326 485 662 181 613 557 652 688 631 564 387 398 537
25 420 746 347 550 684 480 580 224 329 606 409 129 602 277 733 123 717 403 354 679 480 459 560 529 478
26 37 522 241 520 378 272 225 376 499 397 328 393 511 438 212 208 103 515 249 97 380 448 497 487 332
27 673 407 491 686 308 216 394 520 493 670 545 687 609 467 400 543 629 670 691 636 608 377 613 538 406
28 681 785 445 621 651 539 779 564 627 491 748 289 791 247 709 399 421 85 630 354 823 897 785 156 722
29 332 422 231 184 273 512 521 318 224 518 75 463 267 310 349 418 366 516 521 80 532 290 233 453 410
30 545 571 451 139 327 505 704 613 252 531 543 562 488 298 451 311 378 600 691 276 421 305 510 657 491
31 757 702 608 825 771 110 652 792 629 839 334 590 670 782 743 101 432 147 613 287 620 476 758 838 823
32 471 772 331 217 816 278 460 595 500 677 403 665 397 251 228 794 678 647 94 519 808 359 822 609 233
33 461 524 681 748 723 413 532 480 477 580 840 509 716 355 779 785 132 341 746 784 833 504 835 823 718
34 80 245 141 269 222 299 289 247 301 135 241 297 282 219 223 222 264 45 300 276 56 164 34 273 156
35 127 284 185 166 310 288 133 291 51 88 132 280 207 140 175 272 305 214 82 206 238 303 262 302 253
36 380 413 358 255 312 248 378 360 259 276 219 379 179 301 297 171 101 112 328 130 314 208 302 224 392
37 417 263 421 270 356 233 401 95 283 249 359 466 190 237 71 370 347 180 438 322 438 385 409 168 213
38 534 748 396 554 532 669 550 600 495 407 707 670 448 625 629 532 252 310 629 780 543 647 628 603 429
39 421 346 248 352 387 263 400 430 330 113 249 153 253 235 393 349 253 88 370 244 296 333 149 376 158
40 734 427 376 423 260 410 316 619 616 856 846 350 655 824 472 649 459 306 898 800 530 929 113 246 302
;

param:   cost_bundl  marginal :=
1 71 143
2 93 51
3 85 88
4 117 87
5 69 110
6 50 152
7 123 64
8 154 105
9 153 145
10 77 69
11 69 113
12 62 144
13 104 88
14 152 17
15 24 125
16 33 148
17 54 11
18 136 145
19 69 125
20 139 29
21 104 151
22 117 116
23 103 65
24 116 105
25 76 132
;
param: buyer budget :=
  0 437
  1 699
  2 657
  3 1256
  4 2280
  5 1022
  6 1010
  7 2118
  8 305
  9 2651
  10 2739
  11 1287
  12 2189
  13 943
  14 375
  15 1303
  16 2549
  17 127
  18 1932
  19 1405
  20 1785
  21 1130
  22 1943
  23 451
  24 2382
  25 1062
  26 2634
  27 1161
  28 1505
  29 2587
  30 801
  31 497
  32 560
  33 764
  34 1517
  35 1517
  36 2244
  37 1973
  38 859
  39 367
;
param num_partition :=
4
;
param: item partition_index cardinality :=
0 0 20
1 0 33
2 0 10
3 0 23
4 0 29
5 0 3
6 0 9
7 0 32
8 0 39
9 0 25
10 1 14
11 1 7
12 1 20
13 1 14
14 1 19
15 1 1
16 1 33
17 1 34
18 1 32
19 1 7
20 1 37
21 1 38
22 2 1
23 2 9
24 2 3
