param num_bundles := 25;

param num_cust := 40;

param price_reserve :
   1 2 3 4 5 6 7 8 9 10 11 12 13 14 15 16 17 18 19 20 21 22 23 24 25 :=
1 763 521 330 736 848 724 532 450 532 475 237 859 665 810 759 644 846 730 592 504 520 486 519 651 616
2 431 125 247 439 171 590 548 593 423 605 430 486 332 525 383 98 571 301 538 274 244 186 484 228 440
3 99 124 105 138 109 82 138 148 55 133 89 69 149 143 147 60 123 86 111 158 60 40 138 99 120
4 333 275 153 312 169 122 91 308 166 172 265 363 310 205 132 321 213 160 292 141 371 208 344 142 224
5 487 753 663 377 491 489 379 627 608 814 648 517 820 790 468 209 543 823 233 470 520 646 682 537 168
6 216 318 177 130 274 371 332 343 331 235 324 187 375 380 174 201 224 137 353 178 239 251 329 378 246
7 407 134 120 730 508 576 394 668 614 631 685 476 567 637 690 684 669 637 152 720 810 573 800 536 650
8 189 868 223 795 917 579 816 802 841 630 258 818 788 677 511 853 918 390 465 901 522 447 691 882 470
9 109 140 38 138 143 120 43 37 144 36 41 135 151 53 40 106 72 45 135 151 32 132 155 120 83
10 590 678 801 571 764 254 782 802 667 533 759 793 455 521 566 771 860 545 606 199 321 727 759 446 643
11 471 356 311 551 424 486 451 501 432 553 343 522 200 523 473 487 478 387 74 491 352 346 121 506 297
12 82 304 218 179 261 208 253 311 127 245 184 277 217 294 163 57 244 191 93 210 146 197 302 212 91
13 333 526 202 289 259 741 576 750 711 744 806 734 235 691 815 750 504 444 654 766 721 676 408 157 399
14 513 96 177 541 502 647 516 260 331 564 532 442 404 565 542 460 497 489 512 295 348 437 633 582 265
15 590 219 571 519 243 594 447 577 479 562 474 200 205 577 546 528 576 222 175 466 381 435 624 362 618
16 625 691 654 663 727 561 340 610 477 569 330 406 363 633 731 491 464 502 445 460 524 737 245 214 632
17 407 229 121 258 502 499 506 367 519 279 467 352 279 574 488 222 226 141 277 480 36 394 465 482 259
18 480 622 712 542 645 452 428 666 668 311 456 634 734 119 608 452 472 635 410 651 765 577 438 303 362
19 574 826 686 771 706 669 841 41 259 432 361 742 208 651 530 884 408 502 743 385 742 702 792 447 705
20 451 503 431 521 169 499 471 336 319 155 291 238 461 507 442 423 425 210 374 309 365 517 284 492 473
21 315 482 629 617 632 197 375 301 450 440 262 637 469 719 603 620 634 641 210 156 666 477 697 543 700
22 494 144 779 710 266 781 746 735 587 609 744 650 766 266 630 456 320 413 152 728 677 290 374 625 345
23 696 628 652 623 564 655 723 864 379 520 351 850 428 266 714 588 456 661 624 632 703 746 831 97 630
24 376 732 161 751 222 760 652 505 591 435 515 578 654 454 210 409 411 325 679 577 410 260 533 609 709
25 415 615 467 346 326 343 626 472 328 346 305 563 579 578 446 620 534 610 399 47 514 460 484 520 362
26 311 606 185 382 548 239 498 573 352 411 465 559 600 437 221 641 177 330 590 394 273 233 554 642 388
27 352 517 571 707 710 202 536 550 738 269 415 82 709 389 473 392 534 230 639 349 742 436 176 416 374
28 151 64 147 104 71 111 64 157 110 88 37 142 42 48 110 112 128 141 50 146 97 152 134 83 53
29 400 213 415 551 328 586 314 546 431 235 412 307 508 621 499 402 385 522 201 525 511 554 184 295 529
30 269 432 296 472 252 361 294 184 323 161 130 372 334 366 280 373 137 347 437 347 469 73 297 275 126
31 325 596 338 578 625 492 526 164 668 437 468 610 534 647 685 634 504 314 675 534 597 582 391 707 506
32 674 418 337 634 620 694 369 581 462 729 498 55 723 160 322 95 542 605 531 532 640 671 657 128 731
33 816 293 672 461 670 509 746 559 827 659 784 352 100 471 568 377 741 792 586 437 281 640 741 678 808
34 819 391 751 704 748 227 874 416 530 234 854 740 830 588 484 394 794 389 547 757 588 824 477 326 811
35 601 573 615 546 517 423 515 366 269 425 471 225 512 453 626 613 266 449 391 47 448 578 360 297 460
36 84 149 113 120 56 157 36 51 76 83 20 132 124 98 72 148 85 30 118 145 117 144 64 41 156
37 302 356 165 275 411 197 27 409 347 350 163 316 205 409 134 410 168 282 106 393 408 369 35 172 28
38 84 134 135 13 66 3 150 78 109 142 61 128 139 102 98 141 126 142 154 147 72 46 77 81 102
39 342 108 555 260 267 465 561 506 571 302 301 557 520 238 559 535 475 65 229 435 164 343 400 552 443
40 228 335 434 558 422 314 459 247 279 583 469 613 79 500 60 376 224 380 520 679 569 267 77 682 499
;

param:   cost_bundl  marginal :=
1 82 101
2 150 126
3 119 110
4 74 80
5 106 148
6 124 125
7 95 47
8 140 123
9 129 56
10 98 103
11 113 107
12 145 103
13 42 73
14 153 84
15 116 72
16 70 106
17 80 109
18 156 144
19 44 104
20 49 153
21 62 155
22 37 124
23 143 157
24 135 116
25 44 101
;
param: buyer budget :=
  0 722
  1 938
  2 1917
  3 547
  4 683
  5 602
  6 886
  7 2091
  8 2695
  9 1680
  10 2689
  11 2423
  12 2320
  13 341
  14 2488
  15 694
  16 1067
  17 325
  18 340
  19 2177
  20 2567
  21 1134
  22 1750
  23 476
  24 553
  25 1408
  26 53
  27 1488
  28 1634
  29 642
  30 1781
  31 480
  32 1903
  33 2719
  34 789
  35 2039
  36 427
  37 2269
  38 2367
  39 2649
;
param num_partition :=
4
;
param: item partition_index cardinality :=
0 0 33
1 1 8
2 1 8
3 1 13
4 1 27
5 1 15
6 1 38
7 1 8
8 1 36
9 1 28
10 2 20
11 2 29
12 2 27
13 2 2
14 2 1
15 2 33
16 2 16
17 2 16
18 2 29
19 2 34
20 2 2
21 2 5
22 2 30
23 2 16
24 2 31
