param num_bundles := 25;

param num_cust := 40;

param price_reserve :
   1 2 3 4 5 6 7 8 9 10 11 12 13 14 15 16 17 18 19 20 21 22 23 24 25 :=
1 672 590 263 306 592 600 442 235 663 481 335 447 324 419 535 258 704 228 355 485 669 579 286 195 201
2 527 641 224 715 818 445 633 554 325 813 792 839 687 647 156 312 596 802 310 145 750 700 524 276 219
3 833 163 763 586 605 796 641 810 670 520 291 466 338 646 178 75 693 660 799 719 746 581 754 785 838
4 198 255 337 142 212 363 363 329 339 326 270 307 340 131 345 211 216 181 361 111 239 370 152 262 309
5 359 347 507 330 520 327 251 454 471 277 533 404 503 374 537 442 493 275 296 362 374 272 332 283 560
6 426 490 261 436 405 192 459 374 427 451 151 487 143 467 205 406 466 463 408 253 258 349 310 319 225
7 143 150 47 148 113 89 140 133 152 40 93 127 68 149 118 17 95 94 130 86 132 45 139 62 154
8 195 350 197 726 768 315 446 807 587 769 432 818 652 335 406 802 375 672 346 776 753 99 792 521 537
9 565 328 814 731 755 682 801 765 819 812 434 530 247 671 332 499 398 455 194 278 138 772 800 483 725
10 747 797 322 640 766 623 561 436 204 789 259 779 476 667 390 467 434 607 717 397 477 273 606 752 631
11 729 658 825 367 568 178 365 569 142 439 366 329 300 601 417 670 698 790 833 384 581 800 750 756 607
12 126 648 395 685 354 632 423 708 469 687 176 237 735 594 578 535 229 506 129 560 256 662 702 553 584
13 223 392 249 189 406 88 301 423 139 231 159 168 462 202 445 397 420 270 314 331 467 270 264 213 425
14 98 292 313 629 476 725 697 651 395 700 614 457 705 605 688 106 676 417 720 421 279 495 369 514 529
15 373 719 682 476 625 220 480 488 525 603 643 330 486 453 343 601 714 560 63 404 530 391 383 595 367
16 584 653 306 738 357 336 557 660 308 752 607 320 334 62 608 511 519 584 771 28 806 589 561 262 268
17 287 334 200 361 314 324 338 342 357 354 119 223 323 325 345 162 356 224 344 230 132 93 351 369 343
18 309 327 245 387 269 392 321 113 338 323 333 252 404 229 118 161 331 301 416 240 217 414 414 339 315
19 685 778 574 326 137 662 668 821 670 795 183 129 659 696 437 753 280 415 466 780 668 259 426 291 433
20 391 680 615 725 494 582 765 396 265 552 510 720 504 599 345 645 309 679 680 300 663 758 494 687 626
21 773 701 332 377 688 364 730 79 429 793 703 390 809 674 722 103 267 624 311 707 239 746 523 235 799
22 725 619 259 144 331 613 452 654 255 706 310 617 700 653 511 482 575 526 613 625 422 744 710 671 673
23 499 811 697 708 642 710 414 354 407 582 709 484 358 292 763 503 780 805 812 687 748 331 545 329 139
24 510 277 359 416 475 407 593 440 529 497 503 629 152 585 370 235 555 394 577 453 209 129 471 620 328
25 506 278 548 711 378 327 295 790 675 680 763 102 767 623 144 201 746 777 749 228 261 576 782 352 765
26 245 190 682 755 703 624 664 229 382 479 658 705 259 561 423 574 607 668 270 724 768 415 371 451 700
27 188 518 342 447 499 602 652 496 482 594 418 632 292 495 147 651 445 585 392 631 331 467 229 605 341
28 435 342 655 607 626 345 684 634 699 733 330 731 221 547 509 712 670 164 285 403 676 129 472 320 586
29 710 735 882 48 748 778 673 429 360 902 594 206 276 320 821 695 731 628 376 557 890 535 888 504 697
30 572 452 89 522 577 573 625 274 199 547 432 515 483 204 581 413 317 595 244 218 364 81 579 317 528
31 156 595 736 600 442 622 769 877 867 871 569 498 718 782 651 332 557 500 837 671 755 722 712 705 430
32 692 464 930 742 895 722 697 652 715 315 425 555 381 541 201 485 685 237 827 882 837 770 755 871 721
33 336 602 496 301 242 649 291 910 318 411 399 206 658 864 838 781 626 904 186 534 759 750 289 896 481
34 293 261 446 353 506 395 394 73 374 461 202 390 488 464 125 118 505 392 396 367 204 205 448 296 436
35 422 261 157 399 443 270 357 348 462 142 171 380 439 289 330 296 331 386 225 294 416 403 131 261 202
36 269 292 454 236 542 353 400 326 328 364 584 511 246 482 497 543 477 596 597 657 622 602 479 278 618
37 331 434 444 198 185 212 389 367 193 506 440 65 508 197 310 444 493 93 497 448 440 364 503 174 508
38 294 605 464 633 428 402 867 407 475 643 879 750 518 584 166 694 671 873 147 409 693 752 828 894 359
39 336 417 396 262 444 216 297 135 160 402 369 322 266 428 468 381 420 188 268 234 292 456 311 450 422
40 275 148 88 150 398 304 452 278 218 158 403 335 230 226 464 53 411 81 181 377 196 242 40 467 216
;

param:   cost_bundl  marginal :=
1 137 126
2 116 92
3 149 136
4 71 26
5 80 58
6 89 57
7 134 129
8 45 140
9 93 100
10 38 123
11 39 131
12 147 152
13 112 111
14 63 96
15 34 149
16 142 139
17 112 141
18 153 151
19 91 150
20 154 155
21 98 75
22 125 27
23 36 152
24 139 40
25 113 91
;
param: buyer budget :=
  0 758
  1 617
  2 91
  3 2702
  4 1668
  5 820
  6 2259
  7 2037
  8 1518
  9 968
  10 1734
  11 613
  12 2067
  13 1388
  14 611
  15 69
  16 1869
  17 1046
  18 2129
  19 2647
  20 2644
  21 1725
  22 1461
  23 98
  24 1202
  25 1624
  26 1222
  27 651
  28 815
  29 2496
  30 1745
  31 807
  32 1195
  33 2641
  34 352
  35 2585
  36 2313
  37 2366
  38 192
  39 1564
;
param num_partition :=
4
;
param: item partition_index cardinality :=
0 0 17
1 0 15
2 0 2
3 0 12
4 0 34
5 0 3
6 0 1
7 0 7
8 0 13
9 0 5
10 0 2
11 0 21
12 0 2
13 0 29
14 0 35
15 0 39
16 0 25
17 0 10
18 0 6
2 2 2
3 2 12
4 2 34
5 2 3
6 2 1
7 2 7
8 2 13
9 2 5
10 2 2
11 2 21
12 2 2
13 2 29
14 2 35
15 2 39
16 2 25
17 2 10
18 2 6
19 2 4
20 2 27
21 2 27
22 2 14
23 2 10
24 2 5
