param num_bundles := 25;

param num_cust := 40;

param price_reserve :
   1 2 3 4 5 6 7 8 9 10 11 12 13 14 15 16 17 18 19 20 21 22 23 24 25 :=
1 368 623 297 437 671 700 198 175 654 575 629 284 687 720 350 698 815 261 508 255 600 566 807 725 610
2 309 493 77 361 356 174 495 299 482 298 227 486 402 244 475 503 192 480 249 381 404 295 504 356 102
3 559 495 434 739 764 698 885 650 742 830 209 819 687 305 344 748 731 751 437 555 750 699 730 633 238
4 403 404 234 345 452 143 165 88 325 74 308 436 144 235 287 454 383 390 216 361 434 230 440 467 404
5 737 661 119 659 453 530 777 642 607 547 552 664 324 237 541 579 217 416 372 337 565 375 195 225 590
6 612 823 450 766 662 787 377 798 627 914 894 760 642 199 868 887 735 664 745 597 212 413 809 286 432
7 292 240 614 546 637 491 388 522 611 121 571 437 374 279 438 519 605 199 632 267 428 678 653 547 586
8 511 426 632 200 440 426 611 281 237 536 447 341 540 648 591 372 542 600 207 575 398 554 671 510 659
9 785 880 644 861 556 259 321 257 549 730 362 846 537 621 754 805 461 771 266 870 803 804 698 317 530
10 714 636 405 673 198 490 584 573 735 176 563 200 501 475 537 218 384 655 728 552 618 349 574 463 529
11 152 95 143 85 149 63 153 113 125 70 72 96 110 30 152 126 122 153 153 138 138 68 133 53 84
12 325 677 408 641 407 659 545 256 495 620 538 386 667 495 402 554 385 156 480 675 280 444 347 531 433
13 164 218 438 447 496 584 571 145 153 526 467 581 589 622 223 423 598 426 299 300 532 354 625 616 444
14 431 522 579 162 683 617 582 185 523 523 599 618 348 235 527 517 592 605 693 512 426 556 567 400 718
15 443 563 142 479 409 504 340 215 163 109 315 469 426 114 299 567 419 519 365 356 428 315 130 319 274
16 418 124 258 260 132 458 207 307 347 306 455 442 278 469 222 341 303 237 128 261 209 381 295 253 287
17 500 266 740 356 739 707 565 605 721 416 470 428 667 312 587 442 473 475 605 143 691 207 299 725 511
18 755 738 754 537 625 183 645 318 408 765 416 615 538 740 279 401 588 780 473 442 391 564 795 245 648
19 451 827 899 813 405 729 726 226 828 561 692 233 775 825 759 738 610 534 590 707 812 900 855 758 868
20 372 603 344 293 181 352 113 293 404 387 180 535 497 468 333 512 394 502 367 519 408 397 183 364 315
21 379 384 592 560 287 430 559 620 411 461 661 723 300 526 547 122 257 345 364 366 452 684 216 523 614
22 573 583 292 703 462 319 111 490 192 725 562 499 527 666 358 344 202 349 135 156 649 585 388 543 718
23 152 154 500 635 648 468 539 390 363 174 432 627 364 257 554 483 614 124 573 499 639 579 119 199 238
24 849 373 816 756 309 644 593 336 616 595 428 635 473 509 224 687 469 235 596 694 453 853 762 222 845
25 392 401 480 551 417 520 390 507 412 333 593 562 188 314 522 417 379 482 269 191 302 182 198 353 343
26 69 80 304 203 303 273 191 280 257 127 298 131 84 47 291 194 267 297 314 95 263 271 208 288 258
27 582 382 747 688 689 566 579 618 742 702 637 450 545 449 555 550 548 516 722 602 382 411 531 581 358
28 738 642 622 655 691 784 705 786 729 390 687 926 778 283 553 865 616 389 687 702 651 634 189 745 775
29 188 424 427 427 241 356 340 221 420 90 335 192 194 326 222 266 138 360 209 257 233 214 363 161 248
30 616 507 719 754 553 505 767 373 521 729 745 780 448 93 349 611 609 679 235 125 560 445 503 142 258
31 582 777 916 888 684 453 727 804 587 180 875 850 342 108 368 754 278 450 893 773 647 865 774 509 888
32 62 127 86 242 248 131 212 243 303 110 233 226 181 41 72 305 235 226 298 223 226 93 290 233 185
33 733 486 516 513 404 707 219 213 641 519 495 232 502 464 424 567 517 587 496 761 341 736 510 651 275
34 664 281 203 466 118 509 612 319 662 342 520 165 521 615 479 297 653 522 340 491 131 636 507 372 214
35 850 312 712 819 322 762 673 363 661 411 783 715 381 776 460 708 624 154 526 846 447 408 647 486 857
36 360 215 118 250 312 194 306 503 409 463 230 353 339 412 442 484 75 475 469 301 211 272 406 83 217
37 191 523 396 600 613 219 633 656 589 647 626 612 428 414 619 652 422 92 410 213 638 641 108 657 511
38 261 280 137 342 220 154 126 217 325 128 304 56 202 344 130 368 243 160 356 236 357 343 111 317 182
39 108 183 486 412 774 653 413 595 580 846 725 133 530 531 490 342 653 110 832 599 851 792 578 271 765
40 157 329 477 289 427 104 188 165 568 560 294 299 512 474 352 473 557 250 571 619 472 256 530 436 407
;

param:   cost_bundl  marginal :=
1 102 13
2 67 71
3 71 141
4 130 72
5 64 102
6 69 112
7 112 145
8 153 90
9 106 132
10 149 88
11 92 42
12 155 14
13 140 57
14 115 152
15 118 88
16 133 155
17 130 83
18 145 154
19 76 156
20 43 48
21 31 134
22 105 148
23 77 51
24 155 35
25 92 111
;
param: buyer budget :=
  0 2125
  1 1400
  2 2152
  3 415
  4 317
  5 2210
  6 1831
  7 858
  8 1901
  9 1377
  10 1352
  11 1972
  12 2016
  13 2009
  14 1852
  15 1485
  16 2220
  17 789
  18 2262
  19 1507
  20 2049
  21 1954
  22 536
  23 256
  24 1878
  25 2600
  26 342
  27 1161
  28 1323
  29 1045
  30 653
  31 2745
  32 2046
  33 281
  34 1749
  35 892
  36 370
  37 2365
  38 2182
  39 784
;
param num_partition :=
4
;
param: item partition_index cardinality :=
0 0 24
1 0 12
2 0 28
3 0 26
4 0 25
5 0 29
6 0 23
7 0 6
8 0 28
9 0 35
10 0 26
11 0 10
12 0 10
13 0 24
14 0 22
15 0 28
16 0 14
17 0 35
18 0 17
19 0 35
2 2 28
3 2 26
4 2 25
5 2 29
6 2 23
7 2 6
8 2 28
9 2 35
10 2 26
11 2 10
12 2 10
13 2 24
14 2 22
15 2 28
16 2 14
17 2 35
18 2 17
19 2 35
20 2 27
21 2 19
22 2 10
23 2 8
24 2 15
