param num_bundles := 25;

param num_cust := 40;

param price_reserve :
   1 2 3 4 5 6 7 8 9 10 11 12 13 14 15 16 17 18 19 20 21 22 23 24 25 :=
1 552 501 856 830 521 810 431 708 533 776 444 711 378 596 345 834 766 224 820 544 683 300 204 574 588
2 628 625 537 765 635 703 743 748 395 364 623 718 669 377 651 748 633 750 628 680 541 450 450 683 519
3 457 283 636 632 475 607 638 292 663 136 122 689 418 609 626 441 197 229 504 362 517 501 570 704 227
4 603 91 414 458 656 410 337 258 250 597 490 479 187 312 325 400 623 393 677 294 435 513 587 339 586
5 458 368 596 419 634 576 678 763 609 533 526 494 622 477 730 587 772 519 132 513 271 229 607 784 588
6 340 643 418 632 404 581 640 564 610 647 577 627 628 451 599 519 641 402 147 536 604 229 491 289 571
7 654 701 771 824 351 461 168 731 407 611 515 690 248 756 789 534 624 825 726 331 266 556 724 650 103
8 447 32 431 294 388 379 183 94 183 402 312 508 245 302 162 189 168 497 345 330 50 500 378 357 396
9 337 349 532 509 498 346 574 258 479 619 400 597 364 527 593 329 614 331 600 474 489 527 184 457 110
10 795 785 814 732 757 660 774 468 744 671 504 819 660 621 688 713 697 428 353 553 217 757 433 525 238
11 536 860 255 839 729 269 385 167 605 727 817 778 384 853 870 830 868 764 694 785 387 695 613 261 605
12 353 36 262 165 349 166 289 322 332 270 374 246 350 69 163 223 375 164 300 276 145 298 353 319 213
13 286 424 435 588 438 54 202 522 360 498 369 498 578 588 543 524 430 419 508 343 65 523 363 304 466
14 440 476 313 510 494 160 439 201 525 383 448 521 441 552 174 212 134 281 442 258 529 447 503 265 152
15 777 754 547 828 571 452 595 420 307 617 586 535 146 807 217 389 355 678 750 806 246 673 776 591 317
16 883 463 731 625 602 873 716 500 470 799 274 505 617 191 700 816 763 867 428 626 686 869 768 689 636
17 101 170 118 413 292 291 295 368 271 298 485 359 255 464 542 521 166 380 98 523 492 356 258 385 143
18 622 658 533 565 274 675 358 578 223 627 440 514 658 353 686 604 372 392 565 620 568 677 318 360 302
19 171 141 639 524 335 646 316 280 457 463 269 469 611 354 492 423 576 446 312 523 356 188 325 426 643
20 609 579 495 625 480 587 310 167 255 158 371 204 161 256 383 348 114 273 72 258 564 600 217 392 423
21 310 240 300 256 158 263 20 183 301 154 209 214 210 82 141 221 256 294 167 289 241 296 148 231 179
22 513 487 495 474 291 510 496 94 313 391 511 351 139 484 235 567 210 400 313 567 539 95 549 122 544
23 199 693 63 463 731 407 508 587 132 636 594 472 235 728 457 439 181 722 595 673 614 648 683 555 575
24 499 616 263 402 600 710 447 622 713 707 475 428 625 690 724 156 632 260 714 416 338 281 377 696 413
25 132 71 83 102 120 106 73 144 132 137 87 27 157 125 33 103 119 109 104 115 109 147 49 116 143
26 287 150 76 268 383 296 397 146 243 57 206 97 351 416 221 332 56 244 39 392 375 118 256 267 411
27 296 477 490 509 229 324 602 166 642 258 475 583 481 616 460 633 502 198 319 571 513 329 563 452 586
28 590 857 588 55 931 633 789 642 863 871 444 670 674 679 692 526 901 676 875 248 526 467 243 135 725
29 363 395 681 114 684 113 309 345 332 434 504 566 204 310 573 95 671 452 604 436 641 478 625 590 675
30 694 817 584 666 866 842 861 820 793 594 775 866 782 488 388 677 799 426 509 821 651 239 800 492 840
31 804 372 687 307 597 715 331 444 802 776 731 573 492 828 803 402 349 423 455 696 864 727 533 40 820
32 605 160 83 491 480 569 319 193 396 293 351 489 586 661 661 224 77 569 465 652 436 179 451 95 133
33 348 341 287 280 191 347 371 183 197 252 225 213 305 339 372 274 329 294 173 196 201 187 292 232 198
34 155 288 246 314 142 225 277 108 83 255 163 278 161 170 156 213 297 315 50 185 284 199 258 197 97
35 604 709 536 723 856 548 353 408 133 591 471 206 908 768 69 665 338 755 772 745 285 544 772 898 625
36 516 524 499 500 309 451 235 432 454 275 353 393 397 173 294 368 392 350 464 90 420 283 447 530 485
37 567 467 410 769 555 406 735 439 553 511 650 644 532 546 268 738 457 527 409 307 553 639 664 389 483
38 273 211 756 669 661 453 748 796 201 429 703 614 530 485 762 621 536 558 494 764 193 173 451 558 692
39 233 401 313 384 87 155 440 218 284 164 394 197 458 350 399 306 110 220 394 275 352 163 330 334 452
40 699 495 455 351 202 428 687 673 537 608 388 638 285 664 513 324 498 292 323 417 476 589 235 543 400
;

param:   cost_bundl  marginal :=
1 141 139
2 117 69
3 130 156
4 148 109
5 67 141
6 114 146
7 106 137
8 105 37
9 78 85
10 80 83
11 128 82
12 152 96
13 103 115
14 90 152
15 127 74
16 117 68
17 46 40
18 20 156
19 134 99
20 129 82
21 156 135
22 139 149
23 139 6
24 153 62
25 129 61
;
param: buyer budget :=
  0 1727
  1 1021
  2 312
  3 2484
  4 1819
  5 738
  6 2612
  7 455
  8 2675
  9 1571
  10 2323
  11 831
  12 2210
  13 1323
  14 131
  15 2032
  16 2114
  17 247
  18 373
  19 399
  20 2138
  21 914
  22 448
  23 475
  24 1558
  25 1077
  26 2617
  27 892
  28 1252
  29 1781
  30 458
  31 1602
  32 702
  33 2055
  34 827
  35 147
  36 1701
  37 1708
  38 2256
  39 2103
;
param num_partition :=
4
;
param: item partition_index cardinality :=
0 0 13
1 0 18
2 0 26
3 0 38
4 0 20
5 0 26
6 0 13
7 0 1
8 0 36
9 0 8
10 0 25
11 0 9
12 0 37
13 0 23
14 0 37
9 2 8
10 2 25
11 2 9
12 2 37
13 2 23
14 2 37
15 2 18
16 2 26
17 2 20
18 2 18
19 2 38
20 2 31
21 2 22
22 2 39
23 2 21
24 2 37
