param num_bundles := 25;

param num_cust := 40;

param price_reserve :
   1 2 3 4 5 6 7 8 9 10 11 12 13 14 15 16 17 18 19 20 21 22 23 24 25 :=
1 513 326 350 593 851 664 633 789 226 582 512 709 322 808 799 548 156 816 689 529 636 442 405 443 210
2 657 586 734 807 816 763 682 816 762 657 816 745 604 528 509 845 608 180 803 262 126 625 643 241 590
3 325 560 212 764 686 867 666 721 320 551 786 613 518 900 162 867 494 476 534 549 740 140 862 231 732
4 640 525 444 618 856 638 613 709 561 575 864 471 150 312 703 504 832 365 736 721 821 758 651 774 750
5 577 421 436 475 525 121 417 487 531 565 484 279 592 513 358 507 504 450 348 540 611 103 433 411 380
6 282 625 837 710 365 822 819 608 388 813 483 542 382 724 776 800 541 396 412 715 537 635 580 873 871
7 375 267 234 543 273 567 503 460 555 520 614 527 490 415 292 230 608 333 167 405 457 502 601 589 604
8 508 734 554 787 696 725 795 727 744 530 845 486 619 513 748 460 698 520 786 724 812 738 513 542 628
9 172 455 256 135 576 433 637 207 624 348 724 496 500 649 578 336 723 705 654 687 280 266 458 620 148
10 569 673 528 608 595 699 262 290 344 265 513 442 567 590 91 691 418 517 207 662 490 687 257 665 601
11 615 226 864 178 238 894 612 339 875 772 831 442 828 194 522 657 727 890 590 566 222 759 823 257 666
12 177 112 585 498 641 97 381 476 359 410 411 460 588 412 468 500 496 639 248 641 501 167 598 492 636
13 303 293 446 829 754 427 722 914 255 639 859 558 882 806 881 745 542 538 693 684 642 133 518 886 648
14 589 345 430 547 343 118 546 380 383 595 425 554 445 572 534 465 350 164 145 185 384 539 574 288 481
15 526 438 477 381 214 211 129 271 519 444 485 178 198 422 461 375 243 551 368 530 447 299 538 473 473
16 619 357 618 841 519 399 511 761 510 717 801 569 852 614 18 876 441 905 783 510 896 728 832 638 658
17 658 203 666 500 472 557 636 313 662 677 320 239 520 534 542 394 245 483 670 148 495 382 511 390 169
18 203 258 268 443 636 674 652 323 554 709 646 589 231 141 703 404 230 617 678 628 707 690 426 388 295
19 587 888 931 632 644 815 748 703 578 408 380 657 502 871 885 909 538 444 650 763 843 775 676 812 836
20 372 812 529 444 75 784 644 453 651 522 212 787 598 638 725 771 552 751 668 307 793 404 672 648 670
21 601 376 444 455 658 524 236 749 745 426 739 354 440 704 619 555 629 36 409 700 611 498 211 623 634
22 652 165 384 603 584 321 240 468 591 652 439 503 553 223 594 110 175 321 640 622 614 649 512 286 90
23 453 144 449 442 348 420 457 249 167 491 486 321 507 397 356 390 331 114 370 240 487 490 346 356 197
24 384 143 193 48 264 159 100 281 464 262 308 237 211 46 268 446 247 402 446 206 353 403 461 53 151
25 539 680 414 424 148 784 562 788 331 663 203 250 613 157 306 649 296 774 729 692 690 689 561 754 431
26 789 576 747 245 634 681 693 658 542 609 707 389 155 369 344 176 466 117 676 301 495 617 621 739 599
27 466 539 492 398 531 47 218 542 475 437 516 429 123 488 437 274 351 385 373 407 525 293 207 325 390
28 75 127 115 126 146 121 80 134 112 113 49 30 127 143 157 137 139 109 128 151 61 56 124 135 144
29 718 598 718 293 731 316 616 338 615 703 750 360 714 384 584 528 527 588 279 530 720 435 183 654 382
30 324 452 609 580 82 526 360 479 617 414 469 125 482 72 257 545 552 458 287 545 501 546 148 621 476
31 574 509 663 711 199 700 460 648 613 415 712 129 188 393 148 450 476 691 659 622 391 686 582 717 564
32 371 343 301 257 343 289 308 297 357 322 355 132 264 313 168 141 365 359 379 167 271 244 219 325 97
33 603 752 699 487 538 495 239 478 758 150 876 559 545 200 388 874 377 323 313 225 568 436 660 550 549
34 51 136 133 31 124 136 65 107 138 84 93 139 50 108 91 45 142 133 78 134 142 84 103 100 156
35 554 781 445 243 159 623 587 775 598 166 774 512 873 664 891 498 533 611 783 622 471 514 574 548 692
36 331 782 517 497 698 493 632 675 806 532 827 659 702 554 399 490 189 279 435 691 631 665 533 784 453
37 418 463 315 667 556 303 252 423 693 513 565 476 168 480 725 554 398 126 726 277 623 423 186 675 663
38 102 221 295 140 256 294 159 216 123 288 194 311 293 210 268 239 262 192 258 163 172 121 307 115 293
39 205 711 582 773 534 614 729 745 802 776 649 632 777 733 707 725 750 700 743 409 681 820 416 221 756
40 230 415 241 358 197 382 232 217 410 478 423 81 45 435 498 377 261 389 265 245 406 403 473 167 484
;

param:   cost_bundl  marginal :=
1 64 120
2 150 98
3 151 89
4 98 153
5 116 69
6 69 130
7 74 153
8 48 95
9 122 102
10 44 152
11 120 83
12 108 36
13 40 83
14 102 93
15 134 132
16 58 68
17 63 151
18 85 152
19 146 54
20 33 97
21 42 112
22 59 114
23 126 117
24 122 124
25 130 110
;
param: buyer budget :=
  0 2163
  1 515
  2 902
  3 2549
  4 912
  5 2146
  6 2469
  7 2046
  8 2651
  9 278
  10 186
  11 1413
  12 1191
  13 985
  14 285
  15 771
  16 1972
  17 2358
  18 746
  19 2733
  20 691
  21 267
  22 251
  23 755
  24 2153
  25 387
  26 274
  27 347
  28 1492
  29 486
  30 2447
  31 2478
  32 1638
  33 430
  34 1356
  35 2137
  36 586
  37 1246
  38 2625
  39 1659
;
param num_partition :=
4
;
param: item partition_index cardinality :=
0 0 7
1 0 39
2 0 22
3 1 1
4 1 19
5 1 8
6 1 3
7 1 25
8 1 34
9 1 4
10 1 33
11 1 38
12 2 27
13 2 24
14 2 34
15 2 33
16 2 28
17 2 19
18 2 9
19 2 24
20 2 37
21 2 7
22 2 15
23 2 38
24 2 8
