param num_bundles := 25;

param num_cust := 40;

param price_reserve :
   1 2 3 4 5 6 7 8 9 10 11 12 13 14 15 16 17 18 19 20 21 22 23 24 25 :=
1 571 456 558 259 237 552 570 498 555 528 575 366 385 458 529 595 397 173 384 486 499 550 421 71 584
2 498 770 910 429 205 484 626 915 307 759 643 903 712 680 903 454 581 740 477 413 238 384 923 832 816
3 394 330 344 451 106 345 486 559 544 405 424 318 419 292 316 369 230 352 384 522 501 423 473 445 385
4 460 543 296 592 639 224 677 619 263 176 612 456 689 449 547 464 467 276 281 779 573 558 285 548 750
5 708 722 558 727 327 620 874 837 679 441 735 714 804 456 697 841 521 821 669 382 696 685 597 592 882
6 336 320 101 367 285 153 245 283 279 82 248 190 242 200 368 301 289 311 111 378 184 294 144 255 348
7 587 703 733 208 496 489 330 362 569 672 618 181 429 644 196 531 511 630 528 507 587 415 728 377 497
8 208 401 201 324 277 467 141 336 181 423 193 393 363 399 404 327 469 436 271 244 344 378 381 444 215
9 140 123 135 111 123 123 15 88 134 83 153 33 112 111 109 145 121 154 75 86 114 145 108 128 117
10 483 387 516 236 80 582 254 411 379 461 262 304 358 150 582 591 318 441 554 379 533 577 571 387 418
11 747 688 342 688 267 724 627 599 611 761 755 753 698 138 217 409 622 582 495 503 533 311 483 630 739
12 826 705 795 781 738 783 623 294 274 850 803 497 863 129 655 455 893 515 808 680 800 506 784 437 878
13 641 729 765 608 550 224 649 684 153 703 699 386 616 713 575 392 220 230 53 40 588 536 96 494 691
14 545 765 735 858 605 296 737 879 409 640 905 447 479 470 897 683 926 458 843 761 620 811 873 279 341
15 685 483 486 448 703 561 696 666 637 465 649 581 442 420 593 616 595 291 595 676 352 272 50 248 669
16 536 354 359 534 535 132 465 251 532 261 83 490 489 502 445 236 290 21 512 422 226 403 346 370 444
17 371 604 762 593 760 560 886 480 668 635 798 572 488 609 828 519 680 560 883 775 875 339 723 783 790
18 426 346 247 155 243 381 414 277 330 450 556 612 199 283 602 569 440 230 554 519 609 126 528 161 606
19 406 471 303 576 245 257 509 161 334 458 125 481 244 420 78 459 488 404 286 371 241 490 351 435 307
20 235 347 601 583 301 424 550 527 371 26 520 650 32 610 384 199 496 641 430 367 360 193 258 378 279
21 568 626 672 564 243 659 72 658 272 301 542 684 281 463 297 126 333 569 219 632 506 54 505 326 673
22 848 784 593 479 832 752 773 579 294 507 831 879 853 669 894 636 778 820 687 552 621 100 784 311 875
23 717 534 567 447 734 619 862 371 177 415 393 742 595 791 154 374 604 269 512 551 750 486 463 746 64
24 415 295 474 543 241 477 268 497 353 460 518 504 218 508 276 257 221 290 393 533 480 228 138 349 542
25 448 441 332 366 518 623 406 25 343 518 569 474 609 531 356 493 597 397 568 504 469 598 230 511 429
26 607 801 661 773 612 280 274 99 824 498 769 498 539 692 739 774 311 211 730 679 653 660 565 731 514
27 103 300 229 237 301 272 307 95 237 264 252 239 153 150 205 301 268 168 204 283 181 284 264 122 311
28 446 330 623 653 375 642 661 548 676 220 552 546 402 558 561 669 219 677 270 472 705 202 697 460 77
29 554 283 486 198 528 114 514 151 444 408 566 322 322 288 392 364 287 521 447 508 254 565 264 472 485
30 188 420 511 645 437 577 649 685 601 545 761 751 167 435 569 667 706 737 602 750 756 720 722 166 706
31 152 73 113 147 147 15 77 53 126 113 117 122 104 45 116 100 14 128 79 146 77 37 154 135 44
32 593 780 228 395 585 501 327 556 496 768 511 729 736 177 322 631 408 710 338 161 783 500 384 726 758
33 587 260 368 520 443 232 536 421 389 485 502 352 586 138 569 501 503 517 575 474 333 407 395 209 440
34 556 493 151 609 652 239 48 448 539 547 538 603 607 466 607 308 713 616 615 700 703 709 545 604 627
35 285 359 265 245 350 357 302 328 329 334 116 319 313 136 92 223 236 272 339 354 54 342 252 289 357
36 303 362 229 593 597 492 433 697 681 367 322 542 361 691 626 364 630 276 538 671 577 420 675 643 126
37 128 454 76 377 456 494 284 400 420 241 261 298 541 221 368 103 582 221 384 425 213 384 603 512 218
38 530 205 611 649 817 467 888 328 742 522 630 327 748 704 407 697 279 704 389 536 841 866 760 872 419
39 505 758 463 699 501 603 704 788 731 576 549 339 219 761 762 447 142 782 779 261 774 774 386 399 480
40 826 706 277 799 340 790 87 859 545 320 395 700 827 631 909 565 298 487 497 387 763 777 598 811 724
;

param:   cost_bundl  marginal :=
1 93 120
2 110 26
3 142 147
4 72 146
5 67 105
6 88 55
7 99 110
8 145 123
9 150 35
10 120 125
11 144 132
12 149 74
13 102 133
14 95 68
15 106 145
16 101 116
17 109 74
18 33 40
19 51 149
20 131 69
21 53 115
22 147 147
23 27 132
24 119 71
25 125 51
;
param: buyer budget :=
  0 840
  1 964
  2 361
  3 1632
  4 1695
  5 1515
  6 1346
  7 2202
  8 695
  9 1391
  10 573
  11 896
  12 784
  13 589
  14 1535
  15 2687
  16 1848
  17 612
  18 2425
  19 618
  20 2019
  21 2269
  22 769
  23 1379
  24 1480
  25 1431
  26 2494
  27 2027
  28 110
  29 2422
  30 1412
  31 1435
  32 2398
  33 2492
  34 1876
  35 409
  36 157
  37 1263
  38 767
  39 619
;
param num_partition :=
4
;
param: item partition_index cardinality :=
0 0 26
1 0 37
2 0 16
3 0 31
4 0 29
5 0 25
6 0 27
7 0 34
8 0 21
9 0 2
10 0 16
11 1 15
12 1 7
13 1 19
14 1 23
15 1 10
16 1 21
17 1 19
18 1 24
19 1 16
20 2 12
21 2 26
22 2 23
23 2 7
24 2 32
