param num_bundles := 25;

param num_cust := 40;

param price_reserve :
   1 2 3 4 5 6 7 8 9 10 11 12 13 14 15 16 17 18 19 20 21 22 23 24 25 :=
1 336 632 247 179 341 373 527 320 151 313 475 609 369 265 392 576 563 485 483 105 239 577 489 222 307
2 606 590 202 230 187 536 457 553 380 383 592 544 654 583 513 317 468 566 722 481 450 655 529 72 94
3 8 118 84 108 127 116 105 92 89 79 34 121 92 63 149 90 15 129 31 154 124 112 68 17 116
4 544 333 379 336 308 628 92 349 592 327 517 608 550 505 146 600 404 567 520 459 390 471 419 248 435
5 147 122 143 117 140 135 75 110 93 119 157 137 108 115 28 143 129 84 135 140 151 138 93 155 72
6 461 254 538 585 664 696 653 644 483 485 316 618 512 519 159 430 569 499 583 179 445 422 599 378 600
7 434 522 547 141 364 480 164 518 445 590 181 483 566 60 425 512 460 585 369 561 603 233 537 243 419
8 405 580 321 545 458 536 371 477 564 588 325 571 334 393 286 291 468 667 567 558 557 608 555 279 576
9 164 761 654 773 519 141 515 549 817 548 399 681 809 551 677 209 623 609 449 569 272 629 716 486 254
10 728 562 680 803 883 777 807 552 747 796 473 909 587 510 900 628 498 788 646 124 877 791 68 457 367
11 655 228 611 210 802 842 723 505 808 816 689 164 541 766 601 588 674 786 520 758 385 591 627 424 381
12 801 270 290 808 364 427 520 525 572 451 829 461 230 809 262 219 723 826 501 433 584 457 437 490 760
13 175 220 370 466 270 292 438 349 115 423 179 423 369 170 208 428 223 392 334 304 194 78 382 468 389
14 119 557 508 652 560 471 797 593 683 0 773 625 747 468 569 622 515 665 817 751 812 545 219 425 159
15 661 560 335 632 483 440 513 289 475 295 359 530 411 462 327 195 649 85 625 657 654 219 496 512 684
16 554 443 82 620 494 554 401 462 388 467 451 257 716 697 723 598 531 253 562 377 157 458 74 405 688
17 864 578 415 550 761 523 703 759 578 893 551 348 745 899 773 919 641 765 620 688 709 897 623 925 823
18 377 617 633 442 584 328 668 398 575 590 679 407 511 733 153 271 363 459 625 538 520 326 682 374 495
19 529 390 319 317 668 221 334 922 771 375 26 351 812 822 343 666 89 311 373 698 912 843 505 579 306
20 575 842 458 796 566 428 56 456 242 352 432 479 636 657 746 706 780 513 654 552 402 751 545 330 291
21 169 261 189 31 234 177 254 161 240 289 298 55 248 282 241 257 206 153 93 117 210 144 111 259 256
22 205 582 195 694 635 599 209 442 459 538 621 421 259 545 192 261 599 481 714 653 651 365 611 481 563
23 456 450 231 644 681 358 324 664 623 664 403 681 685 339 721 679 175 537 148 626 224 623 498 131 624
24 252 121 570 573 637 574 392 687 648 701 676 473 372 454 428 266 566 589 357 520 447 630 595 463 315
25 789 875 681 522 416 822 433 811 826 369 515 594 639 847 312 724 868 396 346 308 486 802 881 429 748
26 279 373 329 157 124 238 171 227 312 305 80 199 296 177 192 123 159 248 267 364 268 254 302 152 251
27 147 325 374 112 222 252 384 329 430 358 388 169 193 59 356 415 372 286 120 144 344 383 354 352 256
28 360 301 150 352 114 331 301 157 160 277 111 319 238 345 294 339 233 158 371 381 60 149 368 338 210
29 117 211 350 361 317 260 275 133 111 214 212 102 296 243 212 62 170 358 213 267 364 165 321 240 371
30 507 562 301 717 683 582 365 693 562 495 747 141 567 131 492 683 241 482 445 545 572 442 592 54 645
31 413 588 756 650 431 365 625 472 526 536 489 693 775 525 514 491 694 702 123 695 686 497 744 692 446
32 574 588 510 454 102 433 509 328 297 215 206 274 160 418 491 481 373 544 449 519 507 431 520 372 605
33 528 291 585 643 563 537 573 552 442 675 629 310 578 571 405 489 667 635 498 556 626 571 601 484 618
34 240 371 380 163 296 281 255 295 293 113 150 242 212 347 184 133 140 332 179 156 245 349 359 361 344
35 901 687 873 455 779 381 728 552 663 407 792 456 321 309 206 657 588 437 275 345 789 581 308 431 777
36 320 196 420 524 405 220 379 522 276 172 431 512 388 121 455 432 287 405 295 431 540 345 440 230 194
37 411 414 552 634 554 808 745 695 617 591 843 766 616 687 680 598 188 654 469 793 610 700 714 508 836
38 196 436 134 445 401 478 506 530 542 276 544 396 517 521 493 322 428 524 159 459 352 509 397 126 501
39 328 243 38 261 355 377 145 368 326 337 303 367 348 313 303 342 372 235 129 192 240 263 296 337 284
40 97 561 551 134 613 435 244 471 111 679 667 467 386 415 297 637 503 686 489 613 458 281 424 384 209
;

param:   cost_bundl  marginal :=
1 145 86
2 102 71
3 70 156
4 82 114
5 108 37
6 87 137
7 109 132
8 115 103
9 51 144
10 54 150
11 114 94
12 121 108
13 123 90
14 72 112
15 81 154
16 39 99
17 118 98
18 148 139
19 56 82
20 82 148
21 156 122
22 156 135
23 18 79
24 137 146
25 91 35
;
param: buyer budget :=
  0 1967
  1 1582
  2 448
  3 2618
  4 1350
  5 172
  6 1885
  7 1063
  8 2467
  9 1543
  10 644
  11 985
  12 2445
  13 2045
  14 1875
  15 461
  16 1235
  17 626
  18 456
  19 1804
  20 746
  21 2397
  22 1392
  23 849
  24 1512
  25 1046
  26 2384
  27 1666
  28 274
  29 979
  30 1870
  31 1972
  32 585
  33 1321
  34 1211
  35 380
  36 1036
  37 2384
  38 2648
  39 2454
;
param num_partition :=
4
;
param: item partition_index cardinality :=
0 0 23
1 0 2
2 0 16
3 0 24
4 0 28
5 0 1
6 0 16
7 0 35
8 0 37
9 0 12
10 1 6
11 1 27
12 1 24
13 1 1
14 1 2
15 1 26
16 1 12
17 1 15
18 1 8
19 1 26
20 1 17
21 1 22
22 2 27
23 2 19
24 2 1
