param num_bundles := 25;

param num_cust := 40;

param price_reserve :
   1 2 3 4 5 6 7 8 9 10 11 12 13 14 15 16 17 18 19 20 21 22 23 24 25 :=
1 374 330 482 141 275 472 400 303 395 465 366 503 426 379 494 455 428 491 63 393 204 487 477 410 173
2 151 185 193 183 243 285 252 71 208 83 304 30 49 192 232 292 31 285 129 281 242 168 242 216 237
3 485 369 323 566 264 516 119 83 133 304 48 377 436 442 232 400 238 535 301 402 567 518 169 434 478
4 288 138 200 73 198 81 86 175 297 291 271 183 56 301 189 61 236 23 207 234 121 248 217 30 189
5 629 444 278 676 524 721 272 589 751 459 510 285 565 644 613 511 770 703 318 239 389 569 639 587 556
6 441 533 323 111 312 331 413 493 307 278 386 502 501 153 476 332 348 403 445 431 224 498 396 179 204
7 373 436 436 371 308 162 342 368 201 300 342 153 377 263 260 243 341 89 342 57 404 393 415 297 452
8 337 178 195 342 184 405 359 312 90 294 418 406 316 334 292 369 283 159 384 374 357 150 301 334 216
9 804 387 774 568 524 733 680 361 675 238 839 785 190 623 442 803 401 572 107 665 681 468 97 649 517
10 533 312 631 515 456 605 275 112 416 130 265 88 258 259 455 493 256 158 517 333 531 538 577 222 651
11 253 399 203 334 180 365 286 400 264 356 395 383 311 0 321 274 274 245 394 347 395 294 339 332 374
12 786 687 627 736 516 825 537 760 414 771 413 393 629 814 696 706 746 709 578 666 168 656 577 663 708
13 346 534 92 334 291 389 262 442 432 392 438 466 482 200 237 443 414 518 344 407 202 385 568 214 462
14 81 143 132 76 115 81 135 147 101 118 133 151 56 128 75 46 83 126 145 115 99 79 105 14 64
15 397 602 304 286 511 130 442 557 551 292 418 406 405 360 522 478 508 456 145 245 513 594 408 218 486
16 446 310 649 434 559 576 236 72 521 612 467 470 598 469 312 391 199 362 221 642 317 358 305 591 291
17 618 524 218 726 286 653 289 642 884 807 803 728 526 429 576 894 717 238 223 881 532 180 324 710 540
18 622 270 681 156 528 223 580 490 171 618 636 205 696 501 673 453 669 528 364 723 681 393 445 472 507
19 272 588 599 245 674 330 435 816 745 759 842 839 769 377 385 668 429 673 582 859 572 762 833 812 743
20 712 738 560 317 232 411 678 804 645 865 722 709 440 393 485 729 842 562 312 353 465 654 649 438 853
21 447 568 481 532 519 535 301 315 415 419 532 125 555 504 394 428 77 514 337 409 565 231 454 515 305
22 488 434 386 260 283 51 331 204 455 444 537 509 399 232 274 421 390 230 263 330 347 518 374 502 457
23 221 765 833 851 395 841 629 901 726 878 681 905 721 770 703 810 472 803 719 860 703 301 780 376 594
24 70 213 441 701 681 591 314 715 244 688 744 552 220 706 557 734 429 61 610 352 100 620 462 147 713
25 250 212 513 160 446 245 467 251 153 472 532 451 297 358 492 436 450 134 251 512 527 504 348 406 504
26 487 464 40 534 373 494 199 182 504 237 304 342 344 518 446 337 472 494 542 488 276 160 520 470 184
27 167 494 749 640 562 754 533 772 680 726 705 518 723 675 660 196 582 276 673 580 484 551 74 476 782
28 445 293 453 142 596 623 357 691 545 537 707 698 617 676 605 397 165 272 531 715 435 248 484 439 567
29 268 504 568 359 221 684 196 577 533 621 581 123 282 757 601 684 483 513 663 654 397 372 493 682 497
30 293 352 486 77 484 407 288 384 190 209 543 332 71 182 521 457 238 278 495 534 571 575 46 506 377
31 471 626 415 472 191 469 599 345 219 297 130 329 346 560 456 654 618 307 206 496 627 289 410 451 434
32 427 409 796 226 617 712 734 482 389 551 801 451 256 710 556 125 699 580 433 618 355 312 671 353 570
33 281 291 154 106 232 173 301 301 187 240 151 175 161 292 44 267 95 174 52 308 303 199 264 239 201
34 427 647 207 193 557 679 421 479 150 651 422 605 580 571 643 611 422 466 582 541 647 459 441 495 335
35 441 343 199 445 483 209 238 46 472 352 284 343 412 150 261 341 187 93 299 222 380 414 456 476 305
36 383 234 450 216 485 222 382 268 381 489 478 337 468 247 366 413 140 464 183 356 497 489 414 432 297
37 566 876 391 653 840 613 584 795 551 413 532 419 409 602 365 872 636 724 153 701 832 915 774 454 270
38 669 349 626 321 627 545 749 589 172 593 656 247 740 225 542 202 37 378 417 548 511 539 390 581 574
39 283 512 605 481 192 269 560 602 407 465 343 264 589 167 510 340 572 420 263 537 490 574 402 561 434
40 119 38 143 145 118 118 144 118 120 118 105 24 149 77 124 122 133 37 157 105 46 12 140 47 112
;

param:   cost_bundl  marginal :=
1 52 39
2 92 119
3 127 32
4 157 72
5 139 54
6 155 131
7 77 130
8 130 143
9 89 54
10 122 139
11 139 102
12 106 54
13 118 65
14 84 136
15 149 58
16 144 115
17 60 135
18 135 125
19 43 88
20 149 134
21 140 139
22 74 157
23 108 31
24 27 147
25 129 51
;
param: buyer budget :=
  0 962
  1 2666
  2 2091
  3 2065
  4 1185
  5 277
  6 418
  7 379
  8 1086
  9 541
  10 1691
  11 2174
  12 801
  13 1589
  14 637
  15 752
  16 118
  17 2560
  18 337
  19 669
  20 1092
  21 388
  22 2316
  23 201
  24 1889
  25 671
  26 433
  27 775
  28 889
  29 2340
  30 870
  31 425
  32 2738
  33 1560
  34 311
  35 937
  36 2446
  37 1235
  38 1005
  39 1449
;
param num_partition :=
4
;
param: item partition_index cardinality :=
0 0 32
1 0 15
2 0 14
3 0 20
4 0 21
5 0 22
6 0 24
7 0 37
8 0 29
9 0 21
10 1 5
11 1 2
12 1 27
13 2 38
14 2 23
15 2 30
16 2 18
17 2 21
18 2 11
19 2 16
20 2 11
21 2 7
22 2 16
23 2 13
24 2 8
