param num_bundles := 25;

param num_cust := 40;

param price_reserve :
   1 2 3 4 5 6 7 8 9 10 11 12 13 14 15 16 17 18 19 20 21 22 23 24 25 :=
1 206 721 664 240 383 358 719 591 702 713 146 665 731 183 737 182 305 701 124 569 185 507 747 487 557
2 472 579 656 599 607 251 677 693 494 705 498 61 515 487 275 427 545 78 553 381 287 671 523 665 298
3 516 470 572 520 471 302 290 252 535 572 321 330 457 356 423 439 507 444 456 316 537 479 386 260 532
4 647 617 809 489 816 423 338 816 580 673 99 334 801 390 163 284 265 533 321 531 443 485 685 525 57
5 359 237 768 642 696 642 734 116 524 604 473 580 449 802 641 388 786 655 823 669 643 450 839 694 656
6 17 425 295 502 878 212 519 742 497 534 318 584 288 363 263 873 122 701 881 429 700 690 573 501 831
7 201 385 322 321 168 368 365 232 361 200 86 322 386 317 322 157 412 353 272 423 272 421 382 363 235
8 780 736 377 690 668 365 785 570 491 343 185 739 605 437 479 570 546 407 785 573 538 567 713 101 441
9 580 167 307 575 555 435 26 545 213 361 417 266 397 641 369 581 170 650 317 482 372 616 588 556 479
10 427 244 257 654 141 707 702 585 742 622 328 756 352 661 293 329 734 561 441 744 493 311 330 520 725
11 468 531 543 418 599 512 472 306 133 551 564 146 550 179 549 230 493 497 506 558 222 333 356 353 482
12 593 750 700 858 383 726 615 394 565 876 376 524 437 513 463 872 392 757 822 820 550 379 742 682 489
13 345 159 423 377 493 303 188 456 301 403 299 539 566 518 58 236 247 250 199 474 511 182 562 288 440
14 92 83 122 154 119 126 154 61 126 91 98 142 129 93 153 93 148 116 149 34 98 138 123 89 59
15 240 682 359 749 487 528 354 721 517 641 319 845 81 618 464 213 431 279 819 544 446 832 814 502 331
16 484 291 216 505 484 480 605 573 486 407 561 484 603 503 564 469 557 566 286 590 458 426 580 577 333
17 256 281 184 226 147 256 351 368 358 361 139 362 193 261 324 315 220 220 318 370 109 215 179 325 141
18 346 593 258 165 580 490 441 652 538 299 139 571 602 426 555 409 438 650 420 633 664 377 684 588 372
19 360 514 844 395 650 699 640 847 845 663 757 373 341 724 340 684 843 698 730 673 17 750 830 811 813
20 43 127 56 46 99 84 31 88 128 55 32 117 123 67 146 91 114 124 129 111 113 122 103 116 22
21 747 839 625 587 471 504 614 627 617 251 692 550 758 647 741 270 592 644 684 738 282 466 228 815 725
22 53 335 252 495 373 384 43 271 471 446 227 479 490 129 408 532 484 361 426 410 291 529 384 444 146
23 874 162 679 563 765 811 648 914 538 475 821 739 476 349 865 561 879 895 95 886 585 634 833 876 214
24 552 279 442 394 234 505 185 616 436 394 629 390 539 627 654 654 175 407 630 635 501 550 262 463 238
25 586 638 792 880 548 502 690 623 684 411 768 735 733 735 815 796 633 386 610 296 718 547 813 694 476
26 815 184 518 410 828 595 475 370 225 190 231 750 521 29 0 773 454 199 694 625 792 693 808 546 647
27 174 404 585 503 568 648 433 591 647 539 589 418 529 574 213 407 540 201 436 500 382 342 392 535 583
28 471 41 445 416 239 390 296 368 459 94 163 464 232 394 388 366 328 187 397 328 317 194 398 342 150
29 359 259 450 449 72 331 396 463 439 228 249 469 180 426 350 222 414 340 453 468 271 374 278 397 286
30 642 812 379 830 771 501 639 621 321 822 564 280 171 785 319 752 107 808 425 450 703 752 441 756 832
31 325 626 433 422 137 422 343 257 304 537 534 464 653 678 250 622 577 689 352 186 331 672 590 445 585
32 348 403 375 319 703 422 158 550 705 696 248 714 603 412 567 652 627 619 527 600 649 706 419 497 700
33 594 778 694 322 69 331 551 475 602 577 137 488 515 311 646 690 284 335 738 113 809 758 799 776 805
34 709 754 708 453 652 430 400 648 787 588 418 820 311 768 667 79 672 810 296 750 367 730 648 604 699
35 382 407 430 554 390 736 278 409 650 485 314 598 707 369 496 588 439 656 540 606 387 739 670 404 622
36 499 302 421 511 308 214 354 405 489 482 395 145 341 414 425 78 454 543 494 424 96 401 380 473 279
37 546 302 430 697 68 360 809 739 578 333 785 532 753 867 844 680 564 878 381 779 717 576 487 360 786
38 719 577 714 683 722 250 348 139 427 452 123 693 542 363 448 511 722 303 585 179 516 516 434 158 288
39 472 442 633 478 416 497 513 676 713 544 742 333 653 303 664 724 737 437 729 305 65 587 705 354 637
40 546 654 877 752 635 784 676 866 778 752 438 497 292 544 839 700 526 762 674 714 904 915 782 930 744
;

param:   cost_bundl  marginal :=
1 103 146
2 120 102
3 148 125
4 130 78
5 56 119
6 142 154
7 137 115
8 85 103
9 128 157
10 89 129
11 136 64
12 57 67
13 107 86
14 84 97
15 100 69
16 153 51
17 135 109
18 157 115
19 116 46
20 73 46
21 143 97
22 146 157
23 126 20
24 30 151
25 144 111
;
param: buyer budget :=
  0 805
  1 871
  2 1414
  3 1189
  4 574
  5 604
  6 173
  7 839
  8 2173
  9 2776
  10 535
  11 1531
  12 1860
  13 842
  14 1516
  15 2443
  16 298
  17 1935
  18 341
  19 1037
  20 669
  21 114
  22 1841
  23 1808
  24 775
  25 1611
  26 2689
  27 867
  28 1430
  29 761
  30 550
  31 1850
  32 1363
  33 1392
  34 2628
  35 957
  36 1457
  37 1799
  38 132
  39 286
;
param num_partition :=
4
;
param: item partition_index cardinality :=
0 0 18
1 0 23
2 0 1
3 0 30
4 0 22
5 0 12
6 0 37
7 1 12
8 1 14
9 1 13
10 1 27
11 1 16
12 2 18
13 2 28
14 2 9
15 2 13
16 2 13
17 2 24
18 2 2
19 2 25
20 2 2
21 2 25
22 2 17
23 2 25
24 2 31
