param num_bundles := 15;

param num_cust := 20;

param price_reserve :
   1 2 3 4 5 6 7 8 9 10 11 12 13 14 15 :=
1 121 148 180 69 188 197 97 205 229 221 142 135 244 145 235
2 527 375 301 437 404 480 411 258 263 558 487 465 104 211 553
3 302 434 519 517 458 523 522 84 255 161 415 502 359 496 329
4 302 421 65 240 385 302 277 286 344 371 275 184 406 384 250
5 289 517 309 232 304 485 481 441 357 444 458 314 395 375 346
6 347 411 521 357 455 285 521 192 348 471 284 353 445 273 502
7 410 455 529 388 203 540 262 19 441 400 311 452 415 88 413
8 402 452 494 141 428 292 482 477 473 135 332 94 391 332 381
9 191 54 393 161 412 304 376 215 332 316 232 400 234 296 303
10 498 305 466 141 214 405 225 444 450 363 167 243 406 431 352
11 459 441 399 68 378 494 521 305 362 73 266 120 80 406 343
12 342 222 324 195 385 276 334 370 197 296 325 105 374 244 409
13 125 546 435 538 309 446 470 494 561 418 457 543 559 348 563
14 446 308 413 444 115 299 365 374 309 302 384 297 288 286 181
15 360 423 429 293 261 437 171 467 420 435 352 180 442 401 215
16 217 519 517 327 115 284 211 389 502 132 380 98 260 515 378
17 379 242 402 256 330 288 181 423 412 307 239 313 219 247 412
18 103 45 84 121 34 67 90 77 88 97 49 97 67 84 103
19 408 441 342 430 375 525 319 305 361 442 472 366 402 239 246
20 478 528 469 410 328 307 323 455 212 202 111 259 535 408 188
;

param:   cost_bundl  marginal :=
1 67 75
2 16 87
3 71 119
4 116 105
5 61 117
6 80 111
7 117 108
8 51 112
9 114 54
10 116 105
11 103 88
12 100 86
13 83 83
14 112 15
15 73 47
;
param: buyer budget :=
  0 1060
  1 314
  2 1001
  3 855
  4 938
  5 1003
  6 486
  7 966
  8 863
  9 141
  10 405
  11 47
  12 237
  13 490
  14 973
  15 972
  16 935
  17 281
  18 39
  19 158
;
param num_partition :=
3
;
param: item partition_index cardinality :=
0 0 3
1 0 3
2 0 10
3 0 19
4 0 5
5 0 16
6 0 3
7 0 7
8 0 16
9 0 6
10 0 1
11 0 15
12 0 11
13 1 2
14 1 8
