param num_bundles := 15;

param num_cust := 20;

param price_reserve :
   1 2 3 4 5 6 7 8 9 10 11 12 13 14 15 :=
1 342 272 209 238 378 323 433 286 358 420 170 252 290 387 380
2 293 414 149 355 261 320 226 398 188 420 196 439 444 247 282
3 414 267 453 350 334 324 374 244 378 54 76 282 315 409 416
4 401 249 228 195 226 392 252 118 364 216 288 227 327 307 308
5 420 365 295 234 172 222 259 311 127 143 369 224 407 244 168
6 262 88 108 173 327 291 322 305 311 226 356 142 232 336 310
7 61 387 432 195 304 24 290 152 297 402 360 440 362 391 226
8 169 275 332 237 204 311 232 288 221 271 317 290 260 166 204
9 181 488 101 261 207 469 519 128 229 170 92 49 288 389 298
10 352 175 286 142 294 263 254 196 206 193 341 126 191 50 210
11 386 358 122 313 194 240 305 354 33 176 369 126 196 329 297
12 86 26 81 44 90 68 118 107 121 112 45 105 90 55 91
13 117 225 162 188 277 116 170 143 106 286 177 184 268 284 38
14 506 508 31 258 187 455 542 81 125 231 545 421 388 469 484
15 442 69 248 520 310 457 461 441 341 515 307 524 504 219 447
16 308 134 259 192 239 321 165 343 284 253 338 310 388 195 256
17 231 324 390 280 508 466 245 526 464 406 285 548 211 356 516
18 332 326 261 277 313 269 291 146 315 338 178 240 218 246 340
19 218 106 285 37 231 282 287 253 180 264 175 219 246 190 238
20 395 414 380 249 166 380 69 302 246 85 302 201 173 254 346
;

param:   cost_bundl  marginal :=
1 81 85
2 118 100
3 55 105
4 87 110
5 103 106
6 112 79
7 15 103
8 73 85
9 49 81
10 64 14
11 38 69
12 105 32
13 91 55
14 76 94
15 16 41
;
param: buyer budget :=
  0 922
  1 373
  2 145
  3 115
  4 243
  5 509
  6 805
  7 847
  8 1004
  9 286
  10 738
  11 546
  12 687
  13 552
  14 651
  15 286
  16 196
  17 811
  18 867
  19 533
;
param num_partition :=
3
;
param: item partition_index cardinality :=
0 0 16
1 0 8
2 0 12
3 0 14
4 0 1
5 0 7
6 0 5
7 0 5
8 0 3
9 0 13
10 0 16
11 0 16
12 0 17
13 0 6
14 1 10
