param num_bundles := 15;

param num_cust := 20;

param price_reserve :
   1 2 3 4 5 6 7 8 9 10 11 12 13 14 15 :=
1 120 55 84 116 93 55 75 116 80 114 39 86 55 43 93
2 312 457 276 388 439 276 312 83 335 142 274 237 375 452 374
3 116 21 90 77 105 94 95 77 89 87 82 47 102 31 50
4 220 170 305 343 329 142 361 341 321 236 261 273 327 297 156
5 344 239 245 303 329 527 514 114 177 452 103 431 562 201 505
6 451 460 318 252 309 183 438 183 445 376 303 436 332 297 309
7 411 258 197 194 311 161 363 411 189 364 235 280 346 323 306
8 311 427 170 533 338 192 298 348 478 0 504 336 335 206 232
9 488 146 464 18 421 504 421 147 325 508 414 335 347 441 275
10 322 149 50 100 283 304 312 331 211 314 132 82 308 126 281
11 377 384 154 273 424 298 281 267 429 117 119 315 266 170 368
12 260 332 336 280 400 433 377 450 101 525 437 414 110 336 463
13 302 361 169 291 389 177 333 405 265 249 312 407 174 378 310
14 295 299 325 245 237 114 244 333 252 92 154 206 96 296 183
15 314 156 93 303 237 210 164 69 201 182 259 171 299 230 80
16 380 12 270 406 474 244 408 364 230 76 395 443 405 347 286
17 435 418 151 372 168 442 144 309 287 377 59 361 380 344 398
18 290 219 196 311 393 350 347 174 198 223 374 330 336 316 342
19 246 316 353 451 112 518 181 429 291 541 414 286 364 313 414
20 277 351 307 393 111 415 428 210 486 490 129 124 338 371 215
;

param:   cost_bundl  marginal :=
1 78 108
2 32 122
3 116 42
4 72 104
5 55 94
6 74 44
7 41 104
8 53 121
9 103 103
10 121 120
11 108 84
12 68 90
13 50 109
14 115 111
15 30 26
;
param: buyer budget :=
  0 603
  1 1104
  2 72
  3 1
  4 317
  5 549
  6 958
  7 580
  8 803
  9 880
  10 402
  11 498
  12 890
  13 694
  14 1082
  15 502
  16 813
  17 763
  18 365
  19 1112
;
param num_partition :=
3
;
param: item partition_index cardinality :=
0 0 12
1 0 3
2 0 14
3 0 11
4 0 7
5 0 1
6 0 8
7 0 17
8 0 3
9 0 12
10 0 5
11 0 13
12 1 2
13 1 13
14 1 17
