param num_bundles := 15;

param num_cust := 20;

param price_reserve :
   1 2 3 4 5 6 7 8 9 10 11 12 13 14 15 :=
1 97 144 528 447 558 265 361 434 445 309 417 323 243 449 194
2 432 273 342 480 81 511 335 395 257 137 292 326 433 187 476
3 74 257 320 269 263 248 180 254 264 331 319 205 290 223 95
4 413 212 395 207 286 351 248 240 417 306 318 375 343 217 284
5 150 373 206 306 253 229 420 289 410 388 362 198 417 391 80
6 324 405 99 286 139 79 259 526 358 384 457 128 459 480 103
7 198 239 282 207 94 244 122 167 240 292 128 204 231 262 98
8 126 444 433 81 451 392 213 346 133 76 336 449 429 406 422
9 366 401 527 521 440 340 277 190 212 171 398 376 185 395 213
10 200 267 180 194 285 62 242 319 71 201 289 184 98 159 332
11 94 251 88 399 552 479 174 493 367 413 432 264 357 265 112
12 198 230 150 99 195 157 177 137 181 183 120 227 168 80 205
13 421 465 338 125 235 279 426 351 122 412 422 326 472 447 243
14 381 314 283 343 444 167 445 376 201 187 309 220 241 463 469
15 341 397 32 381 103 216 202 403 385 338 378 214 369 141 341
16 575 515 358 238 417 557 542 246 448 525 159 275 496 421 365
17 284 92 105 269 204 160 246 253 147 261 208 250 270 136 246
18 353 91 307 338 352 167 122 339 498 494 382 94 326 348 290
19 376 125 200 118 394 163 213 277 96 345 310 316 282 362 387
20 383 425 453 220 346 273 329 430 245 391 485 352 414 482 267
;

param:   cost_bundl  marginal :=
1 114 121
2 97 85
3 121 120
4 67 50
5 71 35
6 89 63
7 114 49
8 101 72
9 94 96
10 39 101
11 75 116
12 59 93
13 52 66
14 120 80
15 76 117
;
param: buyer budget :=
  0 434
  1 364
  2 226
  3 487
  4 768
  5 735
  6 64
  7 263
  8 1144
  9 383
  10 939
  11 746
  12 218
  13 1059
  14 308
  15 1081
  16 1009
  17 1009
  18 458
  19 668
;
param num_partition :=
3
;
param: item partition_index cardinality :=
0 0 2
1 0 11
2 0 17
3 0 9
4 0 18
5 0 8
6 1 7
7 1 1
8 1 16
9 1 19
10 1 14
11 1 15
12 1 19
13 1 7
14 1 17
