param num_bundles := 15;

param num_cust := 20;

param price_reserve :
   1 2 3 4 5 6 7 8 9 10 11 12 13 14 15 :=
1 406 525 311 73 528 501 497 376 454 200 484 492 140 328 422
2 95 21 69 113 99 91 61 18 86 72 45 63 57 104 61
3 425 382 375 374 220 356 226 438 161 391 277 438 276 375 227
4 439 373 171 265 504 526 250 438 372 427 399 168 492 517 263
5 570 546 578 438 538 518 399 346 541 215 513 428 578 159 413
6 372 189 180 196 322 62 213 439 117 377 354 152 414 364 119
7 259 510 251 532 229 438 321 118 416 94 295 358 302 408 546
8 396 165 280 273 423 205 386 302 330 405 309 101 354 407 318
9 249 262 238 249 256 327 82 91 271 304 180 51 278 323 272
10 347 293 275 341 374 385 393 75 138 383 140 391 270 394 389
11 439 359 184 295 357 344 460 318 367 272 291 390 276 244 263
12 527 102 285 195 356 462 401 294 456 427 213 487 40 522 527
13 105 269 43 290 281 357 290 340 354 415 339 312 405 268 201
14 85 69 93 235 227 219 192 194 155 192 60 36 212 94 138
15 36 133 168 243 324 84 155 395 239 389 216 165 323 355 418
16 184 464 221 218 465 475 296 473 178 139 159 423 310 502 327
17 441 218 229 209 424 437 242 280 298 245 99 171 358 300 103
18 254 225 103 65 160 66 285 95 266 222 114 211 198 203 261
19 242 236 355 133 229 231 229 263 196 350 127 379 306 397 304
20 395 381 301 190 286 434 544 303 531 307 212 465 300 71 165
;

param:   cost_bundl  marginal :=
1 40 109
2 96 77
3 112 51
4 121 116
5 72 104
6 69 80
7 58 62
8 77 87
9 114 52
10 115 118
11 86 77
12 63 94
13 48 54
14 97 111
15 75 70
;
param: buyer budget :=
  0 344
  1 999
  2 307
  3 639
  4 198
  5 81
  6 595
  7 350
  8 523
  9 722
  10 452
  11 680
  12 298
  13 873
  14 833
  15 738
  16 710
  17 1082
  18 905
  19 53
;
param num_partition :=
3
;
param: item partition_index cardinality :=
0 0 2
1 0 1
2 0 2
3 0 4
4 0 17
5 0 14
6 0 9
7 0 6
8 0 18
9 0 10
10 0 3
11 0 11
12 1 7
13 1 12
14 1 16
