param num_bundles := 15;

param num_cust := 20;

param price_reserve :
   1 2 3 4 5 6 7 8 9 10 11 12 13 14 15 :=
1 382 290 441 423 485 220 490 500 338 476 460 450 407 177 459
2 272 173 380 310 393 290 263 250 154 242 378 210 202 307 345
3 372 405 353 309 204 347 407 281 360 342 413 18 347 135 340
4 365 146 422 509 149 214 102 501 336 174 541 518 109 446 328
5 165 104 266 227 221 266 62 251 135 183 34 257 256 209 234
6 275 102 198 152 240 145 217 242 113 229 182 234 260 88 287
7 350 276 301 460 267 461 361 384 462 303 429 414 384 40 357
8 48 128 273 268 381 361 303 305 299 418 301 341 209 224 235
9 370 132 417 335 269 272 261 405 134 383 191 189 111 342 399
10 525 447 406 424 486 248 457 370 488 390 559 460 149 463 472
11 238 356 197 244 401 188 360 358 347 427 252 372 210 260 353
12 352 75 126 280 352 413 58 312 115 309 318 362 353 189 332
13 511 427 99 508 551 280 219 387 417 309 425 484 331 259 445
14 450 379 387 353 65 292 112 110 266 265 461 202 342 381 112
15 113 315 298 404 257 544 334 473 480 465 505 414 418 468 282
16 197 171 228 228 156 126 222 232 216 107 71 36 159 140 206
17 191 295 260 42 317 348 289 238 421 419 376 354 284 127 384
18 71 207 123 229 232 228 171 222 59 92 182 49 188 197 132
19 155 274 181 242 286 317 305 235 257 215 239 146 190 235 235
20 372 510 575 405 327 344 482 195 327 112 333 560 385 474 343
;

param:   cost_bundl  marginal :=
1 82 88
2 73 94
3 55 74
4 79 122
5 120 51
6 47 28
7 35 99
8 59 110
9 116 52
10 104 28
11 20 104
12 120 77
13 86 49
14 111 28
15 100 120
;
param: buyer budget :=
  0 864
  1 1074
  2 929
  3 270
  4 678
  5 542
  6 520
  7 1079
  8 547
  9 384
  10 856
  11 485
  12 240
  13 42
  14 193
  15 400
  16 887
  17 705
  18 633
  19 336
;
param num_partition :=
3
;
param: item partition_index cardinality :=
0 0 6
1 0 17
2 0 7
3 0 4
4 0 9
5 0 13
6 0 8
7 0 11
8 1 7
9 1 16
10 1 11
11 1 15
12 1 14
13 1 14
14 1 13
