param num_bundles := 15;

param num_cust := 20;

param price_reserve :
   1 2 3 4 5 6 7 8 9 10 11 12 13 14 15 :=
1 347 556 512 475 497 577 483 461 460 480 499 190 433 301 267
2 381 293 326 266 128 290 374 348 171 0 411 259 443 394 404
3 259 203 143 127 163 223 292 218 285 290 235 239 228 225 190
4 223 251 274 237 256 128 204 156 155 185 300 207 283 320 163
5 351 126 339 123 137 179 333 374 299 390 103 364 164 106 310
6 488 311 363 344 421 386 238 413 104 349 226 448 497 494 90
7 244 454 367 409 464 403 384 363 329 423 296 431 63 467 311
8 574 243 326 385 547 201 268 325 363 475 549 540 435 380 496
9 108 470 443 404 83 314 491 234 311 505 51 477 197 284 418
10 133 284 467 311 211 315 441 376 174 347 212 83 446 250 412
11 429 205 380 439 360 325 410 154 493 219 413 464 147 338 475
12 336 532 462 533 412 200 457 483 103 238 385 529 537 466 133
13 146 62 350 265 315 256 171 242 360 127 238 238 285 337 352
14 258 327 120 312 262 311 183 114 256 323 229 222 284 97 314
15 208 186 198 257 137 278 289 261 134 149 161 249 249 146 135
16 364 286 145 205 56 281 184 257 132 310 277 329 318 324 74
17 37 220 343 285 386 234 278 239 151 414 277 55 322 385 312
18 412 281 185 226 352 445 321 120 66 379 349 283 299 208 420
19 487 305 358 476 247 488 369 155 354 296 334 273 422 346 158
20 295 434 281 434 388 489 139 504 260 435 42 397 299 293 566
;

param:   cost_bundl  marginal :=
1 101 117
2 105 42
3 80 103
4 67 74
5 95 88
6 38 80
7 94 63
8 38 83
9 80 57
10 65 106
11 119 44
12 118 80
13 37 85
14 115 118
15 117 119
;
param: buyer budget :=
  0 69
  1 8
  2 844
  3 814
  4 1145
  5 1012
  6 368
  7 436
  8 101
  9 71
  10 1046
  11 351
  12 180
  13 269
  14 756
  15 611
  16 499
  17 768
  18 963
  19 85
;
param num_partition :=
3
;
param: item partition_index cardinality :=
0 0 10
1 0 8
2 0 14
3 0 8
4 0 15
5 0 13
6 1 9
7 1 7
8 1 13
9 1 17
10 1 13
11 1 11
12 1 17
13 1 5
14 1 9
