param num_bundles := 15;

param num_cust := 20;

param price_reserve :
   1 2 3 4 5 6 7 8 9 10 11 12 13 14 15 :=
1 173 285 252 395 416 352 409 393 300 410 378 164 290 310 439
2 73 114 61 109 93 52 86 115 32 121 70 86 105 113 72
3 474 459 358 354 324 118 346 128 408 467 299 344 182 306 140
4 345 384 313 309 394 324 384 306 123 388 294 69 257 340 213
5 341 241 336 250 70 302 205 437 441 220 95 337 342 335 268
6 220 295 384 393 396 422 417 387 440 289 370 134 457 412 181
7 94 112 106 113 105 34 104 29 60 85 104 7 121 16 116
8 215 84 111 213 239 187 167 173 243 183 164 162 173 92 95
9 282 155 411 444 367 458 386 249 508 285 490 162 441 461 390
10 406 302 358 324 301 332 498 163 427 541 134 532 460 263 233
11 120 105 81 42 82 49 102 23 73 72 97 76 110 106 9
12 364 76 231 156 430 155 317 510 336 310 418 184 470 366 289
13 166 258 117 234 171 259 95 150 196 295 87 281 105 285 255
14 218 151 277 116 244 242 212 419 394 278 417 118 253 385 446
15 423 356 127 282 113 187 483 232 252 464 398 128 100 401 254
16 30 516 236 219 451 314 348 111 210 340 477 491 99 379 427
17 119 114 63 17 114 92 114 102 84 90 116 107 109 89 59
18 85 166 225 155 153 237 113 141 219 230 195 235 224 165 215
19 349 466 363 351 381 374 423 343 58 259 320 457 203 450 187
20 228 209 328 343 61 41 385 118 403 230 349 335 59 244 370
;

param:   cost_bundl  marginal :=
1 51 106
2 109 34
3 91 108
4 55 101
5 72 74
6 87 103
7 66 59
8 104 22
9 114 122
10 102 36
11 108 66
12 117 87
13 108 119
14 94 117
15 111 118
;
param: buyer budget :=
  0 544
  1 259
  2 1069
  3 166
  4 357
  5 446
  6 559
  7 1060
  8 579
  9 425
  10 242
  11 126
  12 989
  13 378
  14 449
  15 307
  16 168
  17 590
  18 850
  19 790
;
param num_partition :=
3
;
param: item partition_index cardinality :=
0 0 18
1 0 3
2 0 13
3 0 12
4 0 15
5 0 9
6 0 17
7 0 18
8 0 6
9 0 4
10 0 6
11 0 9
12 1 16
13 1 5
14 1 11
