param num_bundles := 15;

param num_cust := 20;

param price_reserve :
   1 2 3 4 5 6 7 8 9 10 11 12 13 14 15 :=
1 414 260 352 379 344 245 435 369 445 238 422 434 468 398 131
2 488 429 241 313 368 282 223 441 76 494 396 300 345 273 143
3 98 67 46 34 78 86 57 45 75 119 56 62 88 118 14
4 233 276 327 60 241 140 148 219 167 287 274 175 366 89 165
5 180 279 312 171 83 119 262 356 261 216 294 322 217 326 270
6 435 417 106 471 499 402 442 323 251 404 200 459 248 420 333
7 347 254 316 381 183 332 386 330 75 358 308 231 273 92 331
8 74 220 231 207 180 57 98 34 105 216 233 193 195 98 134
9 344 454 398 303 101 224 319 447 269 102 392 348 432 411 223
10 455 431 233 248 375 518 338 405 115 496 256 486 241 347 266
11 499 151 249 288 155 154 514 139 416 526 235 208 350 402 50
12 344 334 110 340 316 86 348 252 170 292 352 263 182 367 347
13 360 405 261 65 167 435 388 275 79 389 440 347 315 383 251
14 251 193 214 248 171 89 257 121 264 280 297 359 363 305 255
15 283 428 470 530 426 546 432 415 253 306 456 517 112 369 459
16 551 538 549 560 389 460 433 435 412 488 340 408 474 283 325
17 90 410 191 374 311 357 387 382 384 383 115 257 373 419 316
18 75 101 111 110 76 43 74 90 98 80 111 105 44 114 67
19 199 292 324 138 150 59 276 289 230 289 205 76 319 332 273
20 338 166 400 275 405 115 153 307 314 435 225 253 314 314 127
;

param:   cost_bundl  marginal :=
1 80 80
2 92 104
3 110 98
4 87 115
5 47 102
6 90 109
7 71 120
8 97 56
9 117 49
10 103 111
11 26 58
12 80 81
13 51 107
14 120 62
15 120 121
;
param: buyer budget :=
  0 446
  1 679
  2 255
  3 370
  4 992
  5 734
  6 1061
  7 717
  8 633
  9 129
  10 796
  11 990
  12 223
  13 938
  14 519
  15 776
  16 1101
  17 1099
  18 710
  19 1033
;
param num_partition :=
3
;
param: item partition_index cardinality :=
0 0 5
1 0 19
2 0 2
3 0 17
4 0 7
5 0 4
6 0 8
7 0 8
8 0 18
9 0 1
10 1 6
11 1 16
12 1 3
13 1 3
14 1 9
