param num_bundles := 15;

param num_cust := 20;

param price_reserve :
   1 2 3 4 5 6 7 8 9 10 11 12 13 14 15 :=
1 309 414 184 383 390 205 248 393 229 327 249 232 282 176 246
2 109 174 108 165 101 170 211 133 173 136 194 125 229 44 180
3 333 301 240 426 155 362 304 199 62 98 363 309 357 355 282
4 55 77 69 100 90 87 86 95 48 95 28 6 67 90 89
5 358 349 461 493 384 367 345 447 240 378 508 338 382 225 58
6 323 261 135 218 268 285 306 75 328 269 330 231 87 168 88
7 413 277 246 367 202 525 403 291 317 116 73 512 258 134 462
8 179 200 114 205 232 197 207 129 96 134 36 183 223 153 107
9 280 385 324 135 70 398 307 402 336 397 392 314 468 406 339
10 430 210 346 429 544 534 557 380 459 186 541 528 431 535 521
11 412 416 461 109 215 405 437 249 463 499 260 268 490 365 440
12 224 145 218 99 64 170 180 227 155 226 203 57 175 41 208
13 499 351 355 362 384 405 110 329 140 322 283 458 365 370 173
14 483 450 207 256 498 345 551 403 559 187 482 544 525 421 378
15 142 111 162 192 243 172 284 145 237 103 93 242 265 227 288
16 200 117 39 140 114 128 168 72 190 83 67 223 74 18 23
17 218 108 217 186 221 132 222 220 238 165 113 242 193 222 236
18 423 374 127 416 431 446 344 481 432 224 397 266 135 379 203
19 386 129 446 391 359 215 338 444 218 171 230 367 200 318 238
20 102 81 23 71 85 114 118 44 37 47 80 120 93 83 112
;

param:   cost_bundl  marginal :=
1 113 68
2 108 83
3 118 54
4 57 104
5 111 75
6 109 118
7 63 71
8 69 108
9 110 75
10 98 32
11 48 41
12 94 88
13 118 48
14 73 27
15 75 89
;
param: buyer budget :=
  0 112
  1 842
  2 469
  3 319
  4 1023
  5 404
  6 1016
  7 39
  8 280
  9 930
  10 901
  11 372
  12 601
  13 115
  14 187
  15 783
  16 832
  17 1039
  18 1088
  19 569
;
param num_partition :=
3
;
param: item partition_index cardinality :=
0 0 17
1 0 4
2 0 8
3 0 19
4 0 12
5 0 9
6 1 17
7 1 6
8 1 11
9 1 4
10 1 7
11 1 7
12 1 15
13 1 1
14 1 3
