param num_bundles := 15;

param num_cust := 40;

param price_reserve :
   1 2 3 4 5 6 7 8 9 10 11 12 13 14 15 :=
1 389 310 187 423 424 192 164 380 430 298 250 444 399 460 417
2 421 361 345 323 339 426 349 354 425 422 233 442 187 345 172
3 424 499 280 260 265 376 85 454 331 381 432 433 506 502 406
4 325 72 307 218 329 261 293 330 66 317 309 330 261 197 245
5 438 367 193 559 312 420 432 344 233 436 375 58 339 541 380
6 446 389 366 317 292 208 495 347 378 258 330 444 199 434 188
7 347 238 338 310 245 323 314 171 99 351 380 340 129 263 297
8 448 504 485 413 491 524 486 552 389 530 568 439 67 553 510
9 497 478 528 580 425 434 367 385 382 537 364 380 429 575 312
10 94 75 113 96 115 98 114 97 102 111 110 103 84 70 41
11 228 274 245 147 290 208 313 381 172 190 80 155 288 382 172
12 170 220 164 103 224 77 199 208 126 192 128 174 107 143 238
13 209 185 332 247 315 290 321 210 115 320 166 172 296 237 285
14 211 142 277 255 70 282 390 10 210 91 339 160 98 221 289
15 137 71 169 243 240 211 170 118 206 238 198 81 96 183 241
16 466 220 441 292 157 488 293 274 399 268 383 209 417 484 123
17 380 310 259 208 326 207 184 244 294 93 376 369 135 232 281
18 40 172 460 464 455 435 325 383 396 448 443 309 453 463 487
19 400 224 474 476 129 430 470 429 102 364 475 251 471 179 333
20 463 470 579 354 278 510 250 517 545 500 568 489 112 369 316
21 240 207 278 266 277 218 33 221 60 272 229 331 204 156 282
22 248 246 220 279 219 317 315 318 317 325 360 154 339 100 267
23 80 361 193 115 216 199 228 338 436 331 507 331 417 388 467
24 539 475 434 225 496 146 469 228 513 188 493 123 538 380 459
25 256 258 246 273 277 181 208 253 104 90 232 136 254 182 162
26 38 180 253 324 124 298 223 321 228 145 0 268 44 299 307
27 268 117 252 129 334 250 283 396 296 263 305 288 376 353 74
28 403 209 246 386 443 327 327 323 136 212 286 188 333 361 405
29 277 390 295 191 471 312 247 424 306 304 133 158 132 453 99
30 508 139 77 453 312 343 509 470 154 125 490 522 105 222 430
31 169 157 320 232 440 324 385 205 251 378 154 406 304 277 349
32 552 436 184 292 185 523 321 289 514 465 381 518 521 165 367
33 358 277 243 109 198 125 262 26 191 366 331 370 357 359 308
34 242 475 220 457 341 321 134 322 447 358 378 127 555 469 418
35 358 310 229 141 174 307 374 94 162 307 222 119 163 274 125
36 333 167 64 370 379 355 274 362 116 85 240 142 217 169 296
37 561 517 322 237 435 259 415 525 282 506 488 321 445 360 181
38 284 515 352 509 382 314 465 210 283 505 543 506 383 368 334
39 326 409 408 353 113 152 318 363 315 349 391 361 376 419 421
40 512 461 256 418 357 522 456 23 526 381 522 394 517 401 425
;

param:   cost_bundl  marginal :=
1 56 32
2 56 107
3 33 98
4 74 106
5 76 83
6 62 82
7 122 64
8 84 36
9 118 46
10 91 93
11 120 99
12 84 61
13 51 21
14 112 16
15 62 83
;
param: buyer budget :=
  0 331
  1 577
  2 188
  3 95
  4 433
  5 327
  6 258
  7 338
  8 272
  9 141
  10 189
  11 310
  12 403
  13 108
  14 494
  15 572
  16 438
  17 326
  18 159
  19 420
  20 485
  21 135
  22 415
  23 445
  24 431
  25 150
  26 510
  27 226
  28 238
  29 459
  30 191
  31 85
  32 147
  33 160
  34 51
  35 461
  36 322
  37 353
  38 274
  39 255
;
param num_partition :=
2
;
param: item partition_index cardinality :=
0 0 27
1 0 9
2 0 34
3 0 25
4 0 17
5 0 33
6 0 27
7 0 16
8 0 8
9 0 8
10 0 26
11 0 16
12 0 21
13 0 32
14 0 31
