param num_bundles := 15;

param num_cust := 40;

param price_reserve :
   1 2 3 4 5 6 7 8 9 10 11 12 13 14 15 :=
1 329 440 358 410 388 273 358 420 403 372 459 117 222 330 202
2 94 438 405 395 434 485 282 456 418 283 142 459 420 168 227
3 282 393 350 353 278 30 475 167 262 411 301 354 174 349 410
4 363 370 233 242 412 353 430 465 393 334 291 224 52 506 253
5 95 38 43 34 97 35 65 89 113 90 89 79 75 98 115
6 280 244 158 166 213 86 219 239 232 131 221 286 84 199 243
7 254 111 285 209 209 214 196 170 284 167 61 200 245 253 290
8 118 286 390 437 422 405 100 365 250 233 354 406 332 253 319
9 432 74 382 473 503 260 251 313 157 477 455 430 355 276 470
10 111 99 94 120 47 50 120 88 119 121 55 121 118 59 112
11 283 436 473 263 165 448 205 363 54 257 393 480 371 420 378
12 217 194 206 329 269 260 288 328 171 222 306 226 334 189 86
13 12 228 434 427 194 461 359 233 303 348 340 462 235 424 135
14 287 115 484 544 198 336 490 539 470 331 282 50 546 535 52
15 174 156 380 336 243 141 397 67 183 421 373 181 306 387 276
16 409 448 198 52 328 300 165 405 333 430 294 331 418 309 315
17 266 309 144 256 309 217 242 81 148 42 159 102 304 135 156
18 524 400 227 455 442 401 295 479 433 506 512 341 334 184 503
19 419 387 412 451 429 456 421 65 349 334 180 169 101 268 409
20 249 279 190 133 88 290 70 160 289 249 153 252 224 67 274
21 122 363 213 290 299 349 328 173 136 260 97 341 354 294 220
22 288 67 162 328 207 134 191 345 156 216 270 285 166 357 329
23 133 187 133 192 123 121 67 204 201 51 89 81 219 238 40
24 132 433 149 140 559 331 542 479 579 569 318 554 363 359 444
25 173 103 98 208 155 231 202 215 149 117 200 190 226 193 112
26 245 217 292 239 198 295 209 320 316 154 222 253 243 188 273
27 459 276 209 566 204 565 435 229 83 521 343 441 409 358 368
28 456 543 134 261 501 208 157 568 394 367 342 571 478 293 369
29 480 244 409 299 433 377 434 247 432 233 142 479 365 469 417
30 289 347 341 283 314 337 111 330 244 359 119 350 101 278 57
31 122 166 264 195 374 234 254 137 414 305 123 402 414 265 330
32 118 111 234 110 233 220 43 213 152 230 194 205 236 95 233
33 182 157 141 278 274 56 255 269 254 260 217 133 283 192 224
34 373 286 294 286 315 332 149 300 359 235 43 240 314 301 215
35 261 422 528 258 312 523 290 574 319 143 111 370 168 477 213
36 511 409 346 495 482 385 466 308 206 396 280 257 543 525 471
37 291 113 389 274 412 469 317 266 366 434 293 452 281 415 266
38 237 113 224 271 117 139 270 279 221 219 289 212 178 123 158
39 217 251 421 314 18 373 262 405 355 148 294 322 377 361 299
40 210 295 283 286 290 228 359 286 165 356 297 227 212 338 302
;

param:   cost_bundl  marginal :=
1 109 100
2 111 13
3 82 91
4 40 75
5 79 86
6 87 121
7 120 85
8 83 107
9 87 47
10 50 84
11 89 8
12 121 116
13 75 109
14 49 57
15 53 79
;
param: buyer budget :=
  0 320
  1 43
  2 82
  3 104
  4 123
  5 178
  6 201
  7 381
  8 543
  9 246
  10 568
  11 15
  12 70
  13 361
  14 51
  15 276
  16 66
  17 180
  18 424
  19 371
  20 155
  21 515
  22 204
  23 536
  24 41
  25 32
  26 79
  27 472
  28 489
  29 337
  30 158
  31 255
  32 209
  33 36
  34 327
  35 455
  36 345
  37 536
  38 378
  39 352
;
param num_partition :=
2
;
param: item partition_index cardinality :=
0 0 24
1 0 24
2 0 27
3 0 19
4 0 28
5 0 8
6 0 12
7 0 38
8 0 37
9 0 31
10 0 5
11 0 22
12 0 30
13 0 22
14 0 25
