param num_bundles := 15;

param num_cust := 40;

param price_reserve :
   1 2 3 4 5 6 7 8 9 10 11 12 13 14 15 :=
1 148 171 203 248 163 136 188 249 228 292 237 194 247 219 15
2 330 57 320 282 208 302 212 181 54 271 294 311 315 191 306
3 245 351 370 211 329 382 152 403 408 167 251 285 412 351 382
4 315 481 417 299 443 204 384 277 148 253 264 284 518 373 291
5 228 186 212 229 227 159 173 168 87 217 27 191 181 164 223
6 309 32 386 402 437 457 276 411 467 394 190 301 45 447 459
7 202 233 248 151 267 339 288 55 199 263 214 216 271 388 328
8 129 522 224 352 172 281 495 445 172 382 546 370 576 228 499
9 515 248 377 331 192 100 434 350 510 78 419 347 89 289 516
10 82 325 181 127 248 356 223 77 245 294 259 293 318 288 329
11 230 236 121 221 170 132 180 87 207 189 96 161 140 239 122
12 214 245 227 286 282 206 117 224 273 121 289 271 228 268 239
13 253 247 284 186 83 269 38 210 89 291 213 162 145 232 238
14 156 162 30 0 239 60 206 38 164 192 221 117 70 126 123
15 264 66 430 173 308 242 97 196 316 447 242 425 340 380 435
16 485 467 413 190 475 235 239 265 415 404 221 486 464 471 484
17 192 257 275 234 182 216 227 201 74 293 286 283 203 118 101
18 388 225 170 285 302 545 224 349 295 456 300 194 508 129 421
19 447 359 381 462 310 303 339 238 254 305 417 308 457 256 419
20 317 484 364 239 481 404 399 472 402 372 426 378 456 288 385
21 466 186 184 465 464 342 375 74 451 111 527 421 480 522 446
22 448 400 268 366 378 361 449 389 346 166 399 243 318 339 422
23 288 356 140 304 234 86 96 373 332 102 370 141 273 377 138
24 325 197 329 296 50 167 285 413 291 352 147 227 235 322 365
25 45 65 109 46 17 56 100 59 85 106 115 56 94 121 97
26 319 228 191 326 194 340 144 151 93 288 170 240 356 48 180
27 118 235 203 329 133 206 456 397 308 224 449 259 375 470 362
28 376 403 345 303 251 366 215 423 412 281 437 462 151 344 420
29 261 288 214 282 91 58 0 206 32 200 160 288 180 168 238
30 180 314 413 201 168 311 425 152 330 233 346 103 444 288 297
31 389 362 351 350 66 434 324 413 267 333 433 78 163 182 273
32 536 497 207 368 325 233 297 379 417 203 427 347 547 488 494
33 121 120 312 119 290 347 184 323 366 327 333 208 355 343 233
34 185 161 126 201 244 223 198 207 110 215 238 234 218 93 86
35 369 346 427 498 79 200 100 263 344 400 475 390 453 475 363
36 331 493 527 546 427 360 520 501 52 523 412 258 308 489 260
37 36 111 97 114 98 69 118 82 108 82 61 119 69 43 87
38 14 446 493 192 272 388 317 505 429 460 421 250 425 237 493
39 112 78 56 65 73 92 47 99 58 56 60 46 94 43 90
40 341 438 484 425 303 78 133 410 102 528 498 503 454 440 521
;

param:   cost_bundl  marginal :=
1 90 66
2 86 73
3 88 119
4 113 106
5 93 55
6 50 73
7 91 5
8 58 55
9 119 121
10 43 105
11 116 115
12 40 51
13 95 101
14 65 103
15 17 44
;
param: buyer budget :=
  0 158
  1 453
  2 286
  3 376
  4 272
  5 360
  6 197
  7 67
  8 458
  9 471
  10 575
  11 223
  12 125
  13 43
  14 475
  15 264
  16 526
  17 60
  18 139
  19 251
  20 251
  21 404
  22 413
  23 163
  24 408
  25 453
  26 532
  27 191
  28 332
  29 248
  30 444
  31 226
  32 487
  33 215
  34 257
  35 307
  36 173
  37 151
  38 304
  39 361
;
param num_partition :=
2
;
param: item partition_index cardinality :=
0 0 18
1 0 28
2 0 35
3 0 14
4 0 38
5 0 26
6 0 22
7 0 9
8 0 4
9 0 8
10 0 22
11 0 13
12 0 25
13 0 37
14 0 24
