param num_bundles := 15;

param num_cust := 40;

param price_reserve :
   1 2 3 4 5 6 7 8 9 10 11 12 13 14 15 :=
1 284 156 158 272 125 262 258 74 248 93 189 187 216 242 78
2 263 310 331 331 249 96 205 131 309 108 240 250 231 272 279
3 156 181 54 348 141 212 325 233 373 308 349 179 125 336 290
4 380 445 470 491 438 264 352 462 453 449 174 357 236 447 474
5 42 105 81 92 68 112 20 94 107 59 101 42 52 64 104
6 273 127 205 213 323 220 126 195 107 139 331 252 110 116 278
7 407 369 436 348 230 304 41 367 419 311 325 373 233 192 347
8 347 129 269 115 348 386 177 430 371 356 373 215 481 247 439
9 524 425 540 392 429 354 498 259 388 523 121 387 495 325 341
10 432 430 456 363 510 419 79 451 522 478 322 150 315 338 95
11 528 333 324 528 440 209 382 301 440 464 543 444 274 427 438
12 22 96 119 56 93 78 85 94 52 99 117 35 38 60 55
13 217 219 262 116 262 174 179 195 181 81 241 136 103 211 241
14 385 256 432 168 267 316 250 337 222 212 271 420 323 170 422
15 274 324 183 286 239 56 332 179 269 268 254 107 197 269 162
16 455 455 348 293 504 372 127 162 448 501 512 417 255 317 217
17 390 263 318 330 442 428 485 470 431 233 403 283 356 314 484
18 367 336 93 325 218 123 13 302 23 305 91 147 341 251 360
19 34 73 100 31 78 86 71 90 65 44 57 53 58 77 99
20 137 202 185 122 190 177 208 180 143 187 71 154 241 190 224
21 387 464 486 376 160 407 39 344 297 340 131 508 242 494 496
22 119 139 249 382 378 344 359 272 390 279 464 284 116 347 292
23 394 350 221 231 429 276 135 330 459 305 275 178 488 388 242
24 187 325 381 213 297 308 390 368 242 119 330 253 408 399 173
25 124 282 157 279 130 240 175 285 109 268 286 59 150 204 261
26 465 397 444 348 304 213 356 237 324 457 190 416 462 363 436
27 180 187 143 230 160 96 187 235 73 120 189 174 236 158 139
28 261 182 137 188 135 237 289 273 278 203 76 257 267 38 224
29 167 395 229 195 138 399 143 414 241 412 357 332 95 321 274
30 457 152 336 350 272 170 429 437 323 462 211 302 156 378 296
31 409 38 307 301 176 504 339 344 88 192 164 220 322 512 446
32 318 417 81 351 480 186 546 205 472 175 34 323 259 383 84
33 557 446 314 495 33 402 538 568 349 422 518 345 499 278 25
34 442 221 379 429 425 246 384 226 359 249 72 377 346 339 236
35 151 268 259 395 136 356 362 174 384 305 212 365 328 121 257
36 101 147 63 207 228 78 124 191 180 171 58 155 199 223 122
37 491 492 140 325 543 233 279 288 514 449 265 518 195 450 277
38 135 396 269 319 393 375 322 380 369 460 402 370 143 326 108
39 461 362 174 287 399 449 285 488 261 313 388 447 342 298 88
40 78 414 195 397 173 297 80 208 293 157 397 120 292 151 179
;

param:   cost_bundl  marginal :=
1 77 106
2 72 90
3 86 87
4 73 54
5 67 49
6 93 108
7 73 109
8 26 40
9 3 91
10 80 59
11 119 79
12 122 107
13 33 99
14 105 107
15 76 66
;
param: buyer budget :=
  0 435
  1 373
  2 84
  3 316
  4 132
  5 261
  6 370
  7 484
  8 63
  9 98
  10 437
  11 432
  12 156
  13 256
  14 278
  15 476
  16 120
  17 134
  18 442
  19 181
  20 496
  21 171
  22 233
  23 90
  24 135
  25 272
  26 66
  27 484
  28 346
  29 471
  30 322
  31 488
  32 525
  33 552
  34 20
  35 512
  36 341
  37 195
  38 484
  39 172
;
param num_partition :=
2
;
param: item partition_index cardinality :=
0 0 3
1 0 7
2 0 1
3 0 5
4 0 19
5 0 9
6 0 5
7 0 24
8 0 33
9 0 38
10 0 7
11 0 20
12 0 23
13 0 26
14 0 34
