param num_bundles := 15;

param num_cust := 40;

param price_reserve :
   1 2 3 4 5 6 7 8 9 10 11 12 13 14 15 :=
1 121 319 364 194 61 377 328 322 271 293 387 227 258 231 348
2 162 444 419 467 319 503 185 498 230 229 168 233 397 495 264
3 186 139 549 248 213 237 92 520 561 334 136 504 519 510 224
4 489 356 534 307 151 252 272 552 551 532 524 339 541 411 341
5 384 129 394 416 325 327 169 239 292 141 234 387 418 405 303
6 385 335 337 240 384 211 322 246 179 309 67 309 357 319 273
7 123 281 376 276 377 385 320 226 303 260 458 313 413 449 85
8 122 282 330 101 252 188 261 317 276 287 225 293 111 113 332
9 317 518 398 327 549 377 467 285 359 105 238 458 341 535 367
10 119 163 496 378 448 328 216 260 431 471 156 238 267 508 437
11 130 284 151 326 138 413 219 356 416 330 269 393 115 221 376
12 285 237 272 280 341 265 374 270 257 384 225 346 377 225 238
13 375 413 334 45 277 188 333 397 491 359 466 225 502 516 378
14 478 491 260 408 148 161 449 390 413 513 548 317 250 537 473
15 484 312 271 483 303 428 366 325 466 359 441 439 457 368 257
16 501 426 170 271 499 521 162 474 510 347 351 411 473 345 348
17 332 336 360 255 177 87 338 184 296 147 315 319 338 95 249
18 267 318 274 458 397 309 101 43 253 425 205 348 278 239 416
19 85 320 296 191 381 96 309 286 396 299 205 259 380 350 275
20 295 336 328 338 336 335 61 364 313 337 185 341 166 340 175
21 220 333 350 165 216 394 410 378 164 346 244 376 341 326 96
22 198 360 225 274 134 262 287 109 338 351 0 163 232 171 182
23 137 219 234 121 289 198 292 194 229 325 135 199 151 212 165
24 163 275 465 360 312 115 454 324 126 421 428 459 425 286 441
25 77 67 82 53 47 107 118 58 106 110 119 91 90 105 90
26 217 401 356 119 541 383 111 506 299 421 331 29 166 407 304
27 240 166 225 208 142 190 178 237 198 161 185 161 44 221 103
28 238 165 281 264 326 459 292 389 304 167 140 462 321 257 333
29 225 217 110 178 135 192 56 120 186 225 206 236 167 180 216
30 55 392 318 61 276 395 455 191 394 372 298 340 459 461 144
31 263 427 446 552 463 531 164 502 500 528 154 170 437 260 421
32 441 325 286 377 462 300 420 130 368 358 407 467 456 388 437
33 213 307 140 259 422 446 368 200 230 169 213 93 385 459 216
34 173 211 207 198 206 146 150 243 186 136 199 212 239 146 163
35 304 274 352 367 75 196 351 269 357 174 201 255 324 216 333
36 378 415 439 498 290 480 363 242 352 324 470 164 335 446 307
37 235 274 346 357 254 343 173 282 316 171 312 237 283 351 263
38 244 226 240 294 299 153 250 55 295 150 276 317 343 196 166
39 228 168 270 263 165 218 198 288 197 164 282 99 273 278 119
40 408 108 219 402 67 439 341 234 258 189 155 299 185 344 358
;

param:   cost_bundl  marginal :=
1 50 116
2 65 98
3 55 88
4 114 115
5 100 101
6 75 101
7 94 66
8 100 84
9 113 89
10 51 91
11 54 88
12 119 89
13 91 114
14 82 101
15 27 39
;
param: buyer budget :=
  0 139
  1 152
  2 98
  3 167
  4 148
  5 430
  6 398
  7 323
  8 163
  9 82
  10 167
  11 306
  12 121
  13 553
  14 199
  15 491
  16 275
  17 145
  18 560
  19 237
  20 204
  21 398
  22 393
  23 115
  24 4
  25 205
  26 52
  27 289
  28 350
  29 368
  30 99
  31 127
  32 329
  33 21
  34 360
  35 478
  36 502
  37 263
  38 146
  39 271
;
param num_partition :=
2
;
param: item partition_index cardinality :=
0 0 32
1 0 33
2 0 34
3 0 39
4 0 17
5 0 21
6 0 28
7 0 32
8 0 1
9 0 5
10 0 22
11 0 37
12 0 20
13 0 18
14 0 5
