param num_bundles := 15;

param num_cust := 40;

param price_reserve :
   1 2 3 4 5 6 7 8 9 10 11 12 13 14 15 :=
1 65 148 221 183 235 227 223 180 232 153 36 195 233 196 105
2 356 395 375 106 332 335 214 211 234 247 313 215 374 108 358
3 279 189 349 319 443 350 360 446 349 291 322 270 423 240 197
4 417 477 374 314 452 375 353 522 269 453 526 449 516 114 173
5 213 202 162 246 187 203 291 249 255 266 282 111 269 179 284
6 425 318 307 273 309 472 340 279 439 247 556 541 435 524 267
7 232 103 120 69 259 217 209 121 190 229 205 133 187 87 255
8 324 458 385 238 33 333 289 465 506 222 194 207 277 102 359
9 541 252 517 538 344 380 383 385 345 116 301 471 418 294 520
10 395 456 429 329 477 370 447 471 364 452 379 475 327 387 84
11 274 397 438 157 442 229 324 250 151 298 417 245 348 389 448
12 427 136 444 204 366 193 67 188 482 448 413 44 388 198 533
13 413 266 390 239 224 396 34 75 247 244 371 371 412 445 130
14 297 437 440 314 401 66 343 523 329 399 426 244 371 452 47
15 295 283 422 335 449 237 171 305 304 467 12 265 436 241 382
16 232 208 73 201 102 192 270 180 281 65 227 212 77 154 191
17 510 73 174 436 383 494 480 336 443 36 291 417 123 357 205
18 558 322 405 561 278 205 213 345 420 216 560 326 405 426 504
19 242 277 321 140 235 329 336 282 245 396 368 323 164 317 158
20 407 413 330 477 348 399 298 218 464 377 421 225 264 210 221
21 264 222 121 169 123 83 77 150 59 144 265 127 195 197 203
22 91 32 72 116 100 109 116 95 120 47 10 80 114 100 71
23 187 362 107 394 229 453 65 368 427 281 355 317 440 249 436
24 255 517 289 306 423 284 220 331 252 471 243 361 194 366 461
25 241 109 360 415 501 498 187 436 209 465 290 345 445 515 453
26 362 344 455 365 402 315 333 305 403 333 226 238 401 309 433
27 150 208 105 236 222 244 217 49 229 133 194 221 140 60 98
28 284 437 291 146 338 231 352 371 108 129 349 322 239 203 133
29 268 154 254 326 204 153 302 40 229 329 243 286 323 189 275
30 113 392 397 395 504 372 429 108 452 301 487 253 499 348 329
31 277 391 338 518 369 489 506 519 510 253 363 426 401 353 374
32 435 486 411 488 321 396 458 511 516 281 410 417 525 159 285
33 374 521 214 311 513 508 296 494 336 229 435 505 221 483 287
34 498 163 379 338 479 268 481 346 285 377 333 234 101 424 174
35 234 153 68 129 221 39 167 217 138 133 92 194 164 80 231
36 168 462 289 165 386 397 90 151 354 407 24 318 336 161 444
37 304 370 306 156 500 439 137 500 486 450 474 282 455 310 343
38 456 162 352 520 490 198 387 442 478 415 89 266 321 462 235
39 131 380 213 374 154 209 153 234 365 481 354 268 404 471 478
40 283 55 64 428 391 152 244 370 503 278 309 407 395 437 242
;

param:   cost_bundl  marginal :=
1 86 75
2 62 82
3 109 73
4 115 76
5 20 59
6 0 83
7 47 90
8 113 75
9 118 105
10 109 121
11 16 35
12 77 68
13 70 113
14 114 107
15 37 120
;
param: buyer budget :=
  0 182
  1 119
  2 394
  3 402
  4 486
  5 338
  6 366
  7 515
  8 162
  9 199
  10 195
  11 436
  12 550
  13 417
  14 211
  15 551
  16 148
  17 299
  18 113
  19 41
  20 394
  21 107
  22 557
  23 140
  24 494
  25 226
  26 231
  27 91
  28 247
  29 343
  30 338
  31 65
  32 169
  33 384
  34 518
  35 90
  36 17
  37 400
  38 277
  39 554
;
param num_partition :=
2
;
param: item partition_index cardinality :=
0 0 25
1 0 33
2 0 14
3 0 23
4 0 3
5 0 11
6 0 17
7 0 4
8 0 35
9 0 11
10 0 5
11 0 32
12 0 28
13 0 38
14 0 17
