param num_bundles := 15;

param num_cust := 40;

param price_reserve :
   1 2 3 4 5 6 7 8 9 10 11 12 13 14 15 :=
1 117 99 104 104 49 61 57 75 92 67 94 72 122 59 81
2 254 426 283 292 422 403 461 403 341 352 435 422 325 348 397
3 266 230 345 266 378 250 399 310 386 335 331 255 245 375 354
4 433 230 264 276 437 216 156 380 251 124 278 349 298 180 256
5 41 413 174 417 391 346 282 358 439 156 115 197 410 206 205
6 424 392 449 338 566 374 463 547 481 563 509 181 567 363 239
7 321 231 374 218 197 343 213 192 261 260 313 305 324 349 348
8 265 227 244 113 268 216 90 238 215 117 192 277 220 231 105
9 255 67 290 312 344 318 56 292 129 274 211 316 374 437 425
10 495 274 429 492 342 490 353 412 191 411 413 362 328 488 455
11 110 113 102 46 96 71 52 119 62 18 89 89 107 117 99
12 346 168 374 282 282 414 96 384 460 413 104 289 247 377 447
13 99 197 153 122 221 62 6 204 205 203 158 194 237 93 210
14 295 470 461 414 387 426 306 170 258 185 493 402 293 533 350
15 154 303 308 164 360 269 219 268 293 129 323 116 328 340 305
16 189 97 432 470 267 157 31 464 241 419 449 349 290 420 121
17 118 81 112 103 53 28 81 69 73 66 89 107 39 84 38
18 192 125 330 219 297 210 176 131 321 250 174 181 212 281 242
19 239 330 373 382 288 420 286 479 435 188 488 447 329 423 253
20 508 474 467 540 330 395 162 74 205 486 493 327 430 396 518
21 201 238 231 212 230 109 65 129 67 121 231 71 49 149 171
22 194 294 205 291 241 249 279 274 166 232 210 186 207 260 182
23 128 297 572 413 80 479 161 519 301 308 528 134 436 316 428
24 42 201 129 247 218 200 382 162 255 242 375 286 257 320 322
25 268 329 330 196 110 200 329 238 388 271 238 391 343 212 291
26 262 372 374 397 289 444 395 125 300 370 92 362 425 231 124
27 372 185 284 257 34 371 362 336 87 212 378 348 279 273 112
28 353 103 375 438 439 516 536 448 349 291 263 485 403 425 392
29 395 483 331 423 86 292 375 299 348 381 438 421 237 431 282
30 93 281 270 10 302 64 393 329 344 370 363 275 208 127 408
31 248 466 395 296 523 402 494 455 180 494 363 109 297 394 223
32 103 70 362 212 273 299 237 210 87 328 236 167 280 370 288
33 275 425 245 278 297 27 380 291 216 413 163 288 187 403 180
34 356 495 190 334 301 456 479 258 269 495 493 449 406 189 393
35 276 118 225 361 236 253 285 243 224 329 208 145 147 273 301
36 196 141 194 292 143 267 354 224 155 292 183 328 349 62 207
37 542 290 402 542 472 171 421 447 516 450 423 351 527 154 224
38 220 208 182 207 159 184 140 209 239 90 238 212 190 125 214
39 169 228 208 241 47 226 166 145 74 73 177 147 98 175 157
40 532 508 416 270 362 364 441 433 418 540 516 403 495 531 546
;

param:   cost_bundl  marginal :=
1 94 56
2 41 46
3 57 111
4 111 23
5 37 103
6 97 96
7 101 93
8 82 101
9 59 90
10 104 96
11 49 104
12 114 83
13 117 23
14 110 96
15 58 70
;
param: buyer budget :=
  0 105
  1 108
  2 257
  3 49
  4 487
  5 437
  6 529
  7 150
  8 144
  9 404
  10 492
  11 338
  12 50
  13 207
  14 259
  15 114
  16 565
  17 150
  18 166
  19 47
  20 475
  21 345
  22 442
  23 343
  24 389
  25 151
  26 437
  27 81
  28 570
  29 175
  30 433
  31 119
  32 221
  33 86
  34 522
  35 555
  36 338
  37 307
  38 259
  39 416
;
param num_partition :=
2
;
param: item partition_index cardinality :=
0 0 2
1 0 34
2 0 7
3 0 38
4 0 7
5 0 7
6 0 7
7 0 24
8 0 17
9 0 36
10 0 2
11 0 1
12 0 4
13 0 32
14 0 5
