param num_bundles := 15;

param num_cust := 40;

param price_reserve :
   1 2 3 4 5 6 7 8 9 10 11 12 13 14 15 :=
1 432 253 331 446 356 324 364 360 484 96 512 464 543 538 439
2 383 380 373 441 317 355 267 255 334 350 309 154 429 257 326
3 348 247 286 318 62 355 347 181 321 363 352 273 366 50 132
4 522 342 355 510 150 266 498 180 138 419 394 528 238 474 543
5 156 344 130 364 395 297 349 346 395 188 324 367 119 315 54
6 360 287 433 305 509 495 396 378 205 354 215 460 526 289 131
7 276 286 257 291 236 230 158 354 85 390 207 273 347 281 174
8 107 265 65 273 208 337 256 292 269 348 120 364 323 128 109
9 200 235 293 236 104 134 155 273 285 276 219 187 204 259 153
10 388 309 399 168 370 408 284 200 447 255 419 300 281 335 364
11 545 353 103 223 558 176 434 426 192 524 69 548 535 228 521
12 443 337 493 483 354 136 230 492 369 488 326 195 460 349 296
13 272 399 176 326 229 286 278 248 378 263 182 307 371 212 365
14 255 109 336 350 142 168 225 239 158 272 258 203 345 322 341
15 418 257 294 217 59 220 305 404 72 273 284 242 382 315 352
16 220 469 458 347 271 344 467 234 367 315 75 481 485 476 245
17 223 217 157 94 205 198 136 151 227 163 123 147 210 204 73
18 227 325 378 283 232 355 264 325 219 337 333 136 122 363 223
19 202 330 89 195 313 333 185 245 136 179 244 209 208 295 243
20 244 282 132 199 69 237 143 285 118 285 248 167 241 274 205
21 379 304 271 156 215 230 330 175 293 358 253 171 277 276 366
22 349 217 316 212 454 187 278 383 492 222 497 419 336 487 299
23 430 273 185 509 340 257 328 225 249 272 456 361 165 195 475
24 221 170 280 267 154 275 242 28 287 209 210 63 267 48 138
25 299 133 398 52 288 416 330 440 123 415 340 408 363 333 329
26 241 214 213 357 202 416 452 330 396 406 268 288 276 453 250
27 485 354 152 291 307 156 120 244 273 334 344 489 389 410 130
28 487 467 72 513 398 194 507 324 410 218 511 490 481 478 322
29 284 324 333 311 259 217 318 126 247 150 287 227 270 171 295
30 284 328 205 86 319 357 129 125 65 287 326 255 134 339 137
31 441 224 126 247 459 380 464 479 130 145 330 185 382 310 445
32 220 158 47 205 155 96 117 97 235 125 210 157 154 109 198
33 192 184 265 138 231 290 196 277 289 110 162 126 129 151 58
34 415 284 67 156 335 340 327 55 346 134 118 384 350 375 288
35 105 140 173 300 318 353 96 252 329 186 117 354 228 230 147
36 483 260 379 551 358 214 322 377 185 337 250 562 350 522 484
37 239 111 170 254 157 187 230 251 263 255 256 264 252 250 106
38 323 355 116 220 178 394 365 345 344 180 227 329 257 165 361
39 454 500 84 102 439 514 558 47 119 211 543 359 377 258 404
40 210 255 56 134 272 164 213 240 215 52 241 199 273 257 81
;

param:   cost_bundl  marginal :=
1 120 71
2 102 115
3 74 65
4 110 102
5 81 115
6 99 53
7 74 50
8 115 28
9 76 66
10 80 98
11 87 113
12 68 86
13 67 69
14 64 87
15 103 100
;
param: buyer budget :=
  0 376
  1 318
  2 111
  3 100
  4 424
  5 34
  6 466
  7 265
  8 329
  9 286
  10 327
  11 496
  12 546
  13 241
  14 405
  15 299
  16 448
  17 121
  18 334
  19 352
  20 285
  21 523
  22 517
  23 446
  24 198
  25 227
  26 234
  27 249
  28 467
  29 368
  30 433
  31 305
  32 88
  33 40
  34 453
  35 443
  36 379
  37 478
  38 57
  39 69
;
param num_partition :=
2
;
param: item partition_index cardinality :=
0 0 15
1 0 35
2 0 33
3 0 20
4 0 9
5 0 19
6 0 7
7 0 38
8 0 37
9 0 18
10 0 11
11 0 18
12 0 37
13 0 32
14 0 4
