param num_bundles := 15;

param num_cust := 40;

param price_reserve :
   1 2 3 4 5 6 7 8 9 10 11 12 13 14 15 :=
1 480 344 426 399 91 330 388 237 469 246 440 295 316 164 407
2 266 268 208 182 141 287 255 167 230 163 292 248 95 252 174
3 112 73 96 82 115 55 51 55 108 41 106 93 68 41 72
4 344 370 421 271 235 415 135 390 233 369 321 384 76 432 414
5 439 422 531 497 377 519 283 348 178 412 370 311 392 554 569
6 243 176 182 361 192 178 353 344 192 296 419 321 411 397 247
7 127 124 231 142 233 114 220 109 204 187 180 93 224 203 146
8 48 119 106 111 94 117 105 34 89 57 68 118 68 119 65
9 231 167 93 209 281 322 242 224 196 92 233 189 330 266 192
10 120 233 149 113 242 113 209 186 122 104 160 240 98 177 161
11 252 334 521 561 405 289 271 111 453 385 388 402 560 521 546
12 209 163 173 223 197 212 129 203 231 123 135 124 217 159 96
13 295 224 123 209 150 138 281 193 203 141 281 269 168 257 284
14 350 307 428 487 193 452 253 483 291 344 434 229 371 495 427
15 130 365 228 400 185 356 200 277 397 333 402 79 220 397 327
16 493 286 492 89 242 139 230 124 232 402 181 261 147 295 442
17 230 196 333 69 97 193 280 138 151 185 247 124 195 171 254
18 407 439 289 349 319 414 412 322 318 260 442 432 365 356 86
19 335 197 205 351 414 381 52 131 388 305 301 347 68 328 329
20 307 314 180 140 222 375 38 53 278 267 351 373 127 324 171
21 293 342 229 445 418 321 325 428 380 431 281 428 291 28 400
22 451 65 148 272 481 417 225 130 301 430 315 144 391 441 520
23 412 188 358 270 393 464 365 412 330 423 449 328 373 429 364
24 361 464 282 293 375 301 379 306 231 240 218 414 294 397 323
25 257 362 395 299 506 301 540 408 286 274 397 392 268 292 467
26 351 369 237 426 228 429 150 523 337 390 434 430 275 460 320
27 382 332 411 385 176 222 436 215 388 292 301 327 367 422 386
28 440 266 123 282 329 99 389 338 289 36 426 259 312 103 402
29 169 198 190 282 148 228 84 225 191 239 254 119 134 123 183
30 171 234 391 348 284 514 478 368 315 472 252 286 389 441 295
31 85 36 93 83 103 93 60 119 118 95 51 104 25 69 92
32 121 103 121 105 106 62 117 109 86 110 83 42 47 47 39
33 377 76 307 267 187 304 282 140 350 356 315 36 234 360 375
34 302 324 216 264 392 205 398 139 284 328 292 258 357 302 216
35 298 143 171 215 313 309 185 366 247 116 288 315 213 165 242
36 333 460 386 381 478 183 175 278 310 465 412 414 415 68 211
37 236 326 435 150 421 399 483 227 315 294 409 191 435 370 400
38 376 390 503 351 304 521 255 209 455 395 437 286 495 463 354
39 210 241 212 206 210 92 153 24 243 163 75 99 69 239 56
40 439 403 392 350 222 327 353 445 100 326 290 421 374 177 306
;

param:   cost_bundl  marginal :=
1 112 104
2 67 72
3 118 96
4 94 72
5 28 87
6 88 107
7 83 72
8 118 62
9 74 105
10 70 115
11 94 66
12 72 82
13 111 32
14 87 118
15 86 50
;
param: buyer budget :=
  0 302
  1 251
  2 192
  3 414
  4 136
  5 291
  6 423
  7 456
  8 76
  9 220
  10 287
  11 152
  12 108
  13 412
  14 510
  15 157
  16 364
  17 140
  18 273
  19 383
  20 471
  21 412
  22 368
  23 328
  24 534
  25 76
  26 490
  27 175
  28 84
  29 433
  30 530
  31 271
  32 391
  33 65
  34 272
  35 100
  36 262
  37 427
  38 228
  39 506
;
param num_partition :=
2
;
param: item partition_index cardinality :=
0 0 4
1 0 11
2 0 21
3 0 4
4 0 29
5 0 5
6 0 26
7 0 29
8 0 36
9 0 33
10 0 26
11 0 1
12 0 16
13 0 35
14 0 26
