param num_bundles := 15;

param num_cust := 40;

param price_reserve :
   1 2 3 4 5 6 7 8 9 10 11 12 13 14 15 :=
1 33 63 104 15 117 122 108 102 72 67 112 44 114 88 108
2 128 281 108 260 302 143 263 332 198 244 303 294 211 111 214
3 258 159 240 297 330 248 379 388 264 306 284 350 313 317 326
4 374 216 380 91 40 292 400 396 175 421 120 341 244 388 358
5 376 195 455 439 363 318 273 303 430 362 343 199 285 389 322
6 293 334 181 389 498 425 441 63 338 102 207 349 304 526 542
7 145 69 248 361 300 291 179 279 223 166 274 315 235 262 120
8 52 209 280 269 192 204 35 277 241 266 252 158 273 139 271
9 150 417 118 513 470 369 188 303 447 183 523 72 62 276 524
10 417 400 376 278 276 294 360 324 431 396 234 348 443 199 379
11 113 116 78 41 113 104 46 86 98 35 118 43 48 121 86
12 208 154 171 305 397 386 560 300 541 219 123 500 361 370 519
13 129 544 323 515 426 470 456 376 229 168 203 290 486 154 517
14 109 57 119 72 70 51 89 122 88 96 37 91 96 92 98
15 296 321 41 191 313 352 342 323 304 324 461 438 310 461 287
16 303 232 114 306 251 323 31 325 144 325 203 120 286 259 222
17 409 249 194 523 426 302 140 73 456 267 393 417 414 153 174
18 501 121 411 385 362 401 239 464 483 418 332 295 450 396 417
19 479 430 248 276 473 395 541 491 539 338 164 283 278 32 477
20 361 340 468 496 498 275 170 276 396 496 366 238 472 319 421
21 378 243 318 229 348 241 366 436 226 258 280 383 427 266 293
22 304 449 346 453 425 379 496 283 270 409 291 460 525 345 447
23 234 252 79 287 166 164 212 126 137 301 265 265 143 121 75
24 435 556 231 510 489 459 123 418 440 284 508 384 481 511 514
25 121 30 219 166 165 62 183 55 189 89 199 158 195 125 129
26 331 245 306 256 263 304 248 313 281 323 214 281 308 184 125
27 419 463 345 281 373 484 439 403 246 214 430 223 364 256 272
28 236 455 149 358 330 282 325 261 339 196 247 168 432 203 145
29 248 186 303 239 366 180 272 63 173 106 155 149 346 343 254
30 502 477 243 227 459 214 531 516 460 161 427 397 520 475 444
31 112 98 61 27 53 117 29 47 26 100 84 81 89 84 88
32 105 234 288 195 256 268 340 333 314 404 235 127 152 345 120
33 252 281 431 416 374 28 282 336 430 411 302 368 332 125 420
34 343 316 233 406 309 449 298 451 287 467 460 409 252 435 220
35 354 51 259 342 309 327 291 349 138 145 95 293 133 344 302
36 17 82 25 82 67 63 101 83 62 26 83 82 86 108 84
37 412 419 316 346 255 424 268 244 96 347 165 269 127 102 399
38 237 192 237 234 183 227 171 184 183 74 206 225 239 212 165
39 271 213 88 379 243 363 238 420 444 457 314 301 418 34 322
40 325 108 348 301 365 342 120 321 390 416 155 345 308 421 305
;

param:   cost_bundl  marginal :=
1 113 111
2 60 30
3 37 47
4 79 121
5 37 82
6 57 114
7 72 67
8 70 93
9 105 117
10 121 97
11 31 78
12 94 105
13 112 82
14 75 56
15 109 101
;
param: buyer budget :=
  0 542
  1 215
  2 272
  3 146
  4 478
  5 242
  6 471
  7 186
  8 502
  9 375
  10 449
  11 547
  12 312
  13 16
  14 280
  15 57
  16 141
  17 293
  18 509
  19 322
  20 414
  21 475
  22 218
  23 515
  24 340
  25 547
  26 341
  27 159
  28 86
  29 113
  30 165
  31 401
  32 232
  33 286
  34 449
  35 389
  36 465
  37 62
  38 57
  39 446
;
param num_partition :=
2
;
param: item partition_index cardinality :=
0 0 18
1 0 10
2 0 34
3 0 15
4 0 37
5 0 24
6 0 3
7 0 8
8 0 39
9 0 25
10 0 30
11 0 31
12 0 9
13 0 27
14 0 34
