param num_bundles := 35;

param num_cust := 20;

param price_reserve :
   1 2 3 4 5 6 7 8 9 10 11 12 13 14 15 16 17 18 19 20 21 22 23 24 25 26 27 28 29 30 31 32 33 34 35 :=
1 191 648 653 837 860 957 292 770 150 824 968 915 839 374 817 521 955 841 339 725 931 895 886 921 820 825 234 528 716 632 518 738 803 742 540
2 567 483 620 590 459 441 365 550 476 570 391 403 83 442 591 541 528 263 297 74 639 601 586 345 640 635 365 358 445 468 408 628 568 435 589
3 881 769 788 931 966 428 878 919 901 698 674 825 940 734 818 883 501 689 605 808 411 744 607 586 377 732 621 458 641 862 389 464 550 861 900
4 866 734 467 928 781 628 1070 1028 1045 951 972 807 410 698 551 1141 487 1035 544 447 678 692 1087 1109 695 1073 838 1099 1067 801 1077 208 813 235 863
5 256 340 693 982 284 697 81 913 816 946 717 764 1011 879 634 366 732 509 974 673 664 253 901 687 445 504 640 675 990 1024 501 915 1018 1009 914
6 735 983 823 905 576 732 1113 833 944 837 491 738 962 985 908 511 890 849 758 885 715 859 716 445 687 902 302 237 1138 921 608 1013 1072 1134 498
7 943 882 247 814 836 734 598 569 890 903 754 924 876 729 474 863 661 672 594 322 491 941 901 296 877 102 278 558 817 823 186 776 685 887 219
8 656 345 611 578 149 30 439 268 553 530 256 303 593 495 297 485 302 659 311 487 232 507 184 588 305 477 540 642 234 183 526 523 335 405 421
9 563 1103 1110 252 851 678 565 522 1096 232 1275 857 724 279 1221 1146 1057 1059 882 349 1182 574 1073 1106 1215 780 157 1069 747 1119 493 572 763 1170 404
10 1050 918 963 428 838 386 627 776 985 342 950 777 597 752 651 804 493 541 687 976 561 714 791 831 89 720 308 685 1037 980 621 691 841 1025 818
11 904 868 953 112 592 845 1026 702 600 987 1024 707 905 669 461 662 781 1044 246 877 683 1052 750 925 635 938 139 716 871 408 664 452 851 869 535
12 388 434 1235 588 153 1147 930 755 964 568 120 696 851 1184 1154 670 602 1087 1208 534 1239 183 913 310 1121 1029 1081 817 1083 389 590 434 946 842 1068
13 685 307 649 726 490 683 685 742 723 621 758 398 778 686 697 471 275 174 148 640 721 578 455 598 676 545 523 759 597 305 342 418 323 382 394
14 829 1175 978 289 1104 1133 721 1021 950 763 1059 1167 151 420 424 989 713 962 918 211 470 1070 750 929 946 810 1046 1158 1065 936 1177 880 360 464 889
15 775 379 1053 570 858 737 1015 350 558 990 1003 412 364 774 1060 827 827 479 1047 1082 575 795 709 474 695 947 231 777 1016 855 386 417 938 478 402
16 716 325 846 464 554 655 146 572 666 781 879 635 439 156 581 572 835 261 716 849 520 583 362 751 93 795 441 752 754 576 730 419 845 545 815
17 476 949 346 1048 243 940 227 1070 1003 740 795 950 821 473 808 925 506 413 1088 1147 870 1093 570 1086 869 314 764 1027 194 804 173 298 875 918 1103
18 399 983 601 339 461 828 454 643 313 711 234 524 362 878 879 937 797 414 166 746 230 410 908 646 1030 403 1034 842 781 270 266 750 699 883 406
19 629 813 736 183 586 772 390 865 531 330 845 561 549 760 771 567 316 811 295 433 655 832 781 821 497 855 543 717 711 614 744 246 707 150 80
20 293 465 197 882 1090 236 948 919 640 1019 895 774 1117 497 1128 1046 1141 552 1096 951 431 613 819 870 935 804 827 1101 1148 1044 1152 722 1106 1137 574
;

param:   cost_bundl  marginal :=
1 134 180
2 17 102
3 124 178
4 187 134
5 174 180
6 186 100
7 121 124
8 137 131
9 120 98
10 135 126
11 23 55
12 116 142
13 60 185
14 99 93
15 171 13
16 166 44
17 148 149
18 71 39
19 68 148
20 183 129
21 100 104
22 166 114
23 175 124
24 158 151
25 116 123
26 104 147
27 85 119
28 131 113
29 107 66
30 46 126
31 155 34
32 113 165
33 55 178
34 117 135
35 109 159
;
param: buyer budget :=
  0 1821
  1 77
  2 1728
  3 1213
  4 1234
  5 322
  6 1532
  7 1936
  8 1967
  9 634
  10 2004
  11 321
  12 760
  13 506
  14 935
  15 151
  16 201
  17 2203
  18 1157
  19 1287
;
param num_partition :=
3
;
param: item partition_index cardinality :=
0 0 11
1 0 18
2 0 1
3 0 1
4 0 10
5 0 16
6 0 13
7 0 14
8 0 3
9 0 14
10 0 18
11 0 16
12 0 4
13 0 15
14 0 14
15 0 14
16 0 4
17 0 2
18 0 19
19 0 13
20 0 1
21 0 7
22 0 16
23 0 6
24 0 7
25 0 13
26 0 19
27 0 17
28 0 7
29 0 12
30 0 2
31 1 1
32 1 8
33 1 18
34 1 5
