param num_bundles := 35;

param num_cust := 20;

param price_reserve :
   1 2 3 4 5 6 7 8 9 10 11 12 13 14 15 16 17 18 19 20 21 22 23 24 25 26 27 28 29 30 31 32 33 34 35 :=
1 369 1139 918 1182 912 1182 279 358 792 421 1070 765 721 534 1091 752 393 865 1040 1081 1183 1143 830 1051 393 660 866 1060 771 1055 309 857 351 499 432
2 180 499 430 521 366 376 287 459 199 148 360 479 475 421 192 357 549 518 379 542 97 486 363 445 548 431 395 297 264 366 472 382 391 260 498
3 291 226 608 265 249 458 390 534 298 500 492 595 369 525 483 122 286 190 561 359 679 464 561 591 114 597 331 464 474 640 563 221 328 633 375
4 97 282 308 329 203 164 374 164 181 225 263 304 329 153 358 373 369 230 345 337 238 337 324 137 239 205 165 259 131 190 268 342 255 130 328
5 659 305 481 826 192 645 704 1096 976 379 1002 928 397 717 894 298 1101 917 689 721 973 657 662 1020 222 960 1001 612 818 660 434 937 588 401 647
6 110 354 132 370 334 368 335 175 263 173 146 223 330 353 331 246 352 219 179 203 276 149 327 278 352 305 230 207 363 258 324 135 229 268 316
7 625 433 93 280 823 728 542 826 661 740 133 625 531 201 623 718 903 686 175 212 626 646 906 779 884 925 594 927 354 571 885 465 819 850 605
8 1099 975 771 285 968 948 967 1139 1102 1033 644 831 931 717 712 562 1005 935 597 417 372 115 773 941 1004 1061 882 305 994 813 545 343 1022 687 714
9 1088 1030 473 1038 923 999 889 253 974 531 653 988 1057 1080 298 300 896 675 936 737 970 437 646 661 331 708 1030 841 868 689 596 583 55 532 724
10 755 413 184 656 382 409 827 761 357 674 239 683 728 738 575 852 272 589 871 258 134 235 804 564 747 752 822 441 628 585 520 305 809 233 619
11 879 258 622 650 432 941 674 672 247 829 1073 355 635 884 937 887 1070 1137 1049 323 1122 54 371 1077 925 979 272 971 891 330 431 977 1095 901 1018
12 225 544 521 552 452 542 602 561 297 469 307 541 640 313 343 463 229 575 621 309 499 294 599 597 554 463 612 474 535 491 616 323 635 131 367
13 865 294 666 931 343 903 1047 953 943 181 1067 311 1018 950 735 1072 1022 1080 687 902 736 1067 353 572 915 904 372 355 746 563 470 509 399 676 866
14 1054 790 1150 284 875 612 420 669 896 1075 1007 888 414 1007 1033 1087 738 881 653 943 607 568 690 427 555 730 791 949 1062 1032 701 871 415 769 905
15 880 29 994 561 773 600 344 346 358 132 805 452 762 731 799 1001 660 418 669 747 332 280 407 848 152 353 740 572 902 733 896 953 228 867 433
16 172 125 177 49 110 173 173 167 175 63 157 139 113 177 89 123 156 180 116 50 177 116 83 25 50 70 148 112 165 164 91 169 127 171 137
17 311 686 267 677 424 409 149 546 678 583 249 709 564 609 184 300 542 597 605 550 422 327 363 539 469 629 594 679 557 488 664 187 521 406 710
18 156 84 68 186 150 177 175 147 110 43 180 174 85 163 178 127 176 63 122 71 36 143 26 20 179 176 160 170 186 97 100 161 115 162 153
19 448 862 1075 1079 964 987 785 618 1155 1016 1115 1079 902 822 846 763 556 1133 812 757 708 975 750 583 870 1092 1076 1076 270 942 594 969 951 936 1066
20 861 418 238 1036 964 752 230 1063 932 955 898 535 635 655 638 680 917 167 1008 425 867 908 1040 799 187 569 700 738 980 784 956 473 483 920 989
;

param:   cost_bundl  marginal :=
1 152 166
2 67 181
3 183 161
4 59 66
5 162 163
6 59 101
7 182 160
8 152 159
9 91 152
10 143 152
11 166 61
12 131 146
13 176 158
14 178 175
15 179 132
16 78 85
17 78 49
18 115 74
19 182 142
20 77 45
21 78 54
22 95 160
23 141 91
24 125 168
25 52 109
26 71 138
27 78 67
28 44 180
29 154 70
30 107 143
31 172 14
32 176 127
33 126 159
34 19 127
35 170 111
;
param: buyer budget :=
  0 908
  1 112
  2 724
  3 1363
  4 2033
  5 1166
  6 1575
  7 1865
  8 1597
  9 1470
  10 1201
  11 794
  12 1387
  13 1995
  14 2160
  15 394
  16 2262
  17 1270
  18 1757
  19 1777
;
param num_partition :=
3
;
param: item partition_index cardinality :=
0 0 11
1 0 9
2 1 16
3 1 11
4 1 6
5 1 6
6 1 7
7 1 5
8 1 10
9 1 11
10 1 9
11 1 18
12 1 9
13 1 17
14 1 1
15 1 8
16 1 18
17 1 4
18 1 10
19 1 18
20 1 3
21 1 5
22 1 10
23 1 19
24 1 12
25 1 18
26 1 7
27 1 11
28 1 19
29 1 13
30 1 18
31 1 3
32 1 13
33 1 10
34 1 2
