param num_bundles := 35;

param num_cust := 20;

param price_reserve :
   1 2 3 4 5 6 7 8 9 10 11 12 13 14 15 16 17 18 19 20 21 22 23 24 25 26 27 28 29 30 31 32 33 34 35 :=
1 480 1085 911 1063 295 1072 968 1200 1071 460 820 1026 834 649 365 968 1018 1043 1210 1164 708 726 894 793 719 736 379 1002 925 764 804 1098 659 684 760
2 465 886 382 477 1062 959 1096 147 979 760 252 902 879 958 1133 1183 1015 1038 679 441 794 1097 493 530 1071 1108 194 965 938 693 878 1123 744 790 638
3 276 1011 970 318 568 575 529 899 367 1139 379 1124 929 1033 859 1011 882 526 1120 1008 1089 536 658 1005 924 810 1110 864 560 974 917 839 692 1135 127
4 822 880 653 569 578 478 620 389 652 1138 705 780 647 986 763 733 873 933 1068 971 995 953 358 621 753 1170 1088 1048 642 1074 883 1085 1087 375 912
5 618 488 568 552 625 390 377 498 454 612 139 660 47 398 420 468 305 552 552 661 124 372 588 495 554 431 374 281 643 527 106 630 19 656 406
6 809 442 788 1145 367 632 736 472 360 659 680 1137 1060 1088 1153 601 574 498 605 628 1104 787 216 287 394 1126 1073 1107 916 625 956 562 1060 297 498
7 589 487 143 379 257 844 542 675 214 870 709 719 355 400 682 324 506 260 336 220 381 725 361 432 593 738 481 521 662 864 113 522 25 327 225
8 180 107 185 103 173 121 123 184 71 133 64 146 169 116 147 137 85 167 53 161 160 143 38 95 45 88 180 165 84 83 62 185 153 129 156
9 880 817 945 434 798 762 578 462 980 328 579 495 625 688 363 905 629 430 347 928 451 876 375 934 523 470 280 357 303 836 149 897 788 866 709
10 873 930 253 833 707 117 835 673 886 896 810 842 781 839 869 699 589 98 917 480 908 702 766 300 75 355 754 608 816 205 797 863 909 288 425
11 318 622 585 623 475 287 441 573 490 239 604 295 434 642 377 80 354 39 624 504 441 353 231 43 453 598 142 392 592 329 262 518 447 578 305
12 782 907 573 571 686 789 761 1045 1000 921 1023 727 374 1059 936 1026 205 461 859 548 480 244 1054 910 875 700 670 786 714 965 589 257 1029 827 813
13 541 415 670 633 451 619 590 265 209 661 578 74 499 596 660 188 297 583 400 242 451 568 666 457 519 629 142 403 338 30 395 437 567 310 371
14 507 607 586 868 634 588 223 601 819 396 349 730 727 469 115 784 854 143 207 295 337 883 717 875 808 638 336 677 162 472 880 852 547 741 778
15 249 414 934 1088 884 852 620 437 1132 549 664 774 533 491 999 657 800 759 1128 1047 673 525 765 529 1060 1016 508 1033 877 730 319 782 825 1050 1006
16 915 64 641 717 1060 1154 1017 1072 324 1120 757 927 1117 695 504 1011 1028 991 1120 1028 1039 806 548 700 823 872 896 788 219 954 489 936 812 753 193
17 529 658 149 535 340 567 604 617 570 578 647 426 598 635 564 616 467 485 609 696 460 493 580 417 488 178 542 419 314 66 580 307 551 528 701
18 340 334 320 225 221 223 325 290 217 66 355 177 259 321 289 134 371 132 295 289 267 315 305 217 307 170 41 366 256 363 198 331 158 40 330
19 305 296 274 477 562 428 493 173 366 663 615 310 365 233 294 547 374 94 50 135 661 578 555 80 373 524 579 411 643 200 213 417 553 438 544
20 932 915 1243 943 983 488 858 690 349 1075 1224 1063 1003 1089 1072 544 1005 1116 816 999 919 827 721 900 682 884 989 1025 1047 542 992 1198 1085 877 969
;

param:   cost_bundl  marginal :=
1 79 111
2 73 131
3 88 181
4 121 119
5 181 173
6 174 94
7 109 93
8 6 95
9 53 141
10 183 126
11 186 128
12 83 126
13 80 108
14 104 109
15 170 64
16 116 151
17 77 145
18 142 133
19 134 58
20 135 145
21 81 181
22 148 138
23 179 72
24 118 142
25 38 175
26 157 130
27 108 180
28 99 147
29 130 185
30 121 167
31 171 127
32 65 143
33 87 79
34 19 130
35 121 107
;
param: buyer budget :=
  0 1834
  1 1678
  2 396
  3 490
  4 2212
  5 537
  6 2121
  7 207
  8 2207
  9 2231
  10 2367
  11 1279
  12 581
  13 2347
  14 348
  15 1056
  16 2431
  17 290
  18 1989
  19 1386
;
param num_partition :=
3
;
param: item partition_index cardinality :=
0 0 2
1 0 4
2 0 9
3 0 2
4 0 11
5 0 15
6 0 2
7 0 13
8 1 13
9 1 1
10 1 5
11 1 17
12 1 3
13 1 8
14 1 8
15 1 14
16 1 15
17 1 9
18 1 11
19 1 11
20 1 10
21 1 9
22 1 5
23 1 5
24 1 5
25 1 4
26 1 11
27 1 17
28 1 8
29 1 5
30 1 15
31 1 18
32 1 5
33 1 6
34 1 16
