param num_bundles := 35;

param num_cust := 20;

param price_reserve :
   1 2 3 4 5 6 7 8 9 10 11 12 13 14 15 16 17 18 19 20 21 22 23 24 25 26 27 28 29 30 31 32 33 34 35 :=
1 540 884 957 1129 641 776 830 1145 998 256 772 1148 450 979 582 841 768 1069 825 563 1185 1200 667 81 626 954 916 866 1045 976 994 507 1210 1233 1027
2 528 857 779 1029 495 1155 438 921 1021 920 1048 862 1139 1044 803 913 1002 1111 1028 1152 1068 908 1125 682 146 1148 566 257 785 762 1154 748 1127 563 554
3 876 785 472 449 116 631 663 484 820 237 464 368 721 590 728 365 383 553 574 934 847 828 932 769 386 973 961 811 431 208 542 758 525 852 230
4 208 274 467 445 366 343 433 468 378 352 374 471 401 40 467 314 387 394 111 104 98 383 470 364 375 244 171 265 298 370 501 275 322 405 398
5 504 280 368 414 577 118 494 679 586 275 660 634 583 458 417 536 551 690 571 259 536 292 729 501 500 606 437 740 256 388 260 702 377 386 693
6 618 415 398 633 515 441 407 709 411 231 562 21 504 741 493 675 595 680 578 688 605 683 640 543 199 158 285 585 726 705 492 441 503 708 510
7 1103 346 862 657 1203 671 1109 1193 1214 915 1033 128 426 1028 1128 1054 1108 1069 324 662 524 560 1243 923 501 1228 158 1087 770 697 1154 947 795 456 931
8 476 600 459 598 596 345 229 176 387 383 552 318 587 518 554 113 535 528 556 393 93 338 474 219 478 474 483 430 82 595 330 527 513 512 414
9 395 768 641 750 737 694 712 552 500 408 49 386 307 434 411 529 161 469 751 619 751 418 698 495 356 526 662 390 469 497 413 501 730 535 396
10 681 488 923 909 749 307 951 514 826 144 719 845 995 835 938 1045 111 785 957 730 515 690 349 885 546 1022 318 540 388 439 743 1017 569 759 1073
11 654 724 928 519 917 960 254 765 507 275 547 826 613 904 155 581 194 566 349 741 648 666 259 348 879 240 617 970 632 951 276 843 552 397 869
12 439 543 614 522 254 726 759 653 796 337 284 159 556 424 643 340 213 528 789 163 727 440 631 394 193 369 841 567 752 705 306 793 555 210 60
13 350 235 379 241 156 451 420 453 431 402 271 491 392 291 275 412 478 279 472 333 506 132 250 439 190 177 294 333 470 226 100 504 440 396 132
14 779 900 184 613 985 1181 243 236 1220 1043 605 822 425 292 932 969 1162 850 1179 819 1069 1220 133 859 958 685 1227 1032 375 913 1086 575 776 1213 1206
15 846 1090 1081 697 852 520 782 639 864 1118 290 893 199 504 626 1113 1075 295 1078 825 978 661 616 1062 207 862 1039 639 720 977 881 798 377 1108 103
16 593 549 273 311 621 102 378 411 434 587 488 480 162 496 466 354 607 459 659 320 486 618 349 556 359 670 632 385 190 588 648 595 606 663 655
17 320 972 354 633 94 737 1006 342 1064 581 534 1013 278 301 868 136 285 791 964 940 689 1030 273 899 1041 1017 504 819 705 500 979 1008 639 855 398
18 588 659 748 832 969 805 718 566 730 611 651 695 689 932 1017 1004 778 480 404 482 777 1023 886 1045 520 900 602 486 966 922 628 101 868 1054 146
19 424 1185 717 1224 504 444 181 750 1059 1134 1201 766 1096 1161 829 1117 924 417 555 464 739 1142 1092 1219 932 922 351 800 888 1239 991 841 1119 747 1216
20 150 171 41 180 85 177 165 161 125 164 160 92 86 31 132 163 73 92 67 173 186 78 131 118 120 181 160 170 178 144 44 39 165 159 162
;

param:   cost_bundl  marginal :=
1 169 166
2 178 142
3 135 147
4 126 177
5 174 134
6 159 94
7 184 149
8 110 35
9 162 148
10 187 167
11 185 180
12 56 178
13 129 115
14 109 170
15 63 119
16 36 99
17 174 181
18 94 151
19 97 148
20 137 105
21 178 77
22 94 184
23 130 98
24 113 186
25 91 183
26 121 174
27 162 47
28 137 161
29 109 155
30 121 180
31 61 109
32 134 151
33 122 113
34 143 133
35 80 102
;
param: buyer budget :=
  0 387
  1 1928
  2 116
  3 468
  4 1835
  5 1861
  6 664
  7 2235
  8 47
  9 1931
  10 1273
  11 1255
  12 2078
  13 60
  14 418
  15 829
  16 2471
  17 1659
  18 471
  19 2053
;
param num_partition :=
3
;
param: item partition_index cardinality :=
0 0 9
1 0 12
2 0 8
3 0 4
4 0 8
5 0 3
6 0 11
7 0 18
8 0 1
9 0 18
10 0 2
11 0 3
12 0 15
13 0 4
14 0 7
15 0 4
16 0 11
17 0 3
18 0 2
19 0 12
20 0 14
21 0 13
22 0 6
23 0 9
24 0 18
25 0 3
26 0 6
27 1 13
28 1 18
29 1 14
30 1 10
31 1 11
32 1 6
33 1 9
34 1 1
