param num_bundles := 35;

param num_cust := 20;

param price_reserve :
   1 2 3 4 5 6 7 8 9 10 11 12 13 14 15 16 17 18 19 20 21 22 23 24 25 26 27 28 29 30 31 32 33 34 35 :=
1 719 297 997 330 461 328 1013 1020 780 931 780 982 943 648 596 647 735 769 968 463 733 948 1037 879 943 816 687 772 1049 894 309 173 726 888 997
2 329 686 822 622 675 954 728 404 1056 1021 1061 699 603 455 566 324 688 459 560 780 373 1119 835 970 793 368 607 181 699 969 1039 1017 788 736 986
3 938 403 852 1076 815 1106 306 185 1092 698 827 379 1011 552 905 497 866 866 1171 162 583 579 1034 536 784 1065 372 922 808 989 920 108 1141 1087 1180
4 920 1000 813 988 414 932 565 849 575 1015 950 1074 565 671 518 524 1104 268 225 802 1020 778 1054 983 694 813 1116 983 812 667 633 1008 538 945 480
5 499 676 903 664 382 949 159 492 831 517 731 465 713 574 767 780 342 894 449 449 271 702 680 760 583 928 924 612 539 830 921 817 740 799 483
6 236 445 384 536 537 470 535 431 106 214 379 525 490 552 281 530 111 365 446 427 494 465 561 395 449 458 348 168 311 352 380 423 534 328 58
7 596 328 600 257 345 460 525 222 601 240 639 500 247 377 488 406 186 377 579 496 428 597 621 544 624 458 474 430 590 232 613 421 434 467 434
8 343 437 824 188 728 481 755 627 633 352 427 728 793 799 730 390 471 576 442 631 494 474 145 671 419 811 779 524 765 748 657 350 639 802 787
9 798 1179 509 269 929 1030 841 1254 1178 618 122 751 1008 826 729 658 403 675 1009 1173 766 809 982 1095 567 1006 1137 1042 1204 87 665 1043 677 992 183
10 508 909 851 475 768 931 797 468 692 123 518 596 829 543 844 679 793 730 823 667 558 652 893 775 732 683 546 333 749 295 860 554 812 713 214
11 665 579 1023 1084 977 600 748 396 655 755 1012 215 1064 758 1130 594 712 919 478 808 916 1176 925 516 1170 1004 1078 537 457 56 1122 247 1067 956 969
12 134 121 81 58 180 77 146 79 109 120 123 115 158 129 132 32 121 70 134 132 162 166 96 62 107 181 98 49 89 76 40 150 108 115 171
13 616 516 298 331 405 549 249 207 311 388 585 587 680 601 675 352 651 551 530 502 652 275 232 371 485 528 595 248 587 366 636 158 586 209 559
14 293 214 437 666 542 269 299 614 548 617 360 569 528 354 463 280 145 347 618 640 550 165 424 91 421 525 336 216 449 173 506 518 514 427 215
15 768 761 618 1006 593 1081 1121 653 883 949 1051 842 1002 717 997 852 663 1029 1030 565 182 272 282 931 131 616 884 784 996 1136 932 651 598 882 1051
16 603 812 590 377 625 724 856 762 645 744 555 859 737 604 369 861 429 598 841 75 803 380 147 720 523 111 683 251 667 416 480 794 695 457 855
17 603 618 198 776 266 705 517 729 787 775 489 278 364 663 437 149 681 678 271 784 734 813 612 470 745 669 520 552 794 784 538 591 326 730 754
18 1098 1053 871 1080 216 1066 961 859 1198 866 344 909 1140 205 1130 1169 1203 760 279 421 1072 579 424 945 954 990 1127 1023 1030 1171 945 1013 509 654 671
19 394 801 1039 1101 989 579 143 832 1074 711 460 885 1244 836 972 1110 747 1238 537 1018 872 1091 784 1118 1266 1032 279 1092 880 1190 1267 852 208 1159 991
20 196 763 296 469 145 521 453 556 793 495 414 404 754 798 664 298 386 628 754 371 586 617 460 614 721 342 821 732 483 783 440 659 602 721 753
;

param:   cost_bundl  marginal :=
1 178 170
2 131 186
3 125 93
4 130 86
5 118 152
6 139 60
7 159 87
8 39 112
9 174 149
10 99 139
11 184 123
12 173 132
13 163 162
14 121 179
15 184 132
16 160 71
17 89 138
18 165 158
19 0 155
20 145 159
21 181 155
22 137 43
23 86 28
24 124 164
25 148 112
26 99 150
27 80 56
28 178 87
29 155 65
30 17 116
31 108 165
32 106 122
33 31 51
34 127 170
35 176 152
;
param: buyer budget :=
  0 1246
  1 1663
  2 1619
  3 435
  4 1471
  5 443
  6 881
  7 602
  8 1956
  9 189
  10 2039
  11 2478
  12 407
  13 2080
  14 2294
  15 1998
  16 1143
  17 1084
  18 1479
  19 674
;
param num_partition :=
3
;
param: item partition_index cardinality :=
0 0 8
1 0 12
2 0 9
3 0 9
4 0 16
5 0 13
6 0 19
7 0 14
8 0 11
9 0 16
10 0 13
11 0 15
12 0 19
13 0 19
14 0 17
15 0 3
16 0 9
17 0 12
18 0 1
19 0 9
20 0 14
21 0 7
22 0 8
23 0 5
24 0 17
25 1 13
26 1 4
27 1 2
28 1 2
29 1 2
30 1 13
31 1 6
32 1 8
33 1 18
34 1 14
