param num_bundles := 35;

param num_cust := 20;

param price_reserve :
   1 2 3 4 5 6 7 8 9 10 11 12 13 14 15 16 17 18 19 20 21 22 23 24 25 26 27 28 29 30 31 32 33 34 35 :=
1 813 723 715 561 437 691 771 865 505 1096 864 331 963 657 1081 243 772 960 966 840 904 706 1101 201 667 912 997 1019 572 875 1069 805 646 1026 482
2 339 559 397 456 203 530 525 473 411 466 500 542 356 195 486 207 482 477 330 261 487 475 475 356 395 406 94 551 348 285 556 409 331 346 337
3 686 585 198 235 225 528 457 247 344 341 709 531 582 325 450 615 554 618 716 666 500 205 544 677 345 595 670 738 578 624 643 402 302 528 158
4 450 206 465 495 301 44 283 483 177 423 467 306 460 420 258 483 277 443 505 187 447 107 457 460 276 471 501 169 149 498 496 450 292 209 360
5 981 480 605 1033 515 787 716 444 989 1023 586 908 838 475 95 1051 815 584 536 744 520 993 826 321 463 354 662 463 625 355 1005 471 466 969 1059
6 99 226 348 355 166 194 356 229 318 334 318 297 319 305 234 330 113 350 193 370 121 289 231 296 231 102 228 168 326 363 167 301 161 242 252
7 464 491 570 736 291 165 646 150 670 452 722 643 208 373 858 475 809 325 812 860 837 768 440 685 674 787 717 310 455 680 657 849 616 420 488
8 810 405 708 670 779 866 628 1009 761 628 982 611 501 584 1033 834 257 896 883 550 1043 733 862 784 578 1025 764 853 727 661 764 466 1010 985 898
9 684 1194 1081 1048 960 997 962 1001 669 980 511 982 833 991 890 687 512 283 496 1066 547 981 842 631 587 840 779 712 722 593 1147 946 563 737 728
10 857 1055 360 362 504 999 847 1238 843 602 1011 950 889 769 207 689 515 595 1130 645 1090 1021 300 1224 615 454 1185 1265 947 1184 458 668 792 781 677
11 760 600 777 367 226 430 507 0 658 320 664 579 651 714 564 769 763 365 367 199 417 552 216 572 627 499 452 560 605 263 508 682 70 700 561
12 656 434 1133 1121 692 1069 467 905 1022 632 1110 733 798 300 347 884 924 624 957 298 852 395 428 1039 935 907 410 581 622 1077 797 635 1104 940 884
13 82 1174 467 760 777 423 586 655 632 556 425 1134 1068 962 1048 472 573 510 553 1060 801 1005 1165 713 359 313 621 677 981 393 927 357 230 484 742
14 357 651 365 307 652 237 666 336 361 226 487 448 545 628 552 549 214 427 553 442 435 332 267 521 227 604 657 521 81 212 289 554 126 370 515
15 1136 822 134 1191 171 1041 1139 1155 264 690 930 872 1209 697 516 667 450 1125 1135 771 1197 701 650 753 573 1099 1142 973 554 464 1080 409 863 304 1103
16 470 512 621 535 468 611 189 242 512 387 532 131 483 413 314 593 441 489 552 256 532 646 444 633 607 651 528 359 605 613 417 105 317 572 679
17 775 764 556 660 806 898 361 208 429 708 726 628 371 235 483 125 551 764 788 665 553 772 892 738 562 739 803 586 459 647 711 422 845 803 870
18 736 635 385 808 695 747 521 550 752 447 903 712 730 522 901 585 135 255 872 783 496 116 646 582 633 364 571 712 824 479 884 762 903 725 289
19 768 582 567 542 792 189 700 470 433 658 464 469 579 474 634 621 628 365 800 567 791 757 686 491 680 804 128 741 52 588 798 78 547 288 604
20 609 652 472 733 766 359 719 428 516 732 292 236 643 518 705 674 534 598 496 585 418 753 689 646 58 700 742 755 749 268 477 351 670 431 579
;

param:   cost_bundl  marginal :=
1 70 40
2 109 107
3 122 82
4 170 150
5 169 147
6 55 80
7 137 166
8 154 117
9 162 173
10 120 108
11 155 175
12 101 120
13 23 171
14 140 40
15 122 180
16 155 129
17 151 180
18 164 141
19 8 164
20 153 120
21 103 153
22 122 178
23 75 113
24 169 164
25 30 107
26 93 168
27 143 61
28 141 116
29 112 134
30 186 79
31 108 176
32 150 45
33 122 138
34 162 121
35 125 182
;
param: buyer budget :=
  0 2296
  1 543
  2 1717
  3 647
  4 605
  5 1677
  6 1987
  7 1488
  8 1667
  9 1707
  10 1352
  11 2363
  12 1925
  13 881
  14 101
  15 134
  16 1980
  17 718
  18 1995
  19 1816
;
param num_partition :=
3
;
param: item partition_index cardinality :=
0 0 9
1 0 7
2 0 11
3 0 2
4 0 1
5 0 3
6 0 14
7 0 18
8 0 12
9 0 14
10 0 11
11 1 6
12 1 2
13 1 15
14 1 17
15 1 9
16 1 2
17 1 6
18 1 6
19 1 9
20 1 17
21 1 5
22 1 12
23 1 3
24 1 10
25 1 1
26 1 10
27 1 11
28 1 15
29 1 3
30 1 13
31 1 2
32 1 11
33 1 17
34 1 11
