param num_bundles := 35;

param num_cust := 20;

param price_reserve :
   1 2 3 4 5 6 7 8 9 10 11 12 13 14 15 16 17 18 19 20 21 22 23 24 25 26 27 28 29 30 31 32 33 34 35 :=
1 692 959 807 1066 280 1118 605 968 353 882 864 968 1085 1050 1173 484 1045 696 599 257 933 788 1179 571 1099 618 685 350 969 870 897 906 813 864 1173
2 797 1012 456 997 285 829 626 974 1050 1063 940 953 386 841 669 1006 1042 209 1047 1016 962 993 814 847 1058 424 469 833 275 544 577 875 767 897 218
3 144 976 924 838 61 659 499 782 496 233 800 686 791 773 712 489 338 963 986 828 378 480 767 332 1044 583 300 639 576 691 600 1099 681 893 759
4 187 582 308 576 412 489 135 590 544 374 514 455 232 416 394 142 550 346 368 418 451 256 381 422 573 403 518 481 548 538 495 546 201 588 355
5 915 639 352 744 976 1032 913 859 973 866 380 823 797 853 898 917 788 385 218 455 628 316 765 978 820 1043 671 405 912 526 923 850 843 563 631
6 514 663 622 530 432 429 662 506 488 645 623 596 418 488 420 503 454 561 351 588 670 495 644 534 220 637 630 613 703 349 617 707 670 621 444
7 973 945 643 978 982 574 995 683 1003 725 940 863 831 425 992 517 831 652 931 932 826 1052 552 934 693 913 349 624 250 392 941 936 802 310 991
8 834 595 426 796 135 640 371 1022 721 396 883 786 927 1056 548 908 1081 713 337 679 873 824 318 897 945 777 563 1049 1008 1173 1123 1044 168 1111 69
9 545 644 533 256 492 388 379 427 465 604 437 525 112 596 638 576 508 441 147 554 512 525 216 466 213 486 555 520 37 321 602 415 611 127 438
10 230 373 217 361 125 322 145 71 218 305 313 158 47 245 229 232 293 183 137 254 336 348 370 272 225 192 316 322 211 213 345 146 231 314 28
11 1171 130 896 1031 390 291 1087 581 931 680 517 750 405 1000 726 613 267 878 375 340 723 518 382 658 418 155 949 699 1061 1109 918 316 392 863 786
12 81 940 1005 740 449 829 956 294 578 728 892 253 996 775 757 291 969 938 611 710 521 540 421 772 93 969 714 360 537 1016 707 436 812 256 739
13 461 551 271 301 373 446 262 506 295 400 404 494 546 541 547 398 495 412 376 208 198 537 487 501 536 330 377 204 133 246 192 97 437 149 543
14 1066 809 1065 820 796 633 471 923 902 369 669 553 583 1035 1009 214 621 598 837 733 1038 463 815 223 851 265 680 679 941 272 777 1007 779 382 397
15 712 361 792 423 961 246 106 720 604 624 514 795 306 471 689 941 444 950 937 955 645 942 421 981 849 960 709 431 490 659 733 887 1004 893 972
16 966 214 721 595 659 415 679 186 912 904 600 477 938 860 780 457 668 923 138 269 320 234 775 561 344 765 352 733 697 832 890 964 929 819 739
17 1203 698 1108 886 602 545 309 1098 426 677 1188 1078 637 1030 958 720 670 767 765 416 732 455 1159 864 1134 706 1078 913 337 340 1025 903 524 725 1187
18 244 360 469 477 394 432 202 326 234 418 356 358 415 331 281 348 331 410 304 500 449 313 493 127 48 352 479 184 174 357 368 25 232 502 314
19 780 817 707 745 797 465 379 230 604 406 680 188 670 775 270 232 529 311 810 447 488 824 649 287 274 794 616 774 693 447 126 317 600 658 800
20 802 588 814 630 788 401 600 431 698 129 272 470 728 106 634 286 517 21 587 536 542 355 489 844 560 788 381 750 627 760 610 821 791 349 427
;

param:   cost_bundl  marginal :=
1 175 137
2 148 28
3 163 181
4 82 177
5 155 145
6 110 163
7 58 131
8 134 166
9 158 159
10 150 93
11 91 26
12 122 136
13 91 87
14 25 92
15 108 92
16 178 179
17 101 180
18 135 88
19 72 181
20 140 56
21 36 171
22 161 127
23 106 123
24 40 109
25 105 177
26 149 175
27 87 120
28 114 92
29 144 74
30 187 148
31 127 7
32 151 107
33 94 118
34 38 166
35 73 123
;
param: buyer budget :=
  0 553
  1 2253
  2 643
  3 1055
  4 866
  5 681
  6 360
  7 236
  8 88
  9 1189
  10 87
  11 1983
  12 381
  13 51
  14 114
  15 810
  16 544
  17 1573
  18 322
  19 563
;
param num_partition :=
3
;
param: item partition_index cardinality :=
0 0 10
1 0 18
2 0 4
3 0 9
4 0 3
5 0 4
6 0 19
7 0 17
8 0 2
9 0 12
10 1 9
11 1 9
12 1 19
13 1 1
14 1 6
15 1 15
16 1 8
17 1 18
18 1 14
19 1 1
20 1 12
21 1 16
22 1 15
23 1 11
24 1 4
25 1 1
26 1 17
27 1 11
28 1 16
29 1 4
30 1 12
31 1 17
32 1 3
33 1 1
34 1 8
