param num_bundles := 35;

param num_cust := 20;

param price_reserve :
   1 2 3 4 5 6 7 8 9 10 11 12 13 14 15 16 17 18 19 20 21 22 23 24 25 26 27 28 29 30 31 32 33 34 35 :=
1 720 726 473 247 957 735 552 637 1000 971 708 759 764 574 800 896 571 614 970 811 837 677 665 851 771 1022 1023 696 136 693 628 966 351 458 958
2 270 750 904 189 667 171 957 661 879 537 503 867 651 589 941 362 850 809 940 511 668 591 933 144 799 740 902 834 64 763 569 286 558 850 330
3 876 611 695 797 784 794 986 311 856 998 716 631 913 906 828 996 728 784 708 840 702 344 897 335 694 939 712 928 900 770 662 305 969 527 534
4 170 756 881 798 389 426 683 216 761 1012 168 611 0 1141 699 444 969 770 546 803 1033 876 1075 808 548 600 1080 1037 1120 1009 1026 972 552 613 630
5 392 202 219 361 386 384 399 92 215 396 309 207 394 323 411 257 298 330 295 100 431 264 389 123 293 287 139 267 75 220 319 252 313 387 342
6 925 769 378 295 732 891 893 916 944 875 124 731 429 488 732 564 625 744 507 796 461 883 907 191 550 715 914 863 910 708 958 307 783 984 974
7 336 807 624 525 646 803 103 251 354 664 743 601 505 633 786 715 728 802 589 678 598 767 754 431 755 779 419 658 306 289 565 195 382 572 636
8 607 20 684 573 694 472 669 629 559 571 643 278 576 576 515 347 492 696 316 497 415 503 587 682 412 243 438 449 706 715 284 295 262 680 172
9 811 150 804 254 563 742 772 765 271 630 506 582 739 525 684 516 586 808 297 744 397 298 488 709 535 757 801 754 423 480 674 243 505 292 507
10 124 679 350 800 482 603 831 566 768 685 738 258 586 148 658 786 570 623 203 540 598 551 801 436 700 564 827 738 680 306 653 250 799 744 360
11 652 827 1001 964 844 744 1018 914 703 927 835 944 621 460 237 1071 343 1058 888 746 831 635 556 686 862 667 564 282 903 993 467 384 781 1018 1029
12 839 631 876 657 612 820 871 820 814 149 132 435 931 783 930 540 290 794 744 690 771 305 868 353 879 844 783 795 566 849 245 480 924 785 925
13 831 1060 287 503 733 1066 797 824 273 1081 894 827 830 379 970 1054 617 1138 890 713 659 153 1073 868 778 683 539 492 1025 381 891 426 956 290 1028
14 573 643 804 567 990 900 366 1026 575 593 810 1039 700 900 671 582 879 797 518 847 1061 320 820 360 1010 1020 435 776 1009 448 766 415 310 575 59
15 1228 593 383 699 946 1122 762 92 818 947 988 743 594 852 727 303 484 80 393 1110 1009 459 921 1171 774 471 1111 839 546 1105 362 777 972 1114 817
16 819 151 794 528 766 577 480 771 570 796 671 732 641 320 663 832 517 528 467 748 76 276 737 278 702 613 189 667 682 622 339 385 375 702 278
17 846 741 1064 269 243 152 822 1076 590 323 410 798 596 729 392 973 1072 853 553 373 1041 1063 670 907 888 952 728 915 498 843 774 526 1045 585 730
18 341 234 227 259 270 293 333 310 405 439 366 391 295 399 293 444 105 357 280 258 303 235 384 184 326 338 408 409 397 416 386 403 74 195 285
19 950 792 968 526 646 566 789 834 761 1055 865 847 525 592 1131 880 876 1151 632 884 1065 772 1168 366 730 616 868 417 412 778 1038 1003 913 947 1014
20 665 569 751 715 135 524 665 647 609 648 616 258 691 447 721 625 733 690 393 543 687 756 717 325 701 363 156 716 150 751 532 733 422 151 647
;

param:   cost_bundl  marginal :=
1 58 144
2 119 97
3 164 53
4 156 27
5 90 115
6 69 105
7 64 182
8 134 176
9 170 85
10 57 156
11 135 45
12 165 89
13 159 102
14 123 162
15 101 61
16 111 45
17 140 138
18 181 156
19 171 173
20 82 127
21 168 154
22 147 154
23 128 165
24 115 175
25 140 167
26 172 125
27 146 72
28 139 138
29 149 93
30 54 167
31 135 135
32 158 102
33 97 174
34 165 109
35 181 167
;
param: buyer budget :=
  0 1765
  1 1276
  2 1304
  3 1098
  4 1056
  5 2193
  6 1366
  7 1881
  8 713
  9 188
  10 1610
  11 2103
  12 1992
  13 1812
  14 1269
  15 346
  16 470
  17 1130
  18 2350
  19 305
;
param num_partition :=
3
;
param: item partition_index cardinality :=
0 0 17
1 0 15
2 0 11
3 0 15
4 0 11
5 0 4
6 0 14
7 0 5
8 0 14
9 0 17
10 0 17
11 0 3
12 0 6
13 0 6
14 0 18
15 0 6
16 0 16
17 0 12
18 0 3
19 1 5
20 1 13
21 1 7
22 1 3
23 1 3
24 1 11
25 1 4
26 1 5
27 1 7
28 1 6
29 1 8
30 1 13
31 1 2
32 1 12
33 1 10
34 1 6
