param num_bundles := 35;

param num_cust := 20;

param price_reserve :
   1 2 3 4 5 6 7 8 9 10 11 12 13 14 15 16 17 18 19 20 21 22 23 24 25 26 27 28 29 30 31 32 33 34 35 :=
1 633 623 1248 870 416 869 344 577 803 618 1009 1199 1095 1124 1043 1034 891 859 157 1181 1059 961 962 1047 972 609 343 1224 609 918 1228 1259 1045 1096 607
2 701 668 901 454 405 795 703 374 611 513 465 954 829 708 932 392 832 44 889 633 940 896 813 390 537 918 875 781 763 805 790 841 787 396 932
3 604 427 319 589 353 541 179 312 298 600 351 421 585 550 622 515 482 467 424 601 481 224 439 378 303 156 498 491 558 222 589 153 309 395 389
4 658 361 1155 387 965 576 1073 726 954 1067 709 937 93 589 751 687 824 1005 1006 689 1030 1035 751 626 280 835 1103 319 1049 585 471 1184 298 655 945
5 280 782 737 868 571 918 1057 1071 959 687 1044 963 1230 760 1029 833 875 362 1218 1193 1060 885 676 794 1185 793 734 982 1177 196 860 639 880 1230 1076
6 643 687 754 826 884 356 856 806 672 813 725 630 873 470 823 836 702 902 392 904 475 576 640 793 688 826 506 687 667 551 519 446 831 923 519
7 937 542 1034 647 476 984 646 549 1066 1058 567 711 457 622 772 62 1076 1032 731 1085 647 743 1024 854 1013 988 469 584 237 710 723 1038 641 629 866
8 489 936 566 848 723 715 834 349 494 239 956 611 825 874 541 801 612 919 550 339 744 748 545 1055 709 711 714 292 1050 873 965 866 929 275 393
9 705 978 888 857 611 861 935 536 669 457 833 718 713 312 674 445 377 968 862 641 744 530 803 832 387 526 852 525 880 915 831 385 782 911 408
10 662 638 602 178 514 235 589 513 136 667 407 357 256 438 504 174 460 688 546 293 644 414 502 462 211 580 412 585 531 533 363 267 237 291 507
11 589 637 501 177 588 438 596 495 488 521 349 313 657 651 243 143 426 206 552 506 540 635 616 195 253 383 304 572 550 514 444 174 555 389 364
12 941 685 916 1232 930 1041 736 657 1185 1081 941 1146 1087 203 1175 488 730 903 808 362 51 884 618 1220 441 576 1014 879 732 272 454 672 1181 879 838
13 253 562 593 465 576 553 220 58 555 557 236 331 395 198 481 324 446 390 582 336 400 476 438 174 278 174 405 307 281 542 279 149 561 558 485
14 366 662 689 606 807 737 595 212 885 803 783 677 800 780 808 465 841 812 649 891 578 710 871 867 903 728 777 360 462 487 784 491 488 880 248
15 1128 903 779 261 346 1158 552 1038 892 987 1176 1137 1130 827 898 1158 1153 1142 1012 220 1108 708 888 1065 775 1174 196 878 430 967 936 1022 588 997 933
16 721 626 761 810 704 897 248 974 1074 691 977 598 135 239 370 719 505 880 798 806 604 556 1105 884 807 972 256 552 955 499 1101 954 964 1107 752
17 900 1099 946 1057 959 454 1116 418 897 989 839 885 580 447 1197 1144 602 278 957 969 615 915 616 890 924 1208 1041 527 1051 891 650 926 1136 647 1143
18 102 784 187 581 352 682 648 522 873 842 725 414 764 708 397 781 865 361 665 877 556 681 435 288 767 629 787 847 800 886 395 186 258 656 442
19 958 859 1016 581 643 789 515 987 976 714 613 1054 832 965 336 997 615 634 1064 725 376 677 444 362 634 226 920 449 1068 882 418 773 1057 736 864
20 640 561 89 581 559 235 603 460 562 216 365 483 415 595 449 633 474 603 531 644 420 574 358 271 367 168 376 602 577 636 172 604 454 552 157
;

param:   cost_bundl  marginal :=
1 162 107
2 168 171
3 63 172
4 166 127
5 117 156
6 147 64
7 110 173
8 180 71
9 70 157
10 167 183
11 94 182
12 153 127
13 85 109
14 139 123
15 95 105
16 55 85
17 98 114
18 130 96
19 150 181
20 139 151
21 114 149
22 86 141
23 181 78
24 134 59
25 164 39
26 140 150
27 21 32
28 148 86
29 123 84
30 83 173
31 178 166
32 150 59
33 149 139
34 127 60
35 156 173
;
param: buyer budget :=
  0 1089
  1 1911
  2 1272
  3 1599
  4 1040
  5 1988
  6 1027
  7 1752
  8 946
  9 1663
  10 2435
  11 1894
  12 1998
  13 1525
  14 388
  15 2361
  16 2122
  17 1352
  18 1633
  19 276
;
param num_partition :=
3
;
param: item partition_index cardinality :=
0 0 12
1 0 10
2 0 18
3 0 10
4 0 18
5 0 18
6 0 6
7 0 15
8 0 4
9 0 3
10 0 9
11 0 2
12 1 9
13 1 1
14 1 9
15 1 10
16 1 13
17 1 14
18 1 3
19 1 11
20 1 5
21 1 12
22 1 15
23 1 4
24 1 12
25 1 8
26 1 10
27 1 9
28 1 19
29 1 6
30 1 15
31 1 10
32 1 8
33 1 10
34 1 18
