param num_bundles := 35;

param num_cust := 20;

param price_reserve :
   1 2 3 4 5 6 7 8 9 10 11 12 13 14 15 16 17 18 19 20 21 22 23 24 25 26 27 28 29 30 31 32 33 34 35 :=
1 140 156 87 111 179 136 100 92 175 97 16 145 183 83 175 166 173 136 186 135 157 167 165 35 137 105 90 104 11 167 158 101 183 173 142
2 714 570 273 436 592 673 526 400 654 459 716 510 244 574 446 692 359 579 723 719 642 287 260 648 137 489 225 675 508 758 464 755 301 732 202
3 107 147 161 160 112 121 131 151 66 108 123 132 139 93 175 54 26 175 118 145 181 133 51 75 129 136 166 86 168 186 30 84 76 138 103
4 851 603 797 772 679 628 597 671 764 685 411 280 581 905 686 745 524 373 714 568 892 477 787 789 871 886 726 882 110 628 685 427 596 687 595
5 500 544 728 721 591 473 755 216 540 789 763 654 333 377 70 769 795 554 436 730 296 666 81 574 433 796 560 496 801 637 496 795 189 495 622
6 576 420 908 655 767 515 950 405 303 953 622 793 939 613 944 592 471 784 836 973 828 936 462 552 766 59 440 843 470 445 435 572 923 775 590
7 928 738 188 907 850 718 938 404 913 244 853 300 849 477 966 693 831 611 859 199 573 326 216 496 833 762 1025 947 854 654 1037 811 1017 908 649
8 744 813 1046 427 1168 628 894 482 637 893 744 644 886 507 648 495 971 1013 1199 708 972 946 233 1005 738 1239 1174 568 1043 965 1140 1041 1153 993 267
9 86 584 591 534 433 339 276 414 567 504 411 270 342 532 224 362 347 99 105 449 592 145 340 424 277 425 241 351 144 289 570 459 347 185 512
10 623 1150 748 1171 498 1261 569 805 306 318 943 986 727 557 1177 935 893 353 1008 930 896 689 1148 556 954 384 787 848 1131 711 428 214 919 1226 1026
11 574 700 857 788 658 349 904 482 661 669 866 484 894 532 489 865 833 781 82 904 359 950 394 812 593 627 767 942 214 744 541 637 942 830 863
12 545 323 525 344 168 428 532 529 300 502 555 281 376 364 415 536 332 534 417 276 404 459 211 299 524 411 490 220 387 507 492 480 419 318 28
13 1101 645 641 861 778 624 1061 998 1027 799 802 902 393 857 876 26 1091 589 953 253 367 533 601 823 1074 866 582 838 990 692 623 944 963 565 854
14 675 480 497 696 670 98 529 598 134 202 544 238 502 653 19 671 689 721 589 401 796 597 438 826 362 834 733 411 207 829 622 374 783 530 679
15 771 950 463 1058 777 360 489 445 944 975 343 893 920 984 1039 286 909 440 868 995 786 772 854 881 211 853 454 417 1025 186 239 772 897 981 693
16 960 1076 69 169 522 365 1088 960 546 1006 1098 1059 392 913 891 792 1038 1072 1052 711 652 658 296 530 1088 1086 969 468 435 1076 675 692 638 816 903
17 945 947 947 755 148 819 695 377 906 583 895 914 485 864 823 221 569 701 514 680 836 406 727 278 679 361 458 322 351 956 915 516 542 530 573
18 293 484 428 293 600 562 564 405 540 418 581 542 264 598 256 374 498 449 557 507 212 318 570 429 597 130 265 151 293 495 113 448 592 120 213
19 846 826 405 562 1114 988 934 1100 729 645 941 790 387 742 704 936 194 1025 781 829 1083 591 985 917 904 902 912 1022 980 532 466 521 203 797 733
20 60 148 111 151 117 183 133 112 148 158 71 138 163 185 152 144 176 82 152 182 97 174 164 83 149 177 67 108 137 182 112 68 180 173 183
;

param:   cost_bundl  marginal :=
1 74 121
2 150 118
3 164 180
4 99 72
5 26 170
6 165 154
7 170 84
8 157 160
9 152 60
10 168 91
11 172 82
12 103 185
13 116 37
14 61 66
15 186 96
16 136 19
17 47 74
18 151 136
19 171 93
20 53 71
21 50 148
22 170 138
23 114 158
24 107 122
25 77 179
26 31 118
27 184 186
28 99 60
29 103 157
30 86 95
31 71 167
32 93 171
33 176 117
34 147 131
35 119 79
;
param: buyer budget :=
  0 890
  1 1072
  2 1698
  3 37
  4 107
  5 1701
  6 1461
  7 2503
  8 1215
  9 648
  10 1274
  11 2499
  12 2051
  13 1402
  14 1218
  15 1746
  16 1194
  17 2476
  18 1217
  19 1165
;
param num_partition :=
3
;
param: item partition_index cardinality :=
0 0 5
1 0 19
2 0 8
3 0 8
4 0 10
5 0 18
6 0 6
7 0 5
8 0 3
9 0 15
10 0 13
11 0 7
12 0 10
13 0 11
14 0 10
15 0 9
16 0 14
17 0 3
18 0 19
19 0 5
20 0 17
21 0 15
22 0 4
23 0 8
24 0 8
25 0 12
26 0 18
27 0 12
28 0 18
29 0 10
30 0 10
31 0 8
32 1 2
33 1 11
34 1 8
