param num_bundles := 25;

param num_cust := 20;

param price_reserve :
   1 2 3 4 5 6 7 8 9 10 11 12 13 14 15 16 17 18 19 20 21 22 23 24 25 :=
1 595 453 527 752 469 637 700 806 433 822 603 378 202 485 726 452 366 409 320 343 822 556 486 559 593
2 572 683 581 340 327 403 551 695 208 652 388 696 587 380 519 647 661 311 478 417 269 591 305 263 563
3 593 117 807 652 637 495 132 621 415 750 728 597 631 438 476 604 546 759 417 415 287 488 839 707 332
4 252 382 309 375 336 311 293 59 205 372 193 296 343 341 228 377 362 204 406 314 187 362 417 227 396
5 81 117 31 28 111 129 123 152 123 108 123 144 4 99 119 91 112 113 155 157 117 20 87 68 105
6 23 95 66 51 143 153 133 147 91 120 145 89 124 68 81 141 130 146 154 71 141 95 130 47 21
7 770 607 165 112 516 814 373 614 732 603 802 817 632 753 701 850 159 771 820 510 586 748 742 610 664
8 186 176 185 322 333 348 315 306 175 376 124 354 306 282 378 376 239 206 358 349 190 114 307 207 352
9 517 433 768 331 837 799 525 826 885 838 781 210 505 205 896 783 145 587 811 789 507 846 865 315 298
10 616 152 754 818 95 100 786 622 251 726 871 278 769 581 804 796 579 661 796 194 631 586 806 791 699
11 237 334 207 174 256 130 179 223 181 346 174 370 315 369 370 327 366 196 240 340 228 277 219 242 227
12 577 300 643 392 629 610 596 446 281 605 584 185 562 625 360 637 436 353 512 630 561 564 209 81 430
13 561 566 307 389 160 355 345 575 423 479 105 498 560 260 536 577 407 389 448 603 416 430 311 273 528
14 694 166 482 205 169 531 369 601 576 119 254 462 639 714 598 699 152 693 688 252 714 222 733 461 367
15 250 432 339 386 358 242 451 327 400 302 261 460 351 340 474 421 256 428 352 458 430 336 191 269 446
16 299 274 369 307 529 541 167 381 167 292 546 276 574 254 471 385 239 544 398 417 481 453 357 332 237
17 854 265 477 676 809 820 858 424 582 588 761 316 580 432 715 787 796 439 738 631 492 789 795 641 602
18 767 822 493 285 688 545 694 871 799 674 822 709 206 386 849 862 848 370 860 872 788 844 578 813 469
19 706 723 443 778 428 852 925 624 658 325 694 817 667 410 830 912 741 657 923 538 872 396 869 823 130
20 356 144 661 578 683 696 630 474 623 551 122 313 659 635 304 258 656 531 496 552 447 361 620 720 136
;

param:   cost_bundl  marginal :=
1 79 96
2 55 114
3 112 156
4 51 143
5 50 156
6 91 146
7 34 102
8 95 94
9 74 125
10 87 135
11 41 29
12 53 154
13 48 125
14 105 92
15 113 100
16 36 128
17 78 66
18 113 59
19 89 87
20 68 130
21 145 39
22 152 157
23 91 118
24 116 91
25 102 145
;
param: buyer budget :=
  0 1557
  1 80
  2 895
  3 1390
  4 1658
  5 2035
  6 812
  7 140
  8 1599
  9 1068
  10 605
  11 2502
  12 2567
  13 816
  14 643
  15 51
  16 1910
  17 2308
  18 2122
  19 755
;
param num_partition :=
4
;
param: item partition_index cardinality :=
0 0 4
1 0 17
2 0 16
3 0 19
4 0 3
5 0 13
6 0 12
7 0 15
8 0 14
9 0 11
10 0 3
11 0 11
12 0 15
13 0 1
14 0 11
15 0 14
16 0 18
17 0 8
18 0 15
19 0 18
20 0 5
21 0 1
20 2 5
21 2 1
22 2 19
23 2 3
24 2 9
