param num_bundles := 25;

param num_cust := 20;

param price_reserve :
   1 2 3 4 5 6 7 8 9 10 11 12 13 14 15 16 17 18 19 20 21 22 23 24 25 :=
1 766 672 753 789 767 723 410 735 512 820 545 205 870 637 724 845 720 563 617 750 505 88 561 646 516
2 476 424 493 286 581 844 595 364 351 724 482 524 537 711 578 522 761 363 793 534 213 493 512 670 429
3 417 350 229 412 385 364 400 336 403 138 207 303 407 341 357 231 351 265 91 401 353 430 160 226 253
4 148 268 248 121 284 291 192 94 194 255 142 255 198 285 212 176 185 235 305 101 110 287 172 254 162
5 391 362 411 240 413 248 141 342 375 394 200 375 170 385 72 218 398 168 351 117 180 285 290 395 277
6 890 794 850 417 835 328 817 381 845 614 643 863 753 782 864 453 193 518 775 461 237 876 570 439 187
7 457 386 262 186 295 462 289 223 434 206 215 354 303 469 120 498 471 426 521 216 420 398 76 496 419
8 600 758 581 795 689 678 348 842 515 605 587 767 583 731 858 718 270 180 680 511 363 514 828 718 615
9 231 159 161 583 551 479 334 629 446 547 448 233 406 371 420 559 395 601 253 488 453 178 578 308 477
10 313 541 536 567 561 504 533 403 522 418 234 401 330 553 434 305 480 463 437 318 424 326 185 484 432
11 354 496 590 399 413 552 652 486 554 732 313 188 202 862 831 884 649 605 506 559 579 525 655 192 786
12 617 616 301 259 436 605 533 560 639 651 325 323 76 649 392 556 458 466 581 448 312 580 55 161 117
13 157 475 336 361 164 602 500 382 602 492 250 640 603 429 380 563 651 637 281 598 332 484 494 346 379
14 297 290 263 278 82 260 296 223 358 247 319 124 208 323 377 299 248 380 262 122 197 323 248 351 129
15 413 240 555 665 381 408 642 509 473 245 319 425 384 383 488 383 205 503 629 421 62 86 641 648 341
16 321 613 293 478 420 640 572 701 322 511 349 677 588 467 695 446 198 686 515 120 589 611 589 571 391
17 319 401 410 427 391 487 546 210 219 568 545 263 0 204 499 150 112 230 379 432 386 347 410 355 464
18 605 28 802 418 662 665 656 228 715 328 433 505 449 809 498 274 396 307 289 263 302 683 708 782 471
19 605 660 535 604 663 847 407 787 553 855 799 362 559 352 532 599 694 595 469 159 845 675 340 642 377
20 503 482 434 240 178 306 489 224 205 424 343 332 210 326 398 238 498 401 423 294 126 218 214 483 404
;

param:   cost_bundl  marginal :=
1 106 125
2 122 119
3 157 129
4 131 21
5 102 64
6 64 123
7 146 139
8 123 110
9 155 120
10 157 78
11 135 124
12 151 85
13 53 110
14 146 100
15 112 127
16 153 82
17 91 104
18 133 68
19 157 75
20 16 142
21 133 92
22 41 118
23 83 145
24 142 94
25 60 61
;
param: buyer budget :=
  0 986
  1 1796
  2 2525
  3 1889
  4 755
  5 81
  6 666
  7 9
  8 1644
  9 818
  10 1660
  11 600
  12 1626
  13 218
  14 2126
  15 806
  16 1081
  17 1601
  18 163
  19 1596
;
param num_partition :=
4
;
param: item partition_index cardinality :=
0 0 15
1 0 8
2 0 3
3 0 17
4 0 11
5 0 1
6 0 8
7 1 18
8 1 5
9 1 9
10 1 4
11 1 5
12 1 11
13 1 13
14 1 18
15 2 6
16 2 18
17 2 12
18 2 10
19 2 3
20 2 12
21 2 1
22 2 12
23 2 14
24 2 4
