param num_bundles := 25;

param num_cust := 20;

param price_reserve :
   1 2 3 4 5 6 7 8 9 10 11 12 13 14 15 16 17 18 19 20 21 22 23 24 25 :=
1 741 622 667 485 781 544 826 94 585 502 734 410 364 840 775 215 659 377 169 702 716 574 418 533 602
2 55 699 624 695 362 876 627 864 676 852 752 429 872 396 243 493 692 746 381 428 599 792 616 821 490
3 899 565 362 760 720 354 790 834 870 903 370 206 799 478 690 839 705 769 899 175 292 842 387 611 833
4 394 198 196 503 175 240 551 24 536 293 348 97 411 517 257 577 533 279 343 595 261 584 419 414 482
5 133 419 121 259 302 230 331 213 368 387 375 384 148 422 170 70 368 362 211 164 412 245 363 294 417
6 416 323 450 156 317 302 404 262 160 268 280 366 476 182 489 491 277 114 224 405 310 301 380 433 274
7 230 578 686 210 271 275 809 810 786 288 592 123 453 855 800 851 857 691 877 846 734 448 508 665 540
8 352 346 286 328 335 284 303 192 127 125 185 407 256 126 320 134 316 403 332 130 362 380 223 400 228
9 423 204 490 572 180 306 424 488 410 495 334 302 487 378 142 482 169 372 513 550 558 280 333 357 312
10 400 609 604 798 727 745 652 622 690 720 383 339 728 649 621 138 273 604 567 575 554 664 765 382 593
11 587 651 388 642 422 318 625 228 570 604 578 570 495 241 369 582 600 415 294 272 409 470 413 607 185
12 730 820 821 854 899 909 504 636 409 543 715 667 483 684 566 386 550 690 516 680 271 914 665 752 339
13 723 641 711 617 548 781 764 223 644 586 301 651 726 609 422 465 338 706 340 398 647 462 654 493 630
14 714 670 652 535 726 699 223 812 453 631 396 423 852 248 750 586 322 347 642 328 685 390 675 384 226
15 600 437 148 477 629 683 679 335 361 589 673 574 610 338 606 549 720 396 495 416 582 558 571 597 582
16 610 302 650 698 590 625 335 753 326 350 544 572 507 720 372 703 636 461 722 434 640 677 445 601 521
17 404 358 454 468 430 393 230 401 483 348 459 281 446 236 438 489 378 98 320 364 84 320 425 365 451
18 228 328 269 122 364 352 38 323 364 150 272 254 326 99 350 290 201 261 309 186 130 168 217 196 324
19 340 232 273 342 355 228 77 252 374 295 340 379 219 147 365 132 359 98 200 192 116 249 109 345 235
20 216 240 364 214 413 133 160 256 361 321 387 286 309 163 166 147 325 207 364 404 379 293 99 362 360
;

param:   cost_bundl  marginal :=
1 132 127
2 58 51
3 58 146
4 147 153
5 23 62
6 106 110
7 144 132
8 52 90
9 143 73
10 92 98
11 141 91
12 142 84
13 146 112
14 119 133
15 95 136
16 120 30
17 131 130
18 43 155
19 125 123
20 102 121
21 99 117
22 56 99
23 55 97
24 79 148
25 150 152
;
param: buyer budget :=
  0 441
  1 920
  2 1531
  3 1552
  4 1045
  5 710
  6 329
  7 329
  8 1001
  9 2436
  10 832
  11 1154
  12 1756
  13 513
  14 846
  15 105
  16 411
  17 604
  18 129
  19 1647
;
param num_partition :=
4
;
param: item partition_index cardinality :=
0 0 18
1 0 14
2 0 14
3 0 17
4 0 1
5 1 17
6 1 2
7 1 5
8 1 6
9 1 14
10 2 12
11 2 19
12 2 11
13 2 15
14 2 13
15 2 8
16 2 11
17 2 7
18 2 9
19 2 17
20 2 15
21 2 10
22 2 15
23 2 11
24 2 8
