param num_bundles := 25;

param num_cust := 20;

param price_reserve :
   1 2 3 4 5 6 7 8 9 10 11 12 13 14 15 16 17 18 19 20 21 22 23 24 25 :=
1 290 539 232 215 73 344 368 582 110 241 429 375 338 131 648 454 489 565 211 528 629 545 492 592 388
2 257 397 466 369 99 414 181 377 176 34 287 394 390 243 469 334 269 442 438 374 327 460 235 438 266
3 466 681 231 746 456 914 825 392 367 122 657 438 843 638 571 515 791 509 810 617 876 928 430 822 644
4 832 353 261 758 858 312 409 586 128 702 484 778 855 511 389 836 811 294 297 540 394 84 603 560 195
5 84 469 488 453 675 487 681 445 731 493 717 730 211 174 714 514 597 738 732 599 473 710 738 696 612
6 565 482 323 189 335 509 578 287 526 445 517 73 478 562 181 520 548 394 47 363 448 60 545 471 491
7 653 603 456 609 283 555 493 580 103 370 367 573 329 214 636 653 507 489 350 620 593 630 643 649 471
8 436 431 371 322 156 455 483 71 507 390 486 457 128 354 426 349 399 187 453 262 355 259 264 146 238
9 712 724 187 727 806 704 457 599 703 587 647 805 828 813 315 567 278 295 681 659 837 385 804 642 396
10 87 399 157 143 300 171 301 396 419 400 305 361 421 431 281 403 158 271 431 112 205 192 309 345 396
11 582 562 678 520 680 406 333 682 695 512 460 494 540 598 406 589 435 146 543 587 445 482 181 448 648
12 665 559 844 299 799 466 749 626 509 520 557 262 830 356 478 649 702 782 351 303 650 841 609 688 655
13 439 397 73 498 574 573 452 534 460 490 550 600 188 251 523 305 604 529 553 448 625 272 219 404 124
14 465 909 454 427 332 791 701 902 771 648 855 491 776 541 721 866 895 682 804 775 858 182 723 145 243
15 429 231 639 277 483 202 425 218 588 513 468 438 223 497 505 634 448 597 640 579 620 322 640 203 615
16 428 688 576 387 842 122 703 821 353 803 826 530 416 396 478 68 442 385 412 622 646 111 756 829 453
17 721 306 456 372 602 695 213 494 710 515 503 597 476 674 453 711 453 290 221 634 257 656 542 191 490
18 807 565 702 517 301 480 402 788 709 799 635 599 624 643 476 394 319 550 633 401 823 705 564 718 207
19 726 611 695 815 818 829 500 826 81 746 329 263 656 576 850 435 799 497 714 545 170 673 348 482 485
20 271 74 216 159 188 363 315 336 380 366 306 360 246 323 283 306 410 204 217 401 289 139 223 213 349
;

param:   cost_bundl  marginal :=
1 50 78
2 120 69
3 149 134
4 31 103
5 113 147
6 104 148
7 105 154
8 139 108
9 125 77
10 105 44
11 145 99
12 132 17
13 87 113
14 77 128
15 55 116
16 85 129
17 121 140
18 103 138
19 133 138
20 74 35
21 77 125
22 144 103
23 141 147
24 127 133
25 65 131
;
param: buyer budget :=
  0 190
  1 1506
  2 167
  3 561
  4 1080
  5 1296
  6 1439
  7 776
  8 2491
  9 1965
  10 2342
  11 2423
  12 1841
  13 1073
  14 1229
  15 319
  16 1851
  17 2115
  18 887
  19 2657
;
param num_partition :=
4
;
param: item partition_index cardinality :=
0 0 18
1 0 18
2 0 15
3 0 19
4 1 7
5 1 15
6 1 12
7 1 6
8 1 6
9 1 19
10 1 10
11 1 4
12 1 13
13 1 6
14 1 18
15 1 9
16 1 12
17 1 2
18 1 3
19 2 6
20 2 5
21 2 17
22 2 3
23 2 13
24 2 19
