param num_bundles := 25;

param num_cust := 20;

param price_reserve :
   1 2 3 4 5 6 7 8 9 10 11 12 13 14 15 16 17 18 19 20 21 22 23 24 25 :=
1 738 417 255 728 766 214 559 785 795 201 539 577 310 143 788 494 383 743 800 493 637 173 660 530 342
2 343 674 517 146 669 509 311 383 464 670 556 537 460 427 680 515 516 577 620 292 551 489 648 582 646
3 742 664 772 340 339 697 777 356 508 364 829 777 707 541 343 745 613 421 722 726 568 629 817 528 547
4 186 168 299 417 435 220 452 469 307 282 368 224 470 146 183 464 385 232 311 155 372 372 67 173 467
5 674 284 750 705 381 358 721 296 324 524 333 521 441 445 547 306 260 335 728 786 753 435 582 562 579
6 444 457 486 385 460 395 516 668 432 374 286 194 327 346 742 754 709 656 679 739 648 510 704 744 412
7 464 432 388 444 284 323 541 483 335 393 542 510 268 502 393 312 353 544 220 338 427 193 488 445 389
8 716 447 285 251 669 650 694 490 322 548 514 765 68 596 431 536 175 442 207 244 646 555 630 703 742
9 665 726 772 236 463 185 785 741 601 749 769 664 320 748 899 520 909 137 517 520 712 403 722 453 639
10 406 236 569 274 312 196 246 617 377 310 164 441 398 409 481 142 435 485 541 357 450 451 281 163 56
11 739 551 427 448 437 494 432 627 514 737 628 261 671 210 703 576 254 342 344 623 606 500 598 177 697
12 390 248 283 714 41 584 649 694 645 665 634 71 414 547 670 469 623 482 175 564 333 707 467 508 251
13 825 827 79 558 152 522 790 769 637 508 809 532 191 529 72 766 695 777 739 329 787 742 763 173 534
14 308 484 407 199 406 245 568 571 186 524 428 471 107 523 405 392 348 211 559 423 526 264 428 538 195
15 535 478 265 483 420 428 545 76 358 259 577 473 339 147 546 68 202 621 530 306 596 101 332 241 496
16 420 157 354 323 294 253 471 470 110 287 457 174 199 469 395 220 334 199 399 216 436 206 376 336 356
17 496 506 278 409 431 259 282 412 271 396 484 232 347 484 435 464 428 350 422 347 413 421 280 207 507
18 300 156 777 609 714 193 681 577 580 575 785 762 769 760 741 651 376 463 136 110 394 213 232 672 539
19 152 295 274 188 199 159 43 333 259 41 250 356 235 176 207 346 151 150 313 257 181 260 263 362 255
20 594 180 210 726 429 604 599 739 567 773 212 333 652 601 375 346 389 664 305 154 151 575 743 534 456
;

param:   cost_bundl  marginal :=
1 33 39
2 45 28
3 61 119
4 31 143
5 63 130
6 117 79
7 90 42
8 136 93
9 132 157
10 117 129
11 154 71
12 105 152
13 155 100
14 63 135
15 84 104
16 55 156
17 124 98
18 41 146
19 125 127
20 77 83
21 152 113
22 51 103
23 152 102
24 108 52
25 86 155
;
param: buyer budget :=
  0 1055
  1 1868
  2 1501
  3 262
  4 1206
  5 680
  6 2132
  7 1890
  8 377
  9 202
  10 1520
  11 2621
  12 698
  13 308
  14 1418
  15 837
  16 797
  17 528
  18 229
  19 1901
;
param num_partition :=
4
;
param: item partition_index cardinality :=
0 0 17
1 0 14
2 0 19
3 0 11
4 0 2
5 0 13
6 0 7
7 0 15
8 0 7
9 0 13
10 0 14
11 1 9
12 1 18
13 1 14
14 1 16
15 1 19
16 1 1
17 1 14
18 1 2
19 1 10
20 1 15
21 1 1
22 1 14
23 1 18
24 2 17
