param num_bundles := 25;

param num_cust := 20;

param price_reserve :
   1 2 3 4 5 6 7 8 9 10 11 12 13 14 15 16 17 18 19 20 21 22 23 24 25 :=
1 317 400 454 133 221 285 448 314 433 511 324 441 186 411 354 327 435 299 450 242 463 427 281 221 121
2 525 392 557 434 503 557 340 382 240 549 307 136 357 348 515 248 499 358 453 424 19 300 531 548 450
3 332 578 330 284 405 388 368 285 112 387 490 386 305 180 262 321 491 27 370 573 230 580 515 369 578
4 394 328 788 338 648 697 586 862 770 210 585 809 694 612 736 755 746 392 513 403 408 279 682 382 676
5 804 488 836 860 621 504 390 883 778 780 396 747 723 698 462 644 153 245 666 461 623 655 510 847 568
6 668 386 734 295 526 732 70 669 463 410 723 328 753 618 700 292 697 127 237 563 738 700 609 254 694
7 628 822 685 691 656 746 289 773 473 608 723 592 480 629 387 524 144 282 628 783 447 471 760 490 600
8 359 698 616 343 81 285 408 374 617 336 496 451 704 78 99 176 668 418 360 672 161 373 402 579 398
9 604 683 640 709 469 747 608 461 516 446 618 490 438 370 660 510 568 312 636 580 358 136 742 188 591
10 543 654 719 739 318 648 309 461 316 483 769 881 832 628 676 855 657 690 199 697 572 807 790 358 375
11 484 192 430 462 197 215 436 200 378 162 422 131 314 374 454 441 491 423 301 493 268 411 321 156 409
12 204 671 752 752 544 351 768 171 484 497 409 464 520 80 480 771 456 157 500 642 732 476 641 420 738
13 239 384 364 400 390 318 359 337 145 161 325 110 413 268 355 56 431 324 227 416 295 249 235 374 326
14 501 578 612 25 606 419 564 506 397 57 411 603 382 497 505 322 253 619 525 495 563 405 514 326 187
15 220 398 187 236 264 254 68 376 331 430 104 185 228 279 320 112 250 333 161 350 232 227 345 304 410
16 228 889 291 676 671 875 787 887 804 895 578 671 679 778 678 750 431 728 242 860 726 519 820 664 379
17 150 157 114 136 148 130 47 23 129 112 18 70 155 71 139 144 73 34 53 69 114 145 105 156 107
18 211 300 204 169 168 273 230 166 217 199 130 243 230 256 110 269 170 315 289 224 281 308 151 127 134
19 485 412 823 431 830 295 285 803 157 530 893 354 880 809 850 674 846 685 668 443 677 811 714 740 436
20 316 660 613 690 353 560 90 360 701 443 690 544 286 568 278 625 200 387 530 356 482 654 652 394 395
;

param:   cost_bundl  marginal :=
1 28 142
2 47 20
3 32 45
4 140 155
5 65 94
6 123 130
7 107 54
8 118 111
9 106 28
10 152 114
11 148 96
12 117 112
13 149 67
14 123 64
15 57 92
16 63 137
17 112 145
18 41 116
19 103 76
20 145 139
21 107 156
22 25 93
23 74 135
24 116 35
25 113 150
;
param: buyer budget :=
  0 1797
  1 1941
  2 104
  3 1342
  4 2373
  5 1256
  6 2452
  7 563
  8 1979
  9 572
  10 645
  11 824
  12 1827
  13 935
  14 1202
  15 55
  16 1530
  17 1658
  18 962
  19 374
;
param num_partition :=
4
;
param: item partition_index cardinality :=
0 0 1
1 0 12
2 0 12
3 0 1
4 0 7
5 0 14
6 0 8
7 0 1
8 0 16
9 0 16
10 0 9
11 0 17
12 0 12
13 0 13
14 0 5
15 0 16
16 0 14
17 0 15
18 0 19
19 0 4
20 0 16
21 0 5
22 0 18
23 0 19
1 2 12
2 2 12
3 2 1
4 2 7
5 2 14
6 2 8
7 2 1
8 2 16
9 2 16
10 2 9
11 2 17
12 2 12
13 2 13
14 2 5
15 2 16
16 2 14
17 2 15
18 2 19
19 2 4
20 2 16
21 2 5
22 2 18
23 2 19
24 2 15
