param num_bundles := 25;

param num_cust := 20;

param price_reserve :
   1 2 3 4 5 6 7 8 9 10 11 12 13 14 15 16 17 18 19 20 21 22 23 24 25 :=
1 785 616 486 793 713 606 301 191 111 404 825 815 399 378 323 273 670 415 139 661 671 772 790 569 151
2 350 883 305 870 604 850 670 651 433 406 490 522 226 81 554 814 558 480 233 309 931 338 575 817 476
3 307 685 544 453 657 679 836 728 269 437 490 735 748 770 623 755 252 425 526 571 666 493 577 428 812
4 350 177 507 112 493 489 497 332 559 368 524 333 360 564 528 230 529 499 296 262 479 96 510 328 475
5 289 198 288 282 66 237 166 250 303 224 252 291 71 109 210 205 225 305 303 286 20 86 287 153 263
6 564 280 435 369 586 377 420 544 547 419 578 576 490 642 634 418 614 107 229 276 405 470 420 621 178
7 282 561 371 298 609 267 606 578 328 621 596 436 299 518 495 213 546 549 118 523 367 441 390 175 207
8 685 544 279 688 494 810 400 595 782 648 173 216 507 604 779 703 777 398 706 235 778 693 638 392 424
9 583 599 482 557 477 468 451 393 475 314 465 412 141 540 314 468 549 203 437 336 403 589 197 551 315
10 80 307 300 151 287 275 230 308 104 248 306 94 176 174 274 128 281 285 233 216 271 144 210 81 305
11 378 752 816 330 394 475 331 550 468 662 728 145 500 571 512 554 798 737 388 707 353 337 522 407 218
12 563 244 745 510 826 240 689 423 780 827 468 765 702 774 610 423 445 477 652 306 668 670 452 631 580
13 177 313 262 276 204 298 251 160 166 303 95 373 164 327 242 374 141 214 178 344 212 56 202 270 280
14 232 700 666 608 760 128 583 877 849 776 524 868 436 638 737 444 783 482 786 326 274 760 894 857 669
15 551 418 138 527 505 555 591 467 509 432 175 330 348 297 266 76 569 490 453 166 515 116 586 376 286
16 349 255 640 581 629 528 485 316 531 644 648 594 640 518 620 551 88 240 570 551 237 460 531 614 566
17 703 783 814 395 387 132 403 672 194 384 785 406 484 388 252 479 492 279 192 682 722 469 739 235 815
18 326 371 287 338 212 289 167 287 317 302 319 429 185 471 414 250 139 200 342 445 203 291 307 416 440
19 601 460 776 558 649 692 520 402 275 596 861 393 492 796 401 280 814 804 811 656 668 587 626 512 875
20 759 463 536 891 791 646 717 558 388 637 354 868 484 649 853 612 909 880 841 858 714 740 511 928 302
;

param:   cost_bundl  marginal :=
1 136 16
2 122 150
3 56 108
4 52 149
5 102 132
6 116 145
7 83 104
8 62 10
9 74 71
10 121 72
11 52 79
12 136 125
13 23 113
14 82 121
15 145 20
16 84 130
17 32 87
18 157 126
19 144 129
20 115 48
21 32 152
22 147 91
23 130 103
24 138 128
25 129 8
;
param: buyer budget :=
  0 2621
  1 886
  2 1674
  3 947
  4 2093
  5 2725
  6 144
  7 522
  8 2200
  9 582
  10 2310
  11 1086
  12 385
  13 2676
  14 1720
  15 2493
  16 958
  17 1058
  18 323
  19 541
;
param num_partition :=
4
;
param: item partition_index cardinality :=
0 0 2
1 0 1
2 0 19
3 0 14
4 1 5
5 1 16
6 1 2
7 1 3
8 1 13
9 1 12
10 1 5
11 1 15
12 1 6
13 1 8
14 1 15
15 1 17
16 1 6
17 1 2
18 1 7
19 2 8
20 2 14
21 2 6
22 2 19
23 2 3
24 2 1
