param num_bundles := 25;

param num_cust := 20;

param price_reserve :
   1 2 3 4 5 6 7 8 9 10 11 12 13 14 15 16 17 18 19 20 21 22 23 24 25 :=
1 565 419 162 487 460 271 838 741 521 684 146 261 752 692 494 699 482 505 544 773 771 657 487 657 446
2 274 353 125 382 517 477 287 141 371 217 157 445 443 353 208 537 315 366 90 186 535 110 231 325 455
3 660 381 589 421 719 592 546 566 545 736 541 254 561 440 357 749 486 700 626 605 495 285 332 75 472
4 295 64 204 267 193 262 103 271 113 277 226 257 162 264 225 261 141 310 164 60 264 291 92 315 85
5 181 407 48 301 405 417 332 289 235 363 365 381 81 347 407 274 207 424 188 315 423 320 405 415 70
6 728 291 811 607 462 525 788 692 431 865 879 405 878 898 819 575 789 690 754 694 887 740 848 74 792
7 484 347 374 500 219 39 464 53 429 513 515 313 481 201 249 257 508 358 447 182 354 400 466 397 213
8 699 266 696 450 692 526 678 451 180 591 579 692 660 214 689 611 703 561 325 642 565 542 295 202 644
9 317 754 384 784 305 775 475 544 661 469 580 404 196 550 565 130 680 489 814 439 722 742 807 434 784
10 252 390 712 537 254 314 532 215 532 263 223 558 482 121 439 676 733 458 680 341 717 144 479 719 197
11 352 602 469 472 233 802 432 731 583 778 649 77 494 752 316 397 771 730 711 805 263 457 423 824 459
12 594 513 563 677 681 540 477 669 200 481 584 296 497 484 678 383 539 449 622 261 334 371 120 650 666
13 826 691 842 806 743 397 407 761 538 639 736 641 694 808 479 741 795 560 638 641 527 370 483 574 596
14 545 416 504 537 315 500 391 535 220 357 387 368 409 127 46 272 264 162 153 394 204 97 509 505 434
15 88 58 607 263 490 544 598 583 306 344 441 557 227 239 402 590 528 450 366 185 497 283 460 619 539
16 562 423 648 357 200 420 318 182 816 823 469 454 790 637 585 729 677 782 444 305 614 712 780 796 443
17 224 823 841 355 404 834 833 669 460 736 780 418 630 514 344 593 481 691 354 822 749 675 421 812 534
18 480 276 338 339 192 213 362 203 227 263 329 189 149 389 368 54 181 359 414 449 500 443 531 294 518
19 871 323 740 478 758 528 341 622 824 468 857 902 570 326 139 605 538 785 895 878 878 643 529 621 604
20 313 395 9 334 214 450 173 322 420 344 274 310 374 362 362 167 197 191 304 180 170 63 277 354 233
;

param:   cost_bundl  marginal :=
1 32 148
2 109 151
3 133 146
4 153 109
5 155 146
6 20 95
7 145 151
8 115 18
9 155 27
10 69 140
11 144 92
12 135 74
13 119 89
14 127 138
15 138 156
16 153 155
17 114 50
18 83 50
19 98 117
20 152 98
21 72 123
22 111 121
23 22 154
24 73 53
25 82 121
;
param: buyer budget :=
  0 1049
  1 2089
  2 968
  3 930
  4 1935
  5 1250
  6 2255
  7 140
  8 1931
  9 710
  10 1449
  11 1305
  12 951
  13 1062
  14 863
  15 1922
  16 518
  17 2060
  18 2600
  19 2197
;
param num_partition :=
4
;
param: item partition_index cardinality :=
0 0 3
1 0 6
2 0 5
3 0 8
4 0 8
5 1 7
6 1 2
7 1 10
8 1 17
9 1 10
10 1 2
11 1 14
12 1 9
13 1 11
14 1 6
15 1 4
16 1 19
17 1 4
18 2 6
19 2 11
20 2 10
21 2 18
22 2 17
23 2 1
24 2 10
