param num_bundles := 25;

param num_cust := 20;

param price_reserve :
   1 2 3 4 5 6 7 8 9 10 11 12 13 14 15 16 17 18 19 20 21 22 23 24 25 :=
1 826 539 781 431 802 826 746 754 758 118 553 485 736 417 863 758 916 389 730 577 125 882 287 852 457
2 615 389 360 451 740 237 183 653 488 691 684 672 469 632 426 454 705 339 615 330 686 328 272 550 472
3 67 44 58 115 128 93 76 58 153 88 158 100 105 134 10 89 155 138 123 89 138 76 96 148 154
4 619 693 656 490 418 728 727 390 735 424 722 726 630 487 550 313 766 481 760 243 608 454 624 754 657
5 890 735 780 146 857 639 463 713 773 695 782 671 706 873 660 609 800 544 449 564 502 531 932 852 585
6 148 140 63 106 122 28 72 142 120 149 140 43 44 105 63 74 143 100 123 83 101 90 147 47 52
7 195 648 309 657 363 581 533 372 547 575 385 393 561 534 646 234 312 523 632 294 580 233 237 166 568
8 100 391 278 296 152 379 428 405 47 304 327 235 462 103 364 464 344 452 471 306 426 356 298 376 463
9 610 413 853 758 256 540 585 487 647 217 583 855 712 734 568 663 512 716 774 510 824 757 561 181 743
10 256 455 130 413 104 317 295 393 403 146 485 247 504 277 139 286 407 258 475 320 235 505 130 310 372
11 677 332 437 321 507 360 716 440 697 689 438 645 684 671 475 287 661 295 379 374 432 317 714 633 536
12 286 243 296 367 191 247 353 326 167 268 163 325 254 369 366 332 322 227 293 296 164 218 295 306 371
13 639 728 610 569 399 603 432 538 473 370 644 300 769 409 633 538 851 697 376 854 717 374 819 848 810
14 700 625 647 783 331 729 666 433 781 638 349 357 702 298 708 690 649 142 425 655 525 717 805 403 809
15 266 114 154 162 309 273 269 51 133 273 200 182 96 279 108 184 122 234 101 288 312 265 175 286 292
16 579 426 628 428 658 336 378 513 256 429 699 581 608 652 169 669 678 366 254 513 575 475 186 263 452
17 758 557 477 294 517 628 559 658 725 843 717 849 703 440 640 810 618 224 729 419 688 835 242 758 625
18 762 571 369 520 335 816 803 733 628 673 352 629 132 651 670 761 258 829 582 744 516 800 622 470 191
19 709 425 770 780 758 782 582 681 155 694 427 845 660 859 722 890 527 762 602 412 868 808 756 721 407
20 454 196 337 551 522 547 224 140 422 433 526 73 365 575 270 269 594 562 624 388 228 398 254 605 532
;

param:   cost_bundl  marginal :=
1 126 113
2 45 143
3 24 62
4 73 78
5 59 67
6 156 120
7 136 105
8 70 129
9 141 155
10 79 145
11 65 148
12 78 37
13 50 80
14 155 55
15 106 150
16 44 67
17 64 98
18 108 135
19 105 118
20 50 141
21 30 45
22 116 158
23 83 111
24 138 104
25 119 99
;
param: buyer budget :=
  0 797
  1 2083
  2 1023
  3 669
  4 984
  5 874
  6 1601
  7 2002
  8 231
  9 2107
  10 1828
  11 1728
  12 2122
  13 1656
  14 2348
  15 1148
  16 170
  17 1813
  18 2214
  19 1001
;
param num_partition :=
4
;
param: item partition_index cardinality :=
0 0 7
1 0 18
2 0 15
3 0 13
4 0 7
5 0 17
6 0 15
7 0 2
8 0 12
9 0 19
10 0 7
11 0 8
12 0 5
13 0 5
14 2 6
15 2 17
16 2 16
17 2 11
18 2 12
19 2 10
20 2 13
21 2 7
22 2 19
23 2 9
24 2 10
