param num_bundles := 25;

param num_cust := 20;

param price_reserve :
   1 2 3 4 5 6 7 8 9 10 11 12 13 14 15 16 17 18 19 20 21 22 23 24 25 :=
1 382 286 619 647 364 363 159 375 621 603 367 613 623 290 583 641 136 562 349 151 622 354 646 360 686
2 161 584 372 336 451 545 221 574 237 443 579 189 403 553 381 483 482 222 586 467 89 372 149 574 109
3 52 69 83 137 29 117 43 133 131 100 55 138 140 130 138 117 117 63 155 151 137 123 140 139 108
4 89 448 460 813 925 665 487 569 847 334 460 398 424 580 719 744 580 874 838 277 825 891 809 506 236
5 734 597 443 832 487 775 646 602 362 339 802 474 542 740 653 345 562 703 236 449 323 403 734 808 733
6 348 228 389 293 273 253 80 384 415 266 318 70 190 327 223 283 320 319 91 374 299 183 330 354 164
7 561 189 694 542 712 716 443 540 625 532 779 565 612 751 747 90 652 346 477 784 687 608 275 147 810
8 187 196 114 226 107 288 286 228 376 64 346 206 114 62 267 339 83 116 68 211 152 237 126 182 254
9 704 544 257 470 122 455 178 570 618 371 456 457 462 603 309 723 251 249 561 485 618 676 480 730 791
10 516 521 343 514 442 153 477 460 386 105 471 234 473 352 188 409 130 44 498 464 476 393 291 21 338
11 364 341 258 406 466 335 394 315 306 348 244 275 241 501 450 439 136 166 287 69 328 307 421 127 121
12 182 427 338 451 562 559 37 377 555 512 633 206 500 129 239 167 523 270 690 586 467 337 383 517 637
13 770 493 680 805 514 697 708 324 553 396 786 723 742 710 392 293 788 608 347 783 494 552 568 428 735
14 222 826 859 265 654 734 874 806 607 86 312 633 400 650 362 257 730 663 487 350 802 527 863 313 687
15 711 649 450 676 694 621 187 753 245 535 482 452 710 659 237 619 597 180 281 637 211 699 612 635 761
16 224 285 359 159 168 35 242 197 281 271 362 112 297 323 368 184 247 224 228 91 188 232 310 91 171
17 400 508 630 587 537 628 694 57 406 583 572 468 622 210 639 769 761 698 565 503 449 457 402 752 273
18 397 447 238 509 605 495 643 628 176 578 567 588 535 583 389 656 427 515 463 126 178 189 314 426 545
19 507 35 351 346 326 503 282 196 200 312 341 159 323 504 338 440 109 163 381 238 75 496 440 275 342
20 788 470 701 710 876 210 382 789 292 860 540 137 515 707 489 354 887 570 821 738 184 699 374 391 602
;

param:   cost_bundl  marginal :=
1 156 78
2 5 145
3 131 31
4 127 36
5 73 88
6 131 151
7 48 142
8 94 92
9 94 110
10 129 141
11 131 43
12 115 46
13 118 134
14 88 62
15 134 128
16 147 141
17 151 28
18 86 115
19 87 69
20 147 78
21 110 125
22 122 143
23 75 136
24 83 65
25 105 153
;
param: buyer budget :=
  0 878
  1 517
  2 1614
  3 1267
  4 2243
  5 2680
  6 461
  7 603
  8 675
  9 168
  10 354
  11 228
  12 255
  13 702
  14 201
  15 232
  16 837
  17 476
  18 1398
  19 1589
;
param num_partition :=
4
;
param: item partition_index cardinality :=
0 0 9
1 0 9
2 0 6
3 0 2
4 0 13
5 0 15
6 0 2
7 0 7
8 0 3
9 0 18
10 0 14
11 0 9
12 0 12
13 0 6
8 2 3
9 2 18
10 2 14
11 2 9
12 2 12
13 2 6
14 2 11
15 2 14
16 2 2
17 2 19
18 2 7
19 2 15
20 2 5
21 2 8
22 2 7
23 2 13
24 2 17
