param num_bundles := 35;

param num_cust := 30;

param price_reserve :
   1 2 3 4 5 6 7 8 9 10 11 12 13 14 15 16 17 18 19 20 21 22 23 24 25 26 27 28 29 30 31 32 33 34 35 :=
1 784 378 597 745 574 813 692 866 883 876 841 684 852 710 892 131 673 846 799 773 152 883 650 620 674 638 420 552 449 450 174 553 682 582 317
2 535 211 510 309 590 436 447 461 228 577 143 457 566 610 525 474 619 654 613 416 679 378 672 573 401 545 201 534 59 601 557 381 557 285 490
3 380 458 449 402 176 368 51 539 550 502 316 336 385 587 571 552 450 238 228 347 560 241 124 547 496 593 543 530 567 465 577 265 425 381 232
4 358 590 84 534 602 359 416 713 512 522 423 546 653 295 708 659 525 268 362 289 519 353 520 255 457 648 524 621 326 567 457 438 692 577 501
5 907 379 550 134 991 432 900 274 866 942 555 725 501 560 577 532 689 865 659 579 1042 951 957 845 433 631 481 917 471 516 999 428 553 816 886
6 560 871 1115 933 807 1188 1086 1172 967 1018 1137 915 633 704 397 911 1066 1037 1008 948 1194 479 1171 111 620 961 1152 1202 557 1128 368 1019 958 475 819
7 447 342 267 405 232 428 255 410 60 347 207 188 446 346 346 304 419 406 393 380 34 281 421 38 335 442 52 347 382 185 28 265 415 373 267
8 719 188 548 712 631 482 640 552 637 585 468 502 730 469 483 239 423 729 724 665 189 567 219 710 668 450 660 275 251 162 515 477 288 426 115
9 928 686 134 1225 503 448 1156 414 423 630 1187 801 979 166 912 1070 1081 1018 791 899 682 925 163 844 975 298 735 622 982 1129 1048 612 973 788 827
10 397 704 23 51 558 347 554 598 722 777 678 150 599 567 526 233 364 613 457 298 773 760 109 683 701 626 292 566 518 413 570 749 790 693 576
11 608 964 994 505 955 1057 606 897 843 587 698 1053 221 886 415 641 847 514 735 757 1023 727 610 641 238 694 433 776 692 733 937 483 672 778 950
12 779 178 549 868 958 1054 633 1039 790 1238 1043 456 1021 1080 1153 1132 719 984 1067 1166 1081 513 856 1265 511 408 304 1026 374 696 672 671 1270 880 673
13 438 709 937 647 732 860 491 587 278 717 750 596 936 289 785 957 581 734 671 546 887 824 711 914 305 774 365 504 543 865 840 833 235 293 198
14 728 220 621 383 609 199 331 437 532 764 577 543 738 700 139 200 598 734 786 605 620 704 411 745 611 437 184 678 428 189 443 413 528 761 671
15 822 651 628 1074 779 917 922 785 942 1080 336 485 967 583 864 812 1065 651 985 487 447 1055 1036 1041 1039 1049 997 1002 871 578 623 986 325 241 403
16 1072 1123 983 639 880 567 570 1148 921 1050 832 1122 429 325 1138 923 880 1170 666 1144 466 420 1099 921 678 1145 692 783 791 466 982 1062 1028 442 407
17 783 479 880 787 759 722 699 968 822 568 691 349 663 894 662 243 905 893 658 791 913 710 605 321 437 321 660 359 704 842 617 850 254 572 191
18 765 1071 841 1139 158 500 465 275 448 726 593 418 945 680 836 1199 870 863 903 773 629 1065 1086 624 991 61 446 1060 1033 871 506 1015 509 643 1078
19 1004 511 1043 417 1043 1048 294 628 392 791 781 605 857 462 1013 113 648 166 1057 436 838 786 950 78 921 955 919 1063 882 1010 371 796 772 717 588
20 962 710 567 295 836 362 1095 788 645 259 708 657 494 670 1155 913 720 1094 706 981 1040 834 1083 561 687 724 826 560 1061 1078 171 1090 591 942 661
21 984 799 348 996 763 621 388 394 628 570 475 904 304 609 699 579 590 800 954 792 867 549 638 436 409 947 920 971 774 988 528 423 975 592 807
22 410 554 538 455 435 549 561 138 308 422 459 249 440 478 291 592 224 314 470 574 541 523 533 486 75 220 521 553 423 512 588 394 581 563 342
23 719 282 788 829 266 795 798 614 542 546 683 675 431 777 639 563 436 984 682 567 685 653 1017 836 967 940 285 789 399 226 286 951 654 538 625
24 1118 1031 465 819 913 790 872 540 1070 1078 791 1161 1137 880 1000 978 946 526 860 1162 329 950 421 1165 702 833 781 351 605 588 283 869 1207 552 1121
25 753 361 149 891 491 672 726 687 661 454 333 770 696 508 366 679 363 906 839 725 588 683 469 628 694 902 814 885 455 294 725 749 895 438 827
26 810 879 471 742 739 818 950 945 819 816 910 757 859 805 391 644 291 16 797 613 787 955 926 522 519 290 945 872 890 123 697 470 832 893 309
27 609 665 834 692 792 699 591 795 701 825 608 213 568 449 310 412 784 459 365 678 602 826 242 131 236 506 742 792 420 766 485 364 703 613 677
28 346 235 649 1036 1170 1051 712 955 804 950 771 1043 289 313 864 852 529 448 373 877 345 397 1131 1132 134 1075 953 972 472 990 495 1045 282 995 839
29 126 425 715 648 840 528 253 607 565 203 745 496 712 78 452 792 712 296 609 707 603 717 340 531 358 856 739 818 171 475 665 425 675 400 465
30 280 383 171 232 244 393 413 377 431 472 383 248 405 493 316 462 323 384 242 509 178 494 323 395 40 397 426 239 320 461 499 185 173 262 434
;

param:   cost_bundl  marginal :=
1 161 68
2 70 140
3 71 170
4 173 96
5 37 33
6 171 183
7 178 89
8 50 159
9 128 178
10 169 167
11 51 62
12 137 150
13 9 152
14 36 114
15 30 157
16 172 103
17 160 176
18 169 183
19 147 178
20 89 96
21 153 98
22 89 139
23 185 24
24 120 183
25 171 143
26 126 161
27 85 181
28 186 185
29 97 134
30 40 180
31 182 121
32 148 34
33 59 176
34 148 103
35 178 158
;
param: buyer budget :=
  0 1923
  1 55
  2 1346
  3 3346
  4 2981
  5 2260
  6 3147
  7 1632
  8 1530
  9 626
  10 2768
  11 1601
  12 3770
  13 2583
  14 2823
  15 158
  16 2665
  17 3010
  18 617
  19 751
  20 821
  21 2293
  22 2012
  23 837
  24 1825
  25 1231
  26 2474
  27 3394
  28 296
  29 1022
;
param num_partition :=
4
;
param: item partition_index cardinality :=
0 0 12
1 0 25
2 0 2
3 0 20
4 0 18
5 0 4
6 0 3
7 0 12
8 0 28
9 0 15
10 0 13
11 0 18
12 0 27
13 0 1
14 0 21
15 0 7
16 0 3
17 0 27
18 0 3
19 0 2
20 0 25
21 0 12
22 0 20
23 0 11
24 0 3
25 0 5
26 0 9
27 0 23
28 0 14
29 0 5
30 0 14
31 0 12
32 0 25
33 0 6
9 2 15
10 2 13
11 2 18
12 2 27
13 2 1
14 2 21
15 2 7
16 2 3
17 2 27
18 2 3
19 2 2
20 2 25
21 2 12
22 2 20
23 2 11
24 2 3
25 2 5
26 2 9
27 2 23
28 2 14
29 2 5
30 2 14
31 2 12
32 2 25
33 2 6
34 2 12
