param num_bundles := 35;

param num_cust := 30;

param price_reserve :
   1 2 3 4 5 6 7 8 9 10 11 12 13 14 15 16 17 18 19 20 21 22 23 24 25 26 27 28 29 30 31 32 33 34 35 :=
1 722 1060 743 873 718 981 839 536 1060 821 861 909 995 904 1011 437 1019 693 1007 792 464 666 754 893 1034 1068 656 932 795 407 720 871 1100 708 622
2 826 723 810 375 296 639 662 843 807 909 197 782 862 386 683 654 795 87 779 910 700 452 542 908 610 465 167 406 702 418 420 802 637 502 333
3 411 582 330 725 668 685 229 473 763 706 437 707 554 455 675 425 603 206 676 485 283 195 228 394 273 443 628 313 556 277 704 324 450 468 553
4 858 952 1025 1067 1078 560 943 920 481 764 1075 445 842 641 811 908 527 714 731 1110 525 1116 765 1049 579 1140 431 1086 619 305 808 370 697 419 188
5 743 547 284 989 380 337 668 849 996 632 334 897 987 424 560 197 989 739 975 279 963 1054 647 983 839 697 641 893 269 1076 158 420 478 883 659
6 1171 949 1067 515 1215 415 999 1219 782 1225 1199 482 1093 938 441 583 1235 992 633 974 412 881 1233 1257 1062 770 1111 888 916 777 1011 1227 678 1229 588
7 396 388 607 646 475 262 693 186 393 344 465 661 562 648 436 713 710 725 533 539 494 635 165 601 377 221 235 622 384 572 432 418 509 283 194
8 227 406 199 542 278 497 119 370 337 69 338 168 474 152 434 533 142 207 377 457 332 520 374 544 263 507 320 412 174 260 548 308 483 546 316
9 538 571 452 410 658 632 363 343 135 463 498 509 461 617 482 278 538 412 580 361 483 606 614 278 435 459 637 366 592 586 466 602 645 274 305
10 618 668 70 301 766 272 712 585 611 741 689 749 824 448 869 129 369 215 630 563 171 711 557 547 111 653 807 546 358 751 520 524 596 205 843
11 772 178 338 153 486 363 790 641 783 600 843 53 738 513 695 722 439 892 849 762 568 196 494 608 140 878 339 647 800 712 793 511 783 577 347
12 298 145 203 258 349 269 316 65 370 331 24 249 187 297 194 364 170 206 335 219 251 287 364 85 244 356 229 100 234 302 273 197 209 340 314
13 747 785 751 691 535 666 697 675 321 588 405 680 673 708 444 365 595 293 257 762 483 165 451 567 707 697 724 557 454 751 664 773 631 634 554
14 116 532 528 567 362 556 246 487 540 479 551 381 520 482 452 271 575 581 371 536 581 483 443 103 417 585 421 330 485 529 504 75 501 228 177
15 412 908 825 161 631 623 671 292 722 322 710 794 713 812 927 774 218 606 946 993 571 963 870 712 1005 1033 254 606 1009 174 887 505 724 326 686
16 914 927 791 659 667 545 883 138 876 226 710 796 157 627 813 290 621 123 566 880 947 394 893 830 209 820 958 932 259 935 263 248 852 799 704
17 527 962 361 1044 630 702 404 1140 789 686 772 1126 1092 1136 910 895 940 405 710 986 584 1087 967 905 668 581 439 734 462 856 1040 873 755 331 897
18 94 153 32 27 110 143 131 45 136 43 169 76 59 181 90 92 80 82 162 83 181 182 23 151 118 168 168 109 161 138 177 186 176 74 141
19 827 642 892 477 729 1014 655 1066 811 202 730 767 974 508 875 208 782 770 997 699 1001 570 929 484 771 55 447 549 696 1075 868 803 870 561 58
20 837 849 629 868 373 797 681 441 848 843 825 749 703 221 521 643 261 808 802 468 637 780 854 814 884 890 628 787 458 771 833 705 816 771 421
21 1143 760 1118 1149 346 1008 902 392 834 973 715 1104 645 967 508 913 999 612 1106 936 547 471 1077 1096 530 254 1006 783 1015 506 533 650 562 746 528
22 151 93 73 119 114 164 171 59 157 172 169 88 95 32 48 141 165 109 33 117 151 166 110 109 186 105 161 140 97 173 148 32 142 60 83
23 184 77 80 102 75 143 43 65 186 91 128 42 110 58 38 50 166 86 152 174 66 130 181 22 170 38 92 88 166 161 140 179 138 148 104
24 95 965 353 674 832 593 708 776 757 767 816 385 943 956 505 954 965 869 532 677 622 744 831 578 406 610 552 739 563 932 860 159 135 871 492
25 794 964 973 901 922 692 859 146 248 691 522 94 991 682 680 1013 915 936 700 928 818 951 916 772 930 720 784 698 462 939 794 838 594 484 330
26 385 425 137 133 233 377 364 378 332 388 402 356 359 153 92 216 177 330 416 146 433 427 214 431 414 238 143 445 382 376 416 436 290 432 381
27 476 474 622 969 806 771 985 341 577 440 920 906 751 784 655 58 823 717 818 633 839 298 804 877 771 612 449 918 913 880 175 912 805 593 395
28 259 415 326 376 391 495 193 394 350 184 370 443 74 161 355 350 354 57 391 263 514 416 380 522 502 403 446 72 418 50 359 338 422 87 496
29 1104 379 275 679 1006 1041 1051 1071 1112 581 743 442 731 1019 762 945 709 931 310 307 493 1196 1245 1032 1236 1246 557 1069 1180 946 502 1039 714 891 733
30 922 743 782 778 473 790 1035 461 739 655 909 631 818 958 85 864 303 1083 908 1047 402 1080 1000 851 1007 765 964 1078 460 533 1048 972 469 817 876
;

param:   cost_bundl  marginal :=
1 177 176
2 33 136
3 49 160
4 165 116
5 68 185
6 176 179
7 174 30
8 79 104
9 182 148
10 93 118
11 51 52
12 110 167
13 87 159
14 161 152
15 162 89
16 106 94
17 60 81
18 177 183
19 107 176
20 153 146
21 89 186
22 138 26
23 125 71
24 181 182
25 123 159
26 117 127
27 167 132
28 159 107
29 64 41
30 175 101
31 144 177
32 120 161
33 158 66
34 88 91
35 102 174
;
param: buyer budget :=
  0 3079
  1 3443
  2 2956
  3 1717
  4 3460
  5 3137
  6 752
  7 2411
  8 766
  9 2577
  10 3075
  11 2304
  12 1347
  13 679
  14 3550
  15 1913
  16 1537
  17 2042
  18 1142
  19 337
  20 125
  21 952
  22 472
  23 1255
  24 3413
  25 3590
  26 922
  27 687
  28 3250
  29 3251
;
param num_partition :=
4
;
param: item partition_index cardinality :=
0 0 20
1 0 6
2 0 17
3 0 26
4 0 13
5 0 3
6 0 13
7 0 4
8 0 21
9 0 12
10 0 7
11 0 3
12 1 9
13 1 21
14 1 28
15 1 24
16 1 7
17 1 2
18 1 20
19 1 22
20 1 14
21 1 27
22 1 29
23 1 29
24 1 6
25 1 26
26 1 15
27 2 6
28 2 4
29 2 3
30 2 10
31 2 14
32 2 13
33 2 5
34 2 5
