param num_bundles := 35;

param num_cust := 30;

param price_reserve :
   1 2 3 4 5 6 7 8 9 10 11 12 13 14 15 16 17 18 19 20 21 22 23 24 25 26 27 28 29 30 31 32 33 34 35 :=
1 869 672 729 96 638 325 182 865 665 547 811 516 425 162 767 301 800 830 602 566 788 885 596 732 887 454 900 654 727 539 835 749 613 326 485
2 829 422 489 754 455 752 364 722 752 286 787 938 457 436 868 488 876 339 754 828 767 832 478 351 870 28 307 635 654 536 716 676 532 723 950
3 895 269 665 766 1030 898 529 467 885 894 201 884 572 931 881 885 384 852 423 991 992 165 105 444 556 920 91 1071 18 1005 346 749 767 935 934
4 236 324 677 648 516 258 460 522 687 409 286 346 679 290 599 562 708 606 438 664 591 236 691 434 447 673 221 633 552 570 655 374 678 598 368
5 358 756 556 561 668 776 769 863 716 151 773 876 881 330 701 257 692 910 688 858 397 750 800 311 550 799 863 557 397 794 860 762 351 699 501
6 661 186 463 134 415 652 672 591 563 491 564 644 528 220 581 696 572 595 582 439 518 593 574 490 339 395 713 387 628 556 642 264 407 385 591
7 615 660 870 918 769 865 314 395 682 529 500 428 952 181 792 821 708 806 882 757 936 354 440 726 636 499 226 594 120 692 671 651 524 908 461
8 893 665 838 615 863 707 879 194 256 718 690 711 719 410 730 655 802 733 892 632 657 650 498 523 878 84 303 187 671 827 752 562 328 863 591
9 677 1024 529 698 991 872 1022 287 463 905 1041 760 350 1026 715 670 995 488 887 874 761 638 845 709 795 927 971 938 359 574 787 1036 436 982 839
10 943 605 1108 1116 1124 159 987 797 885 1189 1119 1175 466 903 1160 687 1129 956 999 1067 758 947 709 1203 920 1090 961 732 305 1211 260 1005 868 803 793
11 316 361 547 644 505 630 743 501 739 473 758 800 680 337 78 506 693 395 655 722 774 702 529 787 617 382 511 702 700 303 806 139 606 384 771
12 465 759 566 677 444 584 558 646 541 636 660 655 150 685 489 623 486 379 326 602 672 646 759 600 717 153 698 299 543 439 523 728 542 310 622
13 840 622 620 669 816 755 873 826 727 595 670 605 772 842 213 893 558 302 648 571 477 810 888 286 415 834 568 907 537 845 818 587 469 580 470
14 435 807 792 859 888 845 517 65 626 491 865 566 652 363 578 336 459 184 559 732 703 375 860 452 836 888 879 845 291 751 919 752 765 889 897
15 857 547 1047 938 937 1158 1049 707 888 853 1145 1032 233 1040 711 1125 973 764 964 1043 1038 388 557 744 663 705 918 479 1130 988 199 992 810 834 1027
16 610 377 729 657 971 706 651 791 682 742 772 935 206 661 565 755 799 365 839 730 775 544 524 964 680 740 619 849 168 738 817 752 968 447 741
17 906 312 950 925 951 878 1056 612 941 743 495 831 1010 649 449 901 919 806 564 951 717 249 736 1050 464 864 899 865 762 375 568 290 610 1057 749
18 938 297 1190 102 1073 352 1076 1143 783 684 335 753 850 348 579 1015 1031 1199 758 1032 1162 1077 754 1178 242 1190 1165 1198 245 678 863 755 742 815 399
19 208 592 902 1083 412 1125 1014 1011 738 1132 1074 648 785 721 974 291 477 295 917 1118 1083 650 666 645 399 318 783 820 473 866 371 954 903 563 1136
20 1171 549 1188 956 844 663 608 1189 534 396 984 147 1118 443 280 871 911 837 807 894 167 949 688 578 867 561 209 783 870 891 1152 296 593 606 881
21 168 449 574 480 701 437 636 438 419 668 459 350 577 596 433 378 464 501 319 695 274 380 491 371 420 677 578 705 593 713 481 682 564 515 172
22 856 763 659 725 858 309 768 419 915 667 196 673 171 759 741 728 352 714 341 501 193 608 709 779 525 838 769 510 528 632 407 767 876 446 178
23 672 725 946 798 830 902 1122 500 1043 989 987 551 336 544 188 850 1080 694 720 594 914 1178 560 1158 1046 850 635 1151 155 1083 874 1183 1051 368 881
24 577 681 878 178 1026 624 1162 1169 711 1173 807 955 923 503 543 960 1168 898 372 1189 866 917 591 983 1201 1026 949 1215 1164 763 859 390 970 980 164
25 719 1176 420 1026 1172 979 948 1071 835 206 586 733 871 694 1006 1060 1099 469 786 599 343 1174 749 1095 279 366 1083 458 1077 1026 387 640 950 605 887
26 623 736 1105 979 778 1022 521 502 1104 765 943 989 139 747 867 814 1031 756 994 1118 252 429 1060 1091 784 965 845 639 585 911 748 562 624 417 1116
27 735 630 914 582 669 835 659 506 814 529 851 271 853 348 695 429 735 843 667 686 910 388 740 616 840 586 860 230 826 516 723 169 383 682 665
28 888 394 754 877 678 1102 1105 830 789 1172 215 783 1208 1190 1170 980 705 1178 1135 816 908 947 1067 314 595 705 1227 860 990 1096 953 849 1166 1178 1123
29 771 953 845 418 948 999 293 283 319 752 651 461 316 767 598 751 470 883 539 676 601 1011 655 453 697 907 621 658 837 1047 307 837 889 349 192
30 126 290 181 358 218 340 124 156 282 98 210 109 189 347 360 360 207 73 203 174 325 351 192 372 127 90 281 205 291 230 133 243 282 106 307
;

param:   cost_bundl  marginal :=
1 115 23
2 160 146
3 133 168
4 183 151
5 131 115
6 72 181
7 87 39
8 84 180
9 130 131
10 86 135
11 157 113
12 95 90
13 146 118
14 177 158
15 44 101
16 107 186
17 49 143
18 152 174
19 124 171
20 139 117
21 154 8
22 147 151
23 40 123
24 186 158
25 141 144
26 144 124
27 186 177
28 117 184
29 185 178
30 133 121
31 161 164
32 140 90
33 161 142
34 173 155
35 173 52
;
param: buyer budget :=
  0 1330
  1 2067
  2 549
  3 2955
  4 1084
  5 571
  6 845
  7 3622
  8 131
  9 3462
  10 1773
  11 215
  12 2552
  13 1665
  14 2913
  15 1997
  16 2543
  17 402
  18 1667
  19 1362
  20 2706
  21 2682
  22 2119
  23 2543
  24 338
  25 2081
  26 346
  27 959
  28 3227
  29 1568
;
param num_partition :=
4
;
param: item partition_index cardinality :=
0 0 13
1 0 27
2 0 10
3 0 14
4 0 23
5 0 27
6 0 8
7 0 28
8 0 13
9 0 15
10 0 4
11 0 17
12 0 24
13 0 22
14 0 15
15 0 1
16 0 8
17 0 26
18 0 27
19 0 26
20 0 23
21 0 8
22 0 1
23 0 16
24 0 25
25 0 4
26 0 18
27 1 18
28 1 1
29 1 16
30 1 23
31 2 23
32 2 21
33 2 29
34 2 9
