param num_bundles := 35;

param num_cust := 30;

param price_reserve :
   1 2 3 4 5 6 7 8 9 10 11 12 13 14 15 16 17 18 19 20 21 22 23 24 25 26 27 28 29 30 31 32 33 34 35 :=
1 496 667 279 946 613 568 255 525 1021 1011 658 508 944 909 415 756 1068 661 953 1055 1010 816 548 999 480 1063 1061 936 203 902 770 422 1096 1071 386
2 862 858 716 313 433 702 564 818 793 405 805 585 809 656 340 352 326 571 864 213 843 429 198 687 668 919 555 544 678 735 706 230 849 314 923
3 152 180 115 89 45 175 163 86 92 123 104 130 49 164 92 178 81 169 143 108 173 135 148 172 31 125 93 44 185 137 137 149 37 131 175
4 682 877 473 679 890 693 835 418 425 583 914 894 760 580 988 361 755 1018 982 852 747 829 1015 797 629 1018 259 714 990 581 747 784 874 946 930
5 418 312 958 113 774 971 869 732 729 369 956 673 934 748 809 713 919 751 865 174 461 236 792 850 410 365 715 783 692 922 400 424 734 827 729
6 552 633 661 490 188 235 704 165 726 475 356 404 776 616 652 654 664 391 830 747 39 407 130 422 650 493 197 740 322 775 340 619 558 777 831
7 476 638 746 464 652 631 254 639 379 807 795 865 882 453 620 835 583 511 512 702 171 330 525 409 576 695 592 682 339 742 650 322 775 466 642
8 669 334 548 558 652 365 678 96 687 672 744 545 477 572 456 760 174 657 213 491 669 469 713 735 763 281 728 611 265 122 256 621 787 511 665
9 353 997 915 731 880 783 1151 1192 835 1121 1153 1011 560 841 974 407 760 172 320 773 500 1060 1210 1209 534 1103 1074 1191 178 1071 1202 916 857 1131 321
10 391 828 633 184 617 694 746 835 467 409 235 800 106 742 259 772 698 794 568 765 803 889 832 487 862 332 914 167 561 851 223 595 664 741 169
11 520 422 586 259 364 370 522 479 330 654 611 293 332 73 564 404 567 509 598 310 575 543 286 545 389 406 483 601 619 161 668 353 270 642 432
12 856 1061 803 363 966 945 1159 873 421 170 821 819 940 579 425 725 1061 423 430 931 1022 513 428 1171 1197 973 728 1140 853 973 424 946 1194 1195 925
13 437 775 505 776 515 635 213 609 681 547 738 745 618 545 475 739 487 572 636 703 428 758 615 82 717 718 574 659 612 447 592 262 236 716 361
14 587 450 805 946 719 493 420 839 994 789 876 1209 1062 756 1018 1111 223 1025 569 353 604 1139 946 903 84 1043 813 533 1199 237 643 1092 751 840 638
15 1028 193 545 322 719 835 297 769 188 1036 973 737 901 657 398 479 1003 509 425 995 546 736 887 707 890 871 527 244 1115 940 802 588 1089 1074 751
16 64 67 159 196 180 279 306 283 370 363 103 364 313 24 82 263 284 235 260 303 213 261 244 301 369 182 325 227 298 298 211 329 181 233 340
17 455 241 362 523 393 335 504 249 554 471 478 559 329 253 545 538 450 555 435 484 103 556 375 128 352 552 410 162 428 269 434 235 559 523 265
18 503 1103 990 940 1087 760 827 691 613 701 712 433 677 1072 875 1086 1137 901 884 588 1006 722 470 1103 737 990 733 451 647 981 977 839 879 415 289
19 331 179 447 438 133 280 325 220 187 389 120 81 279 445 327 296 400 363 424 424 320 82 91 432 43 288 344 102 436 443 389 207 145 313 285
20 910 660 499 477 695 974 334 863 862 341 297 219 347 965 425 322 764 561 714 427 875 703 828 793 876 595 572 985 654 691 939 888 611 421 938
21 922 973 975 1064 671 580 1025 1002 1023 861 799 173 356 530 1057 716 736 1053 942 984 1004 378 707 990 759 847 270 494 400 593 978 817 1047 452 528
22 280 782 1080 377 1053 824 1170 1010 1180 753 827 531 1066 676 1084 853 972 1123 1080 830 614 794 742 471 660 883 515 1128 1203 990 760 1032 579 802 1141
23 409 927 720 807 985 912 258 737 61 659 732 505 987 888 215 858 348 1071 728 1081 518 714 418 1094 568 435 831 849 353 513 435 1096 765 463 720
24 665 1000 207 588 466 976 953 343 225 468 762 775 794 938 800 1002 723 848 1036 1005 949 291 676 823 992 1011 784 521 309 533 276 230 680 812 360
25 1240 383 375 337 589 1061 1176 761 1234 1140 818 939 902 1018 1204 654 687 966 539 752 565 1138 73 1254 1236 1199 1210 761 996 731 444 1193 1119 650 738
26 967 949 638 893 201 1168 514 915 458 145 263 404 121 750 1021 541 1070 441 396 688 637 1160 520 369 119 613 1008 433 1094 1100 797 1037 551 553 586
27 803 850 425 919 775 176 772 816 736 433 721 938 804 397 430 926 804 434 678 869 407 759 857 773 948 974 870 928 964 722 815 809 971 849 769
28 251 487 421 350 359 776 453 245 694 531 819 745 451 723 433 732 656 519 503 589 311 674 597 830 571 817 790 781 775 216 325 720 739 610 423
29 391 88 630 849 650 476 608 929 671 816 499 924 616 769 847 662 641 808 326 445 682 201 320 808 400 409 898 539 852 693 870 854 370 756 551
30 298 369 659 263 441 675 439 346 485 95 323 250 158 408 412 381 514 487 460 336 604 393 665 186 486 505 434 530 626 205 668 536 459 639 272
;

param:   cost_bundl  marginal :=
1 139 82
2 94 125
3 183 180
4 107 122
5 101 135
6 144 143
7 136 170
8 163 142
9 165 39
10 176 103
11 162 153
12 26 113
13 157 89
14 137 179
15 94 127
16 130 153
17 91 131
18 131 96
19 174 175
20 44 126
21 92 87
22 153 120
23 108 182
24 60 151
25 185 147
26 76 159
27 151 158
28 39 125
29 178 142
30 76 166
31 124 165
32 75 152
33 61 127
34 136 70
35 139 174
;
param: buyer budget :=
  0 2243
  1 3677
  2 960
  3 869
  4 3522
  5 3035
  6 3137
  7 366
  8 3381
  9 3353
  10 589
  11 2891
  12 3756
  13 635
  14 2933
  15 2449
  16 351
  17 252
  18 980
  19 3618
  20 1008
  21 2413
  22 2451
  23 3375
  24 3140
  25 2317
  26 840
  27 3636
  28 3165
  29 3340
;
param num_partition :=
4
;
param: item partition_index cardinality :=
0 0 15
1 0 23
2 0 18
3 0 24
4 0 3
5 0 17
6 0 2
7 0 23
8 0 17
9 0 19
10 0 19
11 0 1
12 0 29
13 0 1
14 0 14
15 0 21
16 0 15
17 0 28
18 0 25
19 0 16
20 0 9
21 0 23
22 0 10
23 0 24
24 0 21
25 0 10
26 0 29
27 0 23
28 0 16
29 0 23
30 0 1
31 0 6
32 0 10
19 2 16
20 2 9
21 2 23
22 2 10
23 2 24
24 2 21
25 2 10
26 2 29
27 2 23
28 2 16
29 2 23
30 2 1
31 2 6
32 2 10
33 2 6
34 2 18
