param num_bundles := 35;

param num_cust := 30;

param price_reserve :
   1 2 3 4 5 6 7 8 9 10 11 12 13 14 15 16 17 18 19 20 21 22 23 24 25 26 27 28 29 30 31 32 33 34 35 :=
1 847 279 808 405 758 510 634 484 967 642 842 477 811 868 899 540 898 590 672 339 660 312 941 584 603 542 1014 865 1009 928 388 1004 607 826 898
2 494 416 257 656 436 565 639 262 415 391 268 208 709 664 649 465 547 162 305 660 493 370 415 461 630 448 473 649 558 468 565 620 356 617 495
3 405 935 1163 892 144 983 1144 749 1025 346 924 715 1003 336 415 1150 744 316 928 871 298 454 1136 907 633 601 678 1135 896 651 827 637 1047 108 926
4 712 425 84 470 867 151 590 938 311 389 891 949 570 899 775 809 803 384 318 362 260 869 477 777 471 610 830 686 403 929 552 700 889 614 857
5 516 436 80 487 415 571 467 503 389 591 473 585 423 631 159 460 452 395 595 98 538 206 504 635 585 561 586 134 390 517 340 496 492 392 304
6 818 406 383 778 500 996 861 144 528 828 1064 1035 1045 1039 621 330 615 1019 766 896 878 738 1075 696 490 727 901 822 824 1021 298 744 902 367 886
7 350 321 442 511 533 531 735 12 355 458 405 575 740 515 451 715 643 77 527 724 469 451 325 667 203 220 655 696 557 561 318 263 388 354 700
8 788 726 917 1071 508 1103 885 991 1108 773 537 1070 269 1107 176 1102 591 1031 611 1065 832 959 994 871 870 845 497 1114 937 1046 484 738 1070 995 749
9 442 1165 62 747 770 364 725 956 973 365 984 450 543 596 801 1081 427 824 1114 916 1140 312 1029 328 282 919 876 684 447 789 280 1158 1164 378 862
10 495 347 445 474 367 262 41 507 433 536 168 313 461 336 557 421 182 513 513 557 372 316 357 63 267 466 374 295 409 211 353 560 497 422 110
11 812 1086 744 1166 1132 1202 686 923 641 104 591 224 607 791 543 1251 1242 1155 956 1181 1124 1240 1227 271 1065 1058 566 1160 465 579 21 935 904 1138 1227
12 820 362 605 747 538 648 866 830 348 379 824 709 693 789 796 99 434 375 285 584 162 680 883 382 356 777 473 708 532 174 546 528 486 584 725
13 1031 1005 795 733 789 575 452 474 780 544 1026 936 510 318 840 928 451 650 402 964 268 567 673 900 960 800 501 776 283 536 357 898 992 710 1029
14 713 259 583 351 418 565 387 412 487 542 278 675 683 597 378 414 43 495 442 513 515 541 202 470 689 341 661 568 51 200 597 680 659 638 697
15 871 412 987 775 483 1006 891 777 843 478 280 660 185 445 658 986 223 709 593 955 980 979 550 529 738 544 783 1023 794 747 944 907 811 349 919
16 395 613 496 575 209 340 433 550 537 548 548 513 398 377 633 283 573 297 483 493 158 453 626 591 582 447 87 627 145 569 268 394 37 427 513
17 914 504 1088 612 429 964 843 872 919 1132 249 560 518 1043 1056 920 959 719 1043 893 501 1157 659 1134 1030 839 533 1144 667 675 818 428 812 313 91
18 492 378 149 274 339 323 552 283 191 459 516 407 338 526 385 531 471 261 216 34 352 122 531 410 394 414 499 192 523 462 479 270 249 232 496
19 743 749 628 772 555 780 562 252 845 518 702 207 650 377 740 226 727 351 250 544 650 816 550 135 527 607 916 799 860 758 783 961 195 889 66
20 476 394 568 1036 882 904 1094 600 991 594 929 1056 984 1103 399 1061 227 833 444 728 887 337 1112 645 992 556 148 589 1137 881 895 1041 895 1026 280
21 1008 1074 650 359 178 880 1035 1011 857 1036 915 406 212 1115 1005 267 495 814 702 1095 716 1002 939 496 697 851 751 762 247 846 547 976 704 807 600
22 281 1135 422 614 951 1129 1020 906 1094 414 836 457 802 1021 923 264 968 1194 683 318 1158 680 1036 1158 402 1122 727 940 1004 904 1042 1074 1126 391 502
23 1056 1235 997 447 358 1243 385 901 923 615 1133 463 853 695 936 1169 224 661 1258 655 353 1145 728 1092 1234 561 1251 849 767 1021 870 519 599 569 1023
24 1225 651 1114 1099 880 944 970 967 861 589 876 530 1241 805 818 1212 288 417 951 438 880 581 1182 923 630 702 1008 564 687 964 1207 926 928 1051 754
25 470 450 494 852 861 399 300 785 673 114 79 559 644 102 490 463 189 658 335 688 275 515 420 14 729 816 489 118 570 437 840 418 771 869 739
26 547 727 917 171 341 757 670 332 513 827 378 616 662 661 724 569 862 887 261 640 393 933 874 863 259 883 466 812 351 517 807 595 859 350 404
27 170 341 364 349 312 125 319 318 251 232 224 335 271 347 207 116 136 282 110 128 186 158 289 316 184 195 114 346 327 148 0 313 309 46 160
28 1157 749 275 1074 976 751 880 410 268 1152 1148 706 875 398 894 1142 652 1069 167 1150 903 163 633 381 679 1006 770 1032 1154 400 811 997 1089 1100 1142
29 468 485 910 681 674 750 883 456 630 749 860 757 792 623 895 463 648 219 612 538 837 108 34 898 674 860 577 728 534 649 781 784 554 420 758
30 549 258 509 223 535 227 250 342 100 518 394 521 557 303 519 467 462 516 429 422 415 400 277 174 471 373 60 427 210 103 83 392 464 546 471
;

param:   cost_bundl  marginal :=
1 185 175
2 85 131
3 120 86
4 33 120
5 62 186
6 162 41
7 178 173
8 113 153
9 95 116
10 151 103
11 119 138
12 117 91
13 147 17
14 175 184
15 113 28
16 56 65
17 108 77
18 117 67
19 174 172
20 14 144
21 43 163
22 145 186
23 44 108
24 141 174
25 128 65
26 185 86
27 137 140
28 117 155
29 111 64
30 59 67
31 41 78
32 23 135
33 92 110
34 115 180
35 82 166
;
param: buyer budget :=
  0 684
  1 469
  2 1199
  3 1765
  4 1262
  5 1265
  6 2760
  7 50
  8 127
  9 1134
  10 1609
  11 1982
  12 1851
  13 1181
  14 2574
  15 2454
  16 70
  17 3473
  18 2538
  19 3724
  20 3391
  21 679
  22 332
  23 1492
  24 934
  25 2113
  26 2676
  27 3522
  28 412
  29 3013
;
param num_partition :=
4
;
param: item partition_index cardinality :=
0 0 23
1 0 18
2 0 11
3 0 23
4 0 15
5 0 8
6 0 15
7 0 9
8 0 3
9 0 15
10 0 12
11 0 14
12 0 1
13 0 4
14 0 15
15 0 23
16 0 28
17 0 24
18 0 22
6 2 15
7 2 9
8 2 3
9 2 15
10 2 12
11 2 14
12 2 1
13 2 4
14 2 15
15 2 23
16 2 28
17 2 24
18 2 22
19 2 16
20 2 3
21 2 16
22 2 26
23 2 19
24 2 12
25 2 14
26 2 15
27 2 7
28 2 19
29 2 24
30 2 4
31 2 16
32 2 21
33 2 4
34 2 25
