param num_bundles := 35;

param num_cust := 30;

param price_reserve :
   1 2 3 4 5 6 7 8 9 10 11 12 13 14 15 16 17 18 19 20 21 22 23 24 25 26 27 28 29 30 31 32 33 34 35 :=
1 353 566 880 840 369 584 689 245 443 590 540 727 240 896 688 752 736 578 0 802 513 534 462 726 909 430 368 670 902 497 230 353 481 803 731
2 821 627 893 238 948 316 900 952 609 953 478 514 387 610 518 715 666 815 878 307 844 466 880 941 913 830 885 579 400 812 127 476 523 924 436
3 1231 979 360 1167 657 1074 1029 625 1221 1159 1123 933 1264 1158 1124 581 1190 1113 852 741 1095 1266 890 608 490 1008 1061 1180 819 850 1155 1228 1034 722 320
4 889 509 591 682 797 585 607 866 484 381 860 606 587 872 192 474 689 86 214 471 956 832 806 726 727 875 141 789 534 683 758 749 555 743 866
5 947 742 817 768 772 615 1177 304 625 892 938 648 922 1053 768 867 941 227 599 919 920 955 902 939 729 552 1138 959 853 1169 1095 1131 783 384 435
6 865 557 826 487 815 1052 542 755 421 721 1077 462 866 1104 1046 861 351 257 454 1091 1134 742 746 1128 399 1134 1130 239 542 912 431 372 1062 641 758
7 580 824 929 832 491 361 898 211 588 881 197 377 575 557 811 721 844 268 720 438 670 458 925 737 623 795 532 594 314 265 903 766 782 890 434
8 778 817 495 564 480 687 784 396 749 882 136 749 700 560 761 633 656 547 725 882 232 831 857 464 677 727 567 740 350 927 586 929 643 890 762
9 497 1087 977 1105 748 233 100 527 457 826 1067 532 1067 128 601 563 604 609 788 827 938 928 1020 969 887 643 950 870 1067 1031 625 897 1081 789 808
10 777 616 430 116 384 294 637 630 352 526 417 239 768 614 528 542 558 300 110 668 668 456 357 599 300 647 420 650 666 399 276 408 535 664 503
11 488 1159 1020 1121 846 1128 595 1097 556 1198 1120 777 227 968 525 740 976 381 918 305 1197 500 1025 883 807 862 1005 1181 947 1122 274 532 1017 624 1048
12 376 298 508 331 65 122 495 58 412 369 164 208 559 544 274 529 364 524 455 220 417 319 514 309 385 428 185 327 470 411 294 371 234 333 418
13 610 217 1241 1099 1123 973 470 615 1114 619 1241 1064 1187 927 1237 917 1015 1184 889 940 584 632 856 641 555 1140 369 416 389 872 1229 1036 1119 1074 1095
14 391 114 581 407 361 457 392 398 104 15 386 215 597 350 495 607 473 475 463 340 552 272 197 204 641 611 228 593 582 211 591 545 635 335 182
15 977 637 573 847 985 694 364 912 888 907 1104 341 542 413 716 606 747 670 932 541 822 712 970 268 693 263 826 486 851 653 1102 572 836 1040 1033
16 517 845 681 380 307 762 576 783 833 664 803 585 191 722 420 797 574 841 206 435 840 414 656 695 688 758 415 531 632 522 770 401 89 290 699
17 469 1150 746 1119 506 898 1019 434 746 946 514 1190 1161 683 961 1192 863 1065 1116 619 774 993 470 548 408 1107 1100 270 1035 452 362 711 482 928 450
18 505 267 942 882 539 577 336 798 833 207 156 838 458 925 376 741 929 661 353 217 774 735 903 646 802 710 783 667 433 390 488 739 645 853 879
19 966 621 309 627 891 372 917 325 951 84 265 335 879 676 802 683 508 1066 182 745 378 719 733 428 589 625 1063 198 877 586 650 907 737 532 612
20 566 738 659 509 528 701 496 719 585 457 690 556 655 426 742 601 615 650 683 251 438 461 672 627 382 485 429 357 303 632 521 577 535 644 607
21 816 319 904 537 804 835 740 362 525 424 151 317 795 87 659 802 831 222 807 332 403 645 264 739 804 773 558 294 190 761 676 718 849 699 224
22 373 387 1176 565 917 533 690 287 1189 1085 1113 77 518 1027 1138 895 1207 1175 1228 913 995 1154 828 1223 736 644 819 752 268 1130 721 1127 923 581 450
23 578 441 520 538 235 170 304 289 317 648 201 507 614 601 672 270 95 531 677 622 390 650 516 477 515 470 637 515 159 252 483 515 453 301 645
24 753 255 156 315 649 219 652 660 361 650 719 125 606 493 236 738 387 51 790 241 479 779 516 504 427 194 660 513 662 517 618 421 257 584 458
25 313 355 436 431 213 353 291 349 284 90 447 288 107 306 355 259 439 319 312 361 343 322 262 392 197 387 397 84 400 318 166 303 72 420 309
26 632 298 459 506 636 361 541 384 855 645 654 694 657 822 442 576 743 732 711 601 798 356 666 601 780 178 664 725 825 453 762 381 761 809 597
27 874 950 966 558 283 440 404 766 749 754 720 437 862 323 438 973 283 671 969 757 490 635 937 882 928 372 883 932 726 943 307 826 675 665 464
28 1031 541 1141 436 1082 1079 721 857 613 312 660 1196 1070 894 1187 1161 1148 1024 610 941 791 263 977 859 673 981 1043 534 813 1024 1079 942 400 334 1181
29 134 164 181 91 58 171 47 172 180 115 181 109 180 100 122 164 169 96 89 163 163 29 174 167 148 121 145 106 175 151 171 146 153 100 173
30 528 638 804 566 461 855 708 360 522 776 901 221 756 1057 1167 249 1112 1111 899 1138 961 877 982 743 695 616 650 955 1129 305 946 1188 1192 508 615
;

param:   cost_bundl  marginal :=
1 101 125
2 160 104
3 149 158
4 31 114
5 27 93
6 59 147
7 91 109
8 86 182
9 170 125
10 96 5
11 124 128
12 127 121
13 167 95
14 181 184
15 113 146
16 82 17
17 168 149
18 172 174
19 160 171
20 174 132
21 27 186
22 121 165
23 126 178
24 168 134
25 44 176
26 125 183
27 138 129
28 63 143
29 136 147
30 30 128
31 154 174
32 125 109
33 91 99
34 130 163
35 135 170
;
param: buyer budget :=
  0 2990
  1 1215
  2 2033
  3 327
  4 2436
  5 1069
  6 1389
  7 2762
  8 3217
  9 1121
  10 1411
  11 2477
  12 424
  13 1521
  14 1165
  15 771
  16 243
  17 2207
  18 1725
  19 2855
  20 769
  21 3496
  22 1198
  23 867
  24 2126
  25 2416
  26 2272
  27 278
  28 1842
  29 1487
;
param num_partition :=
4
;
param: item partition_index cardinality :=
0 0 10
1 0 27
2 0 16
3 0 13
4 0 28
5 0 27
6 0 26
7 0 8
8 0 28
9 1 10
10 1 17
11 1 20
12 1 26
13 1 28
14 1 26
15 1 10
16 1 3
17 1 13
18 1 24
19 1 15
20 1 21
21 1 18
22 1 12
23 1 6
24 1 15
25 1 14
26 1 23
27 2 21
28 2 24
29 2 6
30 2 1
31 2 19
32 2 10
33 2 1
34 2 19
