param num_bundles := 35;

param num_cust := 30;

param price_reserve :
   1 2 3 4 5 6 7 8 9 10 11 12 13 14 15 16 17 18 19 20 21 22 23 24 25 26 27 28 29 30 31 32 33 34 35 :=
1 153 715 559 657 720 716 576 774 221 399 537 596 469 587 445 292 29 765 61 735 726 175 403 777 272 106 583 662 438 511 772 545 350 384 416
2 1087 1078 959 1089 410 380 232 928 377 891 493 611 692 917 1091 1034 936 667 938 788 1052 1061 880 977 935 1103 648 95 1001 721 1093 710 683 490 929
3 141 626 581 658 532 243 401 600 387 622 89 439 483 633 713 710 397 419 666 675 570 760 311 571 261 691 47 486 434 203 485 350 746 463 481
4 989 693 752 1105 538 403 839 480 736 847 609 796 1024 792 542 656 941 597 990 903 912 229 910 267 572 647 716 956 1039 1011 27 465 970 1055 1124
5 1222 1203 985 1115 730 1181 1224 1017 684 804 1016 1044 1134 713 516 940 1167 788 998 1096 1190 277 949 980 986 630 405 1172 1026 599 535 1264 1092 1145 1160
6 308 818 888 1240 702 975 923 695 665 762 1089 850 742 1177 979 984 813 1096 1132 629 362 1107 989 848 1005 1022 500 1197 882 1151 866 848 817 506 785
7 311 94 830 840 673 814 507 1025 619 1048 272 1066 160 988 251 907 999 1115 1093 914 781 1100 696 879 850 632 193 706 825 615 1047 965 627 718 204
8 338 178 174 381 354 204 367 394 409 259 397 446 238 153 445 443 322 352 370 510 68 336 380 398 508 333 266 206 463 281 105 424 104 506 360
9 604 117 865 859 443 403 207 799 851 751 425 682 780 878 433 833 762 450 627 814 588 671 352 563 881 683 367 370 300 337 813 516 501 424 811
10 612 509 498 568 613 134 291 708 273 461 584 206 288 614 283 682 647 352 186 83 672 386 610 536 462 439 518 400 199 435 474 222 579 332 144
11 859 708 334 885 675 132 705 514 907 851 833 818 613 655 412 646 388 877 853 832 836 112 703 133 614 879 674 322 846 913 858 763 577 878 872
12 350 428 125 295 370 198 187 127 417 346 468 377 186 478 347 507 341 505 386 476 179 262 418 421 502 351 493 449 381 484 288 265 106 191 443
13 210 743 665 598 750 723 326 197 148 687 515 678 686 200 535 513 426 736 610 680 609 742 379 738 571 562 250 719 494 317 599 203 124 473 319
14 268 581 326 424 514 263 382 601 478 588 156 257 438 467 432 608 340 110 514 142 598 315 43 405 635 251 634 491 354 391 103 539 540 381 332
15 448 417 297 215 112 204 436 400 444 166 393 392 386 376 404 34 261 196 334 327 192 235 351 312 293 387 397 418 326 319 290 441 431 350 379
16 224 598 575 899 862 576 927 954 648 924 731 863 836 762 218 796 616 912 456 463 793 750 549 755 549 670 745 742 925 548 928 970 756 829 398
17 156 146 164 181 148 82 152 138 165 183 103 82 38 173 114 145 184 113 113 32 150 119 65 119 28 75 112 85 18 141 122 175 163 160 87
18 1015 886 1034 527 1129 591 371 238 633 74 755 1105 979 561 1000 870 466 620 901 1052 997 781 143 439 928 461 790 305 260 1112 763 263 959 1041 558
19 704 990 978 903 827 863 669 495 301 875 912 932 720 308 704 820 868 519 503 998 187 412 830 993 892 291 573 459 849 854 812 376 852 565 632
20 532 834 1088 1126 208 549 358 1109 411 458 416 979 1202 970 552 770 512 795 881 872 602 890 858 880 1030 859 154 1148 440 465 849 1095 653 413 983
21 645 607 244 622 625 667 609 385 555 308 311 234 577 274 518 427 179 640 536 529 672 568 95 456 562 715 761 681 795 642 249 726 209 500 713
22 801 579 802 885 581 395 549 15 380 360 802 888 769 743 672 849 892 821 464 684 741 374 748 859 902 364 605 666 721 257 711 744 764 680 765
23 570 1060 1173 1090 498 618 920 563 802 822 665 1174 573 919 933 1042 320 939 599 686 928 435 408 1153 683 733 1178 1020 796 1108 1093 839 648 506 956
24 756 803 283 700 634 723 445 519 546 659 339 486 771 521 523 591 535 253 814 469 895 908 310 534 650 720 845 705 864 805 619 596 683 555 788
25 805 489 248 612 537 562 906 882 450 430 887 643 481 260 314 207 707 431 730 328 793 727 831 589 522 590 844 550 503 644 804 830 760 876 905
26 620 641 642 331 377 470 557 357 367 648 666 796 692 693 688 763 207 727 592 393 249 705 806 229 91 758 765 483 200 588 614 707 552 627 453
27 304 564 992 1146 990 950 1052 1018 1033 498 482 337 1064 725 1107 1098 938 1000 983 851 352 535 551 1085 613 659 1152 1054 346 1114 979 900 1065 180 905
28 501 892 277 622 558 1010 648 923 801 911 594 894 24 307 986 339 908 977 166 923 612 622 577 628 630 338 685 185 613 713 651 1001 124 857 902
29 355 318 318 369 403 366 651 315 204 542 429 627 475 491 462 600 492 397 575 540 518 430 222 461 204 289 495 232 194 340 690 276 552 530 644
30 968 473 336 398 908 323 823 720 110 446 897 384 1123 670 352 1026 1042 549 759 927 910 1113 619 1109 976 891 1124 205 211 1158 460 799 830 894 1005
;

param:   cost_bundl  marginal :=
1 173 73
2 163 168
3 168 53
4 145 142
5 78 79
6 102 72
7 112 55
8 88 91
9 151 129
10 178 160
11 57 161
12 16 79
13 141 138
14 92 185
15 93 119
16 166 166
17 169 164
18 135 123
19 174 180
20 115 143
21 64 65
22 164 153
23 180 102
24 174 123
25 177 43
26 121 25
27 68 106
28 150 160
29 73 92
30 119 112
31 151 142
32 174 30
33 127 136
34 138 178
35 132 145
;
param: buyer budget :=
  0 1058
  1 3269
  2 662
  3 336
  4 1567
  5 2982
  6 2793
  7 1995
  8 2641
  9 936
  10 2415
  11 1875
  12 3648
  13 966
  14 66
  15 2195
  16 3555
  17 606
  18 3013
  19 824
  20 643
  21 775
  22 3606
  23 2017
  24 3681
  25 2261
  26 1593
  27 2562
  28 704
  29 1089
;
param num_partition :=
4
;
param: item partition_index cardinality :=
0 0 23
1 0 5
2 1 6
3 1 29
4 1 11
5 1 6
6 1 24
7 1 11
8 1 15
9 1 19
10 1 19
11 1 25
12 1 20
13 1 7
14 1 29
15 1 2
16 1 13
17 1 1
18 1 21
19 1 16
20 1 19
21 1 22
22 1 17
23 1 27
24 1 13
25 1 4
26 1 6
27 2 10
28 2 3
29 2 4
30 2 25
31 2 20
32 2 27
33 2 16
34 2 16
