param num_bundles := 35;

param num_cust := 30;

param price_reserve :
   1 2 3 4 5 6 7 8 9 10 11 12 13 14 15 16 17 18 19 20 21 22 23 24 25 26 27 28 29 30 31 32 33 34 35 :=
1 610 428 568 102 477 467 386 449 182 790 812 448 183 563 646 597 692 570 884 695 533 689 664 324 665 867 180 815 381 392 548 700 846 626 396
2 695 825 854 497 378 924 912 643 928 440 305 348 879 190 1091 916 991 481 595 120 523 1031 1008 863 1101 477 369 279 649 491 541 601 1054 572 537
3 555 444 513 571 545 677 330 343 404 665 636 626 511 318 627 583 468 633 384 459 362 186 125 351 484 674 497 341 540 379 521 557 470 642 387
4 538 759 938 520 847 933 373 289 828 941 212 616 574 920 763 969 121 954 958 922 722 781 776 546 288 717 432 924 838 810 516 224 368 679 698
5 544 46 382 882 901 554 626 865 717 544 533 423 788 863 757 733 723 840 774 931 929 285 558 267 588 609 181 789 399 599 597 929 699 622 455
6 204 370 302 293 378 258 285 440 446 179 304 365 433 266 285 227 369 316 318 127 140 273 291 240 130 246 206 241 395 424 374 402 423 150 227
7 755 885 695 420 742 353 882 1042 877 1028 198 1014 934 573 1043 368 253 571 942 661 255 930 1044 67 392 644 1020 665 874 772 433 973 382 968 768
8 865 637 105 456 447 686 624 833 677 819 81 814 890 758 864 682 591 730 752 773 874 416 905 335 884 889 853 213 910 618 764 481 682 857 688
9 554 761 1172 1053 577 501 1009 1169 926 1149 776 1015 1124 915 1119 886 1119 760 700 564 1098 858 481 993 680 1161 878 781 479 323 648 277 763 378 1131
10 719 1106 366 1207 564 1011 1121 348 903 1214 164 493 1215 1015 1055 1152 1188 1010 964 1012 357 1214 495 993 1172 1188 1224 950 783 913 451 1174 1183 1044 972
11 260 408 445 573 503 57 516 516 321 598 599 374 566 664 654 645 596 555 377 480 675 579 536 299 476 282 361 365 552 655 413 370 454 661 343
12 746 863 296 378 628 527 745 872 724 655 570 780 228 863 420 144 890 806 612 203 868 630 603 636 718 133 860 648 849 829 639 799 837 660 793
13 117 163 184 124 116 87 55 133 151 130 154 182 140 70 173 104 132 142 186 140 108 159 149 186 148 164 130 131 88 166 124 132 157 145 45
14 738 997 805 467 108 389 352 657 488 236 860 949 1011 552 710 854 913 265 186 253 647 1001 409 574 573 1030 982 794 632 944 911 865 663 961 544
15 311 358 175 173 218 309 278 354 340 236 352 67 329 81 337 366 271 143 165 222 314 81 193 310 319 95 219 153 371 162 266 312 334 155 158
16 888 685 298 881 660 614 595 269 567 550 177 541 714 803 656 576 241 768 727 179 808 362 754 184 401 562 161 658 607 767 443 580 391 428 298
17 498 608 607 353 595 94 640 494 424 509 395 340 545 463 34 504 460 499 644 418 136 630 525 316 469 640 138 416 449 462 552 309 364 558 448
18 806 1070 671 651 935 854 791 608 871 1099 848 868 1075 327 1025 517 767 713 723 1011 635 265 739 407 451 597 929 872 1088 972 497 1009 931 470 516
19 908 1138 983 403 167 785 1199 717 1165 610 652 1201 929 342 547 1124 1236 530 825 593 870 764 850 658 1187 305 413 297 652 483 768 385 1068 1085 815
20 971 248 1107 855 347 684 1150 1209 1033 736 277 325 704 1141 791 660 837 749 597 1047 745 434 528 548 1012 979 1112 330 551 838 519 977 828 802 340
21 377 639 553 437 546 494 468 603 632 382 573 635 379 339 445 543 514 440 573 433 88 556 623 449 528 514 235 322 480 223 241 644 389 587 609
22 1091 1165 382 1215 710 621 537 1095 417 766 1001 724 875 1022 1136 1090 1009 1108 1123 865 1156 1022 921 818 663 960 1086 1171 496 1207 277 67 858 385 912
23 1158 1046 482 178 1003 884 503 1121 1089 921 523 279 626 718 882 1015 1169 404 558 1160 1094 353 1152 250 543 837 732 947 661 166 532 20 1168 1113 686
24 216 704 530 981 838 750 457 1074 466 894 880 345 866 740 951 708 235 1109 948 826 672 483 494 1149 741 879 355 1041 951 265 617 1057 849 939 509
25 580 590 704 481 748 622 664 693 484 664 779 760 150 789 713 408 442 568 243 803 769 345 748 682 724 776 698 375 573 653 783 719 807 351 700
26 938 702 850 916 855 804 370 852 447 479 390 887 661 526 893 345 692 372 446 568 483 444 664 883 740 904 988 709 572 560 985 990 583 911 750
27 858 1014 435 1062 882 997 1109 740 295 456 947 1062 698 1083 1012 522 283 1069 539 677 1107 766 991 755 1116 511 858 968 542 860 1007 1104 915 607 931
28 825 761 799 402 188 602 847 706 948 926 938 176 99 215 412 668 645 824 733 571 714 272 787 463 814 855 597 762 749 865 499 850 928 861 745
29 526 908 779 861 93 294 935 858 898 620 717 816 295 164 962 524 375 933 462 822 808 893 621 921 956 1021 456 911 181 803 446 833 998 804 880
30 362 964 621 1209 909 1111 773 685 748 1120 1163 472 949 1123 1044 1066 747 919 1083 434 1069 812 1084 637 668 1021 906 859 881 1081 565 1160 1193 389 513
;

param:   cost_bundl  marginal :=
1 107 143
2 103 95
3 100 92
4 158 101
5 124 91
6 158 96
7 157 101
8 167 80
9 113 162
10 135 116
11 138 121
12 21 169
13 164 65
14 65 179
15 158 123
16 97 129
17 47 176
18 183 181
19 166 126
20 25 127
21 153 92
22 139 101
23 185 155
24 163 171
25 119 150
26 153 62
27 108 139
28 132 125
29 55 85
30 132 103
31 78 124
32 161 101
33 176 123
34 114 119
35 181 71
;
param: buyer budget :=
  0 2590
  1 1416
  2 208
  3 2461
  4 1937
  5 2864
  6 1217
  7 2171
  8 3160
  9 2295
  10 2798
  11 3537
  12 3334
  13 1998
  14 841
  15 428
  16 1614
  17 1025
  18 488
  19 624
  20 1046
  21 686
  22 2657
  23 1953
  24 1984
  25 253
  26 3513
  27 631
  28 2015
  29 3387
;
param num_partition :=
4
;
param: item partition_index cardinality :=
0 0 4
1 0 3
2 0 15
3 0 8
4 0 6
5 0 12
6 0 8
7 0 17
8 0 17
9 0 23
10 0 20
11 0 2
12 0 19
13 0 17
14 0 20
15 0 5
16 0 24
17 0 2
18 0 5
19 0 8
20 0 17
21 0 13
22 0 14
23 0 6
24 0 13
25 0 18
26 0 11
27 0 9
28 0 25
29 0 7
21 2 13
22 2 14
23 2 6
24 2 13
25 2 18
26 2 11
27 2 9
28 2 25
29 2 7
30 2 4
31 2 25
32 2 6
33 2 22
34 2 11
