param num_bundles := 35;

param num_cust := 30;

param price_reserve :
   1 2 3 4 5 6 7 8 9 10 11 12 13 14 15 16 17 18 19 20 21 22 23 24 25 26 27 28 29 30 31 32 33 34 35 :=
1 610 723 703 27 406 655 477 679 715 652 702 546 682 644 427 511 654 585 314 797 798 309 681 367 525 511 447 516 211 506 585 726 763 353 698
2 328 647 806 522 584 778 446 743 690 340 209 430 923 202 939 132 860 957 463 373 432 602 898 829 612 757 322 840 878 561 350 934 457 834 844
3 1093 1091 1006 343 213 894 499 1084 232 206 632 687 1017 896 584 974 1014 984 967 1100 437 999 1122 115 380 1119 32 1043 1028 717 812 978 1007 919 663
4 365 1004 896 540 101 1130 952 966 950 1046 1160 866 360 815 877 647 935 768 985 826 917 731 955 1060 835 1040 944 730 455 1259 1248 1021 297 1220 1154
5 970 917 747 791 1015 1087 316 599 280 541 984 642 383 994 1115 311 950 549 948 978 991 710 844 737 700 889 543 1133 975 1139 1075 716 770 777 555
6 389 800 903 519 356 736 597 246 498 907 535 739 404 560 771 503 644 859 550 151 521 887 424 711 514 837 957 522 782 781 725 941 709 264 875
7 67 726 607 686 734 758 869 497 826 746 682 806 756 763 503 89 232 325 273 839 884 507 197 817 395 772 677 384 724 431 779 687 377 352 730
8 308 166 982 545 392 1022 1008 770 924 891 751 135 727 888 980 861 876 648 920 578 1095 157 666 812 493 711 962 1114 385 1024 616 803 842 898 712
9 170 979 711 949 398 948 595 1058 1138 1067 273 1065 327 379 587 367 672 1010 653 541 873 927 1088 920 698 826 959 1100 1001 497 481 392 674 773 1093
10 959 183 472 227 994 389 522 996 1060 1130 1008 920 1043 944 175 811 716 952 474 1122 1137 467 96 599 750 323 878 809 557 1127 555 1050 976 478 917
11 740 891 494 630 647 429 743 749 591 654 228 740 895 780 493 897 986 577 477 702 964 586 909 710 364 296 502 190 134 754 880 81 980 675 525
12 421 513 443 695 670 160 644 270 666 266 686 254 344 695 334 673 668 273 417 343 28 527 572 606 239 577 136 719 494 585 403 742 716 621 683
13 785 367 786 612 1054 982 761 503 980 711 337 1015 799 852 528 843 945 465 1006 1034 939 386 773 691 591 481 696 499 975 54 958 275 878 456 416
14 654 612 866 855 404 831 458 595 597 754 708 366 576 294 154 710 247 679 464 330 942 241 806 1018 857 597 877 836 826 814 1001 952 29 529 889
15 497 539 30 364 335 386 227 437 256 413 386 349 485 460 541 313 608 537 355 365 612 422 643 405 459 482 569 274 363 446 527 441 174 252 622
16 199 155 252 314 331 312 367 247 313 260 362 214 326 330 246 239 237 307 285 193 326 366 158 246 254 317 311 272 286 148 371 277 225 290 125
17 301 594 773 236 775 629 626 602 318 134 564 678 577 234 185 738 721 384 704 758 511 536 629 747 274 623 710 490 368 594 617 500 362 536 678
18 643 626 498 1060 1007 386 685 986 258 993 801 633 836 985 1077 983 1085 1005 932 858 715 948 664 281 860 769 978 644 352 542 645 588 1063 400 458
19 876 598 853 839 558 1110 669 1074 1139 1114 952 1121 983 581 423 824 699 1138 1078 503 276 915 1100 843 1074 78 1030 1068 343 680 1111 665 895 262 409
20 51 622 908 756 150 530 587 886 871 507 421 700 845 165 603 683 681 690 804 396 676 173 723 636 191 602 519 197 819 520 369 226 403 473 808
21 922 542 594 773 757 503 715 685 269 864 369 987 425 1020 651 836 915 609 438 241 525 644 641 972 750 1000 58 17 983 905 590 951 629 259 820
22 983 524 925 451 638 762 647 502 29 810 239 822 349 806 657 633 594 444 949 919 622 461 828 678 362 626 873 911 984 932 447 944 907 317 680
23 836 898 1044 637 451 939 1040 733 716 1076 544 1092 624 358 931 913 760 822 340 579 1003 623 541 993 749 1100 889 258 356 311 662 996 714 19 806
24 1240 150 808 993 188 224 540 803 1185 1238 665 1142 725 910 47 707 1003 774 936 1183 55 402 1151 1001 1161 894 443 1026 1137 399 557 59 117 214 729
25 828 760 587 383 852 654 604 400 809 575 1000 441 819 862 681 972 617 247 100 849 741 570 1000 604 714 186 715 209 894 874 834 981 709 774 883
26 138 672 382 130 777 89 776 570 506 811 899 412 989 289 899 865 562 541 844 863 768 830 883 567 829 23 642 842 856 590 889 770 351 613 486
27 205 275 375 354 475 486 478 509 301 507 360 429 182 451 437 44 497 321 286 181 389 234 335 427 398 451 416 291 355 365 504 378 476 485 473
28 325 857 1003 758 541 668 439 1177 910 1137 857 1137 867 1018 436 1112 805 392 615 176 962 705 1170 996 1124 640 901 1123 1069 264 407 680 1151 951 426
29 989 857 762 639 941 954 651 402 1060 330 961 891 973 436 204 826 957 737 900 421 660 545 985 1038 129 625 308 315 977 908 612 842 502 1021 122
30 454 284 64 640 453 202 565 404 693 578 556 710 383 621 46 616 337 532 637 675 445 664 405 0 585 702 671 204 685 705 599 419 526 212 578
;

param:   cost_bundl  marginal :=
1 151 93
2 128 154
3 86 124
4 98 168
5 184 146
6 160 162
7 46 83
8 183 102
9 55 179
10 120 156
11 115 113
12 111 85
13 176 103
14 129 0
15 158 104
16 155 93
17 154 148
18 162 169
19 90 65
20 121 79
21 152 109
22 35 176
23 99 83
24 95 143
25 109 184
26 175 88
27 171 182
28 123 113
29 48 57
30 159 176
31 144 166
32 60 116
33 165 116
34 44 88
35 157 138
;
param: buyer budget :=
  0 761
  1 200
  2 1289
  3 3157
  4 3511
  5 1855
  6 201
  7 882
  8 2448
  9 1342
  10 2388
  11 3646
  12 2179
  13 3207
  14 3008
  15 2024
  16 3206
  17 3632
  18 2849
  19 2304
  20 1302
  21 2407
  22 1220
  23 2685
  24 2447
  25 3654
  26 2433
  27 1625
  28 3042
  29 3649
;
param num_partition :=
4
;
param: item partition_index cardinality :=
0 0 27
1 0 7
2 0 4
3 0 5
4 0 17
5 0 23
6 0 10
7 0 15
8 0 2
9 0 3
10 0 2
11 0 7
12 0 15
13 0 24
14 0 19
15 0 29
16 0 26
17 0 23
18 0 11
19 0 1
20 0 23
21 0 8
22 0 9
23 0 6
24 0 19
25 0 22
26 0 26
27 0 9
28 0 16
10 2 2
11 2 7
12 2 15
13 2 24
14 2 19
15 2 29
16 2 26
17 2 23
18 2 11
19 2 1
20 2 23
21 2 8
22 2 9
23 2 6
24 2 19
25 2 22
26 2 26
27 2 9
28 2 16
29 2 18
30 2 20
31 2 29
32 2 27
33 2 16
34 2 2
