param num_bundles := 35;

param num_cust := 30;

param price_reserve :
   1 2 3 4 5 6 7 8 9 10 11 12 13 14 15 16 17 18 19 20 21 22 23 24 25 26 27 28 29 30 31 32 33 34 35 :=
1 934 1021 678 930 825 1021 831 547 606 827 950 853 810 940 775 831 535 960 371 996 942 502 331 895 860 597 551 626 410 716 577 440 823 866 215
2 591 578 404 527 290 555 626 454 520 397 108 487 470 328 608 419 671 314 538 132 282 439 380 596 151 587 645 515 537 666 520 681 279 501 641
3 725 267 621 739 496 551 312 428 433 624 446 308 433 607 632 571 713 614 300 692 336 205 213 492 748 574 692 196 715 710 460 230 655 700 660
4 203 838 260 618 788 820 371 330 547 542 812 187 135 735 549 385 707 276 697 455 201 532 634 672 491 623 686 576 762 336 564 512 355 666 717
5 101 100 438 389 225 421 328 224 418 530 445 198 425 246 409 219 533 203 546 221 293 453 76 314 182 131 502 345 483 285 499 356 365 516 137
6 811 497 1170 834 966 720 699 934 463 769 818 711 1088 844 852 604 510 508 1023 676 730 413 676 432 1097 875 668 1207 666 808 188 813 957 993 614
7 636 455 386 260 540 484 217 624 474 568 182 584 143 570 416 597 148 412 621 565 634 313 503 356 354 368 440 547 79 520 520 191 613 309 382
8 237 422 116 428 293 263 255 365 201 436 444 238 425 255 204 400 169 105 286 197 412 301 187 288 444 441 67 204 403 397 234 273 295 178 302
9 345 132 292 268 292 226 126 322 225 327 193 367 321 266 64 370 316 129 100 260 361 243 356 277 249 283 52 198 114 249 291 318 173 323 154
10 465 1068 589 602 649 942 840 279 934 647 1039 208 968 153 405 609 786 986 913 38 1121 419 1119 768 670 952 288 737 1132 895 1051 88 753 597 309
11 579 588 457 618 497 667 262 627 540 694 512 643 293 675 438 623 534 624 670 531 604 557 514 297 666 500 376 680 610 495 588 206 461 611 685
12 1010 510 413 1046 442 930 1110 618 1073 747 658 390 473 941 666 573 856 597 1062 1046 987 925 775 1031 801 982 1140 782 781 251 493 814 1028 178 1108
13 415 290 701 977 415 250 850 919 458 197 679 335 638 247 608 750 401 504 695 1012 873 728 853 165 575 500 777 783 752 692 867 191 536 94 904
14 591 819 657 291 414 1038 1039 1132 256 1165 394 842 936 765 881 187 1150 677 185 1015 1022 1124 500 695 1130 1082 739 596 872 923 778 820 1093 866 1054
15 541 875 838 652 645 227 625 598 653 868 382 732 205 488 840 618 758 450 845 616 783 806 464 564 260 768 423 487 848 795 698 612 794 106 605
16 693 992 1154 687 756 1025 1081 1205 1028 459 549 1197 1058 748 179 1189 287 493 911 455 1054 363 612 763 581 1158 1013 540 817 792 384 418 229 568 731
17 277 309 339 376 110 272 146 296 427 62 197 155 258 405 340 280 402 450 397 387 284 292 194 210 272 432 241 235 140 187 276 277 391 313 419
18 833 262 796 903 800 542 927 641 776 658 368 348 893 83 907 344 871 863 886 665 552 709 604 889 502 347 470 925 575 347 877 545 816 852 838
19 382 674 348 524 268 561 694 638 612 567 759 145 541 343 743 422 778 776 665 683 554 407 337 402 527 601 647 612 430 742 661 614 611 753 734
20 286 747 785 573 808 484 685 505 890 893 559 447 343 838 427 834 886 847 620 802 157 435 881 909 669 486 523 617 279 603 824 794 856 837 755
21 220 601 322 529 352 793 351 227 709 635 595 372 776 620 810 541 785 675 261 357 726 834 835 861 814 476 799 283 92 679 434 654 640 674 859
22 535 412 598 574 267 790 606 675 816 51 864 177 219 836 866 568 332 735 432 468 691 384 490 350 652 0 592 840 885 492 577 746 315 433 777
23 348 158 303 351 349 372 338 68 356 309 135 131 134 219 213 220 259 360 370 95 401 389 348 408 307 211 63 255 370 376 336 231 307 260 323
24 846 894 361 712 1066 853 1003 780 522 820 700 744 282 833 951 891 609 981 883 882 1021 268 701 991 899 840 829 301 202 968 908 800 922 969 663
25 614 955 974 675 957 528 716 779 80 344 539 140 529 387 285 932 872 751 972 642 1039 916 383 816 644 946 301 566 253 1028 1047 825 208 886 602
26 957 767 933 771 575 942 233 172 940 928 493 766 115 448 710 781 766 885 430 288 905 391 937 758 384 710 714 666 485 802 679 940 856 130 432
27 872 728 492 248 930 721 567 618 861 949 1137 866 982 489 479 878 967 762 1026 834 829 275 1021 705 329 837 1137 349 1041 1138 1129 886 615 162 868
28 1259 860 319 875 933 338 1243 533 397 1102 402 1164 525 681 1216 732 1131 851 155 572 1196 981 1243 1205 876 767 896 1028 596 1159 934 1125 440 416 790
29 676 642 848 863 836 666 734 341 394 883 503 433 881 380 592 652 934 504 509 724 872 678 847 614 938 750 154 597 945 646 919 839 859 958 690
30 974 1019 1198 316 333 541 1243 579 866 1168 1047 925 1005 686 1198 1128 1111 605 555 959 1033 479 1214 1022 1196 361 1009 643 580 120 338 995 949 568 576
;

param:   cost_bundl  marginal :=
1 148 186
2 78 35
3 164 83
4 125 172
5 57 160
6 136 92
7 94 178
8 177 127
9 121 179
10 112 181
11 176 140
12 135 93
13 11 29
14 120 104
15 175 175
16 42 64
17 52 147
18 57 31
19 124 183
20 37 168
21 180 183
22 151 106
23 55 162
24 76 88
25 184 26
26 184 124
27 37 69
28 146 181
29 134 152
30 186 181
31 180 84
32 152 160
33 186 157
34 99 140
35 94 30
;
param: buyer budget :=
  0 3318
  1 2229
  2 959
  3 2671
  4 527
  5 122
  6 3209
  7 1471
  8 2458
  9 900
  10 3123
  11 5
  12 1971
  13 809
  14 3355
  15 319
  16 328
  17 522
  18 2669
  19 1335
  20 2586
  21 3054
  22 1195
  23 434
  24 1292
  25 3635
  26 126
  27 2976
  28 1188
  29 290
;
param num_partition :=
4
;
param: item partition_index cardinality :=
0 0 10
1 0 7
2 1 6
3 1 29
4 1 26
5 1 8
6 1 5
7 1 26
8 1 7
9 1 3
10 1 10
11 1 28
12 1 12
13 1 7
14 1 14
15 1 4
16 1 19
17 1 17
18 1 27
19 1 4
20 1 9
21 1 27
22 1 4
23 1 25
24 1 3
25 1 21
26 1 19
27 1 25
28 1 5
29 1 14
30 1 10
31 1 23
32 1 9
33 1 18
34 2 6
