param num_bundles := 35;

param num_cust := 20;

param price_reserve :
   1 2 3 4 5 6 7 8 9 10 11 12 13 14 15 16 17 18 19 20 21 22 23 24 25 26 27 28 29 30 31 32 33 34 35 :=
1 1204 958 996 590 937 85 699 1038 659 587 667 1102 908 927 864 573 673 610 649 758 800 1106 353 840 1218 459 1137 797 410 1083 586 1194 1098 271 1185
2 1005 763 322 580 773 542 535 1070 1072 954 1037 523 955 1060 968 539 685 850 505 840 446 308 807 473 681 1058 890 384 681 474 437 540 815 211 534
3 371 660 514 674 655 756 145 672 289 608 241 494 327 597 600 532 429 388 669 508 250 455 494 270 709 629 420 312 664 719 710 734 784 285 369
4 186 139 184 80 162 183 183 182 168 50 176 129 115 170 177 94 148 168 21 117 170 179 83 159 126 104 90 99 124 174 175 140 145 55 164
5 738 516 512 599 150 561 802 506 562 760 278 716 710 472 307 450 725 750 806 694 416 699 671 647 536 552 439 309 486 530 719 424 31 474 484
6 480 383 483 153 459 467 508 338 281 409 226 540 364 392 365 230 130 524 31 441 481 520 500 454 310 351 560 532 338 492 403 481 432 506 401
7 398 889 229 406 982 879 255 901 478 716 387 967 344 356 964 837 267 672 908 770 977 496 872 798 271 949 987 882 800 763 496 928 616 668 540
8 977 870 678 978 602 952 29 335 682 580 517 725 905 564 594 852 298 270 996 838 532 393 825 527 956 716 611 791 899 665 743 729 514 968 934
9 177 697 711 630 276 727 700 300 784 608 839 372 577 684 295 942 39 691 303 837 559 769 781 584 637 421 578 675 612 227 459 768 542 223 696
10 609 865 660 565 771 649 841 508 712 937 739 227 608 191 880 696 456 740 664 498 357 816 927 715 388 297 830 667 235 799 576 289 768 629 759
11 1007 1080 159 942 1119 1133 592 1000 1114 830 685 352 1176 511 1106 505 946 291 759 1058 644 579 886 658 1126 1005 247 593 1118 853 850 946 1009 1056 721
12 682 360 115 823 233 740 662 541 576 644 600 408 615 659 507 778 689 325 475 487 398 593 802 688 452 190 729 223 797 672 609 120 486 802 827
13 432 940 793 900 415 878 778 438 462 905 807 891 735 304 590 603 519 234 727 509 904 357 294 916 174 236 242 547 857 933 738 567 436 657 685
14 797 978 1042 615 848 851 868 784 694 858 887 174 1000 438 746 320 415 962 1078 1010 1026 296 52 904 67 897 774 1069 573 454 423 394 741 677 687
15 913 610 600 787 917 674 835 273 870 828 146 47 619 616 150 672 297 786 666 380 203 191 560 618 849 479 303 861 828 370 558 272 721 763 797
16 734 352 703 473 749 210 902 643 159 583 611 681 967 1020 574 780 643 792 663 1035 943 439 509 321 315 921 1057 640 981 692 1025 795 782 588 947
17 498 481 584 357 669 519 501 292 646 756 426 575 558 233 867 817 435 552 153 854 712 810 298 605 401 837 237 374 678 501 395 589 820 843 387
18 98 782 798 750 762 468 728 568 408 764 484 666 467 592 807 543 437 325 734 304 550 704 155 346 415 628 469 504 148 285 625 503 233 561 298
19 574 678 481 700 424 180 556 721 528 655 694 623 614 645 249 471 490 582 654 430 325 290 225 576 689 594 530 202 365 637 35 693 89 647 723
20 329 231 517 420 296 401 806 647 389 190 654 671 635 205 698 603 535 780 800 250 674 531 657 623 501 666 754 621 646 641 626 685 245 649 692
;

param:   cost_bundl  marginal :=
1 151 90
2 186 182
3 183 101
4 146 64
5 74 158
6 42 162
7 15 50
8 107 122
9 165 156
10 183 35
11 142 169
12 140 20
13 118 152
14 153 104
15 178 176
16 133 173
17 90 185
18 169 94
19 152 143
20 63 103
21 145 163
22 105 84
23 147 166
24 148 179
25 163 183
26 186 146
27 85 90
28 42 163
29 151 175
30 144 122
31 177 139
32 128 176
33 8 172
34 114 172
35 186 154
;
param: buyer budget :=
  0 495
  1 821
  2 856
  3 525
  4 863
  5 50
  6 1131
  7 425
  8 407
  9 513
  10 589
  11 333
  12 1041
  13 578
  14 623
  15 137
  16 234
  17 52
  18 685
  19 1156
;
param num_partition :=
2
;
param: item partition_index cardinality :=
0 0 19
1 0 1
2 0 4
3 0 6
4 0 4
5 0 4
6 0 6
7 0 12
8 0 13
9 0 3
10 0 4
11 0 1
12 0 2
13 0 1
14 0 6
15 0 2
16 0 14
17 0 1
18 0 16
19 0 10
20 0 19
21 0 5
22 0 8
23 0 3
24 0 11
25 0 11
26 0 11
27 0 14
28 0 8
29 0 19
30 0 16
31 0 17
32 0 10
33 0 14
34 0 2
