param num_bundles := 35;

param num_cust := 20;

param price_reserve :
   1 2 3 4 5 6 7 8 9 10 11 12 13 14 15 16 17 18 19 20 21 22 23 24 25 26 27 28 29 30 31 32 33 34 35 :=
1 314 797 530 737 948 492 221 762 914 180 865 571 225 723 755 778 968 527 982 652 295 938 673 905 436 506 839 925 874 801 324 818 688 827 560
2 1182 1165 748 1008 1132 832 1205 1014 1060 1019 825 670 713 546 515 1175 1150 1131 1108 491 921 808 674 605 1117 1082 896 543 802 250 1168 697 896 581 950
3 422 832 799 717 883 1085 42 315 210 603 1016 1003 588 836 1111 843 1237 935 378 1211 326 1063 535 1195 1244 629 610 783 1093 1127 998 908 1119 633 827
4 505 565 121 341 603 450 242 386 552 254 567 544 579 315 602 632 376 585 375 456 350 481 554 490 551 637 126 93 307 281 548 459 307 382 603
5 342 858 836 432 669 449 591 952 645 365 236 995 660 692 946 801 731 1024 722 1028 785 938 815 842 614 924 449 1014 581 874 693 1034 466 701 1018
6 703 721 589 792 100 707 331 420 609 643 449 596 442 607 540 557 796 461 655 515 746 653 417 682 315 485 640 586 651 579 786 715 348 422 333
7 538 709 350 203 390 683 779 619 791 515 622 358 698 597 411 426 581 507 674 695 495 504 418 456 380 205 753 266 432 761 763 518 771 548 160
8 751 861 637 242 870 619 739 387 663 767 299 817 194 594 866 821 660 333 434 401 811 206 552 473 407 576 563 562 355 473 799 440 417 854 313
9 593 880 395 674 709 83 605 631 645 784 746 799 708 404 687 858 825 684 864 794 515 287 459 810 841 783 833 904 772 315 548 924 838 485 430
10 170 86 167 85 62 160 94 166 159 128 138 115 168 105 126 47 138 184 107 141 183 161 134 128 176 63 83 130 144 165 127 120 148 61 109
11 1179 397 946 738 1071 214 910 861 555 1069 968 1001 1155 453 984 908 336 231 1072 146 1190 969 1068 744 422 1017 1242 660 977 1027 1232 524 1118 1102 550
12 498 333 707 1177 963 1034 1091 579 874 747 1020 1160 1088 919 831 794 544 849 523 798 915 1142 587 849 813 859 745 1158 852 731 757 494 1146 803 413
13 454 885 494 678 362 452 244 354 285 720 602 459 327 906 641 977 585 661 353 676 1012 247 831 649 542 955 620 991 773 642 566 1022 654 312 584
14 862 336 606 499 474 632 833 416 773 239 298 766 703 821 937 477 211 500 314 320 954 704 693 809 924 897 935 315 888 762 894 889 580 621 775
15 853 278 567 885 292 213 511 486 575 646 643 175 762 566 52 908 906 556 537 904 625 138 438 244 695 511 520 910 341 883 774 932 377 674 581
16 992 877 550 924 257 753 210 482 671 992 1045 1057 860 364 1008 1031 788 660 391 904 466 991 840 682 938 635 536 342 726 717 686 864 976 892 727
17 782 1119 1132 779 1136 649 822 986 796 1003 782 923 916 724 346 560 491 1098 579 555 424 1072 997 445 755 791 593 525 912 1077 1048 681 342 946 1101
18 1104 793 1008 756 364 787 990 399 739 1120 374 1019 852 690 998 970 689 796 855 423 985 577 784 783 1130 482 871 432 947 933 507 695 768 1067 574
19 881 1078 207 785 1137 955 1119 665 721 676 571 1108 1155 117 664 1050 752 204 871 467 176 931 226 823 1101 899 160 1073 543 134 874 1088 498 990 758
20 609 577 1206 587 923 651 599 531 122 635 1088 598 241 1120 756 1123 238 574 998 929 791 965 1133 963 919 1140 911 906 925 736 1079 697 416 1166 1124
;

param:   cost_bundl  marginal :=
1 151 183
2 38 164
3 105 138
4 116 158
5 32 92
6 149 23
7 174 155
8 94 50
9 92 156
10 156 132
11 178 115
12 107 167
13 154 186
14 178 81
15 175 51
16 181 126
17 165 96
18 179 149
19 144 150
20 175 180
21 21 169
22 162 171
23 151 145
24 26 75
25 169 175
26 140 122
27 165 160
28 162 89
29 63 143
30 180 148
31 174 158
32 126 163
33 111 62
34 144 130
35 168 80
;
param: buyer budget :=
  0 586
  1 447
  2 713
  3 975
  4 114
  5 1203
  6 282
  7 1082
  8 623
  9 171
  10 649
  11 226
  12 1197
  13 769
  14 1063
  15 452
  16 98
  17 1221
  18 536
  19 493
;
param num_partition :=
2
;
param: item partition_index cardinality :=
0 0 5
1 0 2
2 0 1
3 0 11
4 0 7
5 0 7
6 0 12
7 0 11
8 0 16
9 0 10
10 0 13
11 0 4
12 0 2
13 0 1
14 0 8
15 0 8
16 0 14
17 0 2
18 0 14
19 0 16
20 0 7
21 0 12
22 0 8
23 0 15
24 0 2
25 0 9
26 0 19
27 0 6
28 0 4
29 0 4
30 0 9
31 0 3
32 0 17
33 0 8
34 0 11
