param num_bundles := 35;

param num_cust := 20;

param price_reserve :
   1 2 3 4 5 6 7 8 9 10 11 12 13 14 15 16 17 18 19 20 21 22 23 24 25 26 27 28 29 30 31 32 33 34 35 :=
1 59 84 152 31 51 74 141 69 173 105 117 150 166 83 161 144 36 151 82 28 139 123 158 136 108 160 148 168 94 174 185 96 113 174 175
2 575 554 266 644 365 345 525 634 404 596 611 376 472 455 620 614 360 472 589 606 441 342 214 571 276 611 500 244 289 86 597 514 418 139 184
3 975 691 794 890 811 848 397 923 963 919 348 805 724 898 566 912 565 963 557 877 471 955 351 405 456 439 847 427 825 691 894 686 973 955 893
4 217 358 334 69 92 294 121 239 306 140 167 212 152 371 333 153 187 147 311 279 264 90 325 370 239 316 277 196 42 353 267 318 309 311 277
5 838 446 814 527 543 612 666 585 670 495 795 830 843 948 223 265 439 188 434 866 850 873 648 530 865 379 923 442 266 606 347 334 650 830 570
6 510 461 1076 602 756 874 1096 1011 461 1116 1067 970 453 1069 779 959 1041 333 931 156 875 871 439 957 979 783 299 1075 455 1014 93 355 476 877 553
7 392 494 545 773 189 984 1028 880 280 459 895 310 517 281 858 574 240 847 511 385 1003 844 162 569 427 750 822 913 694 616 430 635 685 681 978
8 894 908 180 598 825 896 805 634 762 192 599 753 840 585 490 867 702 528 583 860 808 641 663 578 853 701 417 175 620 464 510 789 656 888 474
9 868 715 408 853 186 503 905 287 666 535 836 725 509 510 95 628 864 732 249 670 933 237 199 941 837 797 869 657 706 891 505 884 68 833 893
10 48 480 823 427 802 330 569 282 748 255 565 769 753 735 716 430 851 502 535 662 802 526 614 473 605 691 809 470 751 525 826 586 683 834 667
11 687 968 542 432 335 939 657 594 686 1062 867 839 1082 120 290 852 877 624 591 754 995 597 758 965 956 338 1041 843 450 575 983 380 680 286 609
12 433 355 139 165 421 393 681 486 570 383 614 437 606 631 184 246 180 644 420 487 396 566 594 401 345 485 559 505 679 377 408 149 573 406 695
13 628 758 202 732 403 802 611 264 273 463 842 747 801 533 861 793 304 471 845 803 205 439 703 656 479 655 787 544 535 765 792 432 135 448 299
14 989 712 909 868 1098 656 995 516 1204 902 986 1080 334 722 661 644 1060 325 216 1095 256 727 923 764 986 367 1060 697 571 1021 1211 1142 400 1178 698
15 758 868 196 838 412 334 509 610 291 1018 808 588 992 547 1060 186 884 732 897 834 651 592 686 1030 977 1013 981 611 550 755 905 602 1043 1062 137
16 478 604 584 465 563 680 704 522 516 755 632 708 701 712 381 41 398 142 773 763 778 725 248 390 270 483 721 470 684 371 603 414 480 427 775
17 401 667 573 437 653 531 547 572 348 676 378 664 442 612 234 554 580 277 296 477 354 656 611 457 460 194 535 320 466 437 566 86 540 622 660
18 168 147 91 148 10 122 116 126 135 156 152 177 186 164 109 150 168 182 70 74 154 55 186 139 99 60 113 167 94 145 187 179 147 82 114
19 452 467 510 309 245 401 184 347 534 509 345 307 313 287 534 277 348 447 351 214 469 216 217 73 291 430 558 383 540 491 362 150 396 406 259
20 539 910 465 1214 743 893 989 1217 633 1188 466 85 798 1003 423 984 692 1235 492 753 1027 236 392 1234 501 1079 886 488 732 687 1240 975 1064 772 912
;

param:   cost_bundl  marginal :=
1 167 55
2 57 128
3 124 165
4 151 180
5 137 48
6 177 62
7 123 152
8 86 185
9 109 160
10 115 174
11 103 68
12 113 169
13 131 173
14 124 134
15 175 75
16 178 151
17 175 170
18 95 98
19 79 57
20 177 153
21 144 112
22 133 41
23 134 62
24 185 184
25 57 185
26 109 158
27 104 70
28 158 133
29 110 102
30 83 170
31 125 157
32 177 130
33 140 186
34 128 179
35 163 124
;
param: buyer budget :=
  0 296
  1 272
  2 752
  3 732
  4 577
  5 352
  6 321
  7 879
  8 98
  9 926
  10 1062
  11 1172
  12 1124
  13 166
  14 854
  15 777
  16 422
  17 434
  18 858
  19 1057
;
param num_partition :=
2
;
param: item partition_index cardinality :=
0 0 12
1 0 12
2 0 19
3 0 15
4 0 12
5 0 16
6 0 15
7 0 19
8 0 8
9 0 2
10 0 10
11 0 18
12 0 13
13 0 19
14 0 3
15 0 15
16 0 16
17 0 6
18 0 4
19 0 7
20 0 13
21 0 9
22 0 17
23 0 13
24 0 8
25 0 7
26 0 4
27 0 14
28 0 16
29 0 16
30 0 15
31 0 10
32 0 11
33 0 13
34 0 12
