param num_bundles := 35;

param num_cust := 20;

param price_reserve :
   1 2 3 4 5 6 7 8 9 10 11 12 13 14 15 16 17 18 19 20 21 22 23 24 25 26 27 28 29 30 31 32 33 34 35 :=
1 315 520 384 535 638 664 635 168 602 29 478 725 646 82 335 570 301 322 649 404 260 552 753 679 691 669 105 358 384 461 668 346 296 320 709
2 740 836 728 437 822 818 858 252 631 361 265 124 783 352 808 564 639 509 312 721 852 567 839 712 508 506 798 743 780 541 574 609 205 684 635
3 417 383 418 474 87 568 480 396 518 515 518 220 530 108 330 549 583 240 637 370 541 549 295 375 398 582 142 356 440 610 472 461 64 621 384
4 718 913 479 685 628 912 1221 994 1001 953 784 1215 883 841 946 460 1119 357 897 1148 1204 831 1042 870 589 787 804 1032 1125 1178 906 1182 1063 970 981
5 868 1110 1164 712 536 758 612 621 1056 1001 929 1033 1094 689 1023 625 988 749 1142 614 871 920 995 1068 527 905 925 725 896 1115 1087 1012 356 407 1053
6 1254 1140 934 1166 954 783 556 769 108 980 518 820 1131 1111 454 1236 801 626 384 813 1231 855 655 646 1109 540 437 1013 988 839 719 210 141 983 1179
7 335 911 518 843 871 865 893 829 353 987 418 245 830 748 784 820 895 985 508 391 460 721 681 589 974 730 634 823 286 569 909 727 333 360 797
8 693 515 711 746 152 546 401 423 442 668 280 578 682 321 667 708 621 478 358 704 426 462 686 371 614 547 724 695 416 746 275 317 438 133 231
9 247 842 479 709 609 817 820 324 730 770 132 846 727 494 599 832 755 685 594 611 732 556 546 513 822 602 668 357 727 683 50 818 678 704 322
10 323 538 435 590 491 550 537 346 666 209 667 682 511 783 619 586 578 375 751 695 722 451 399 322 164 666 356 404 171 761 794 664 446 555 516
11 533 451 568 498 591 677 443 45 627 685 415 709 438 556 695 558 547 706 426 297 264 427 638 666 353 661 116 541 534 371 656 405 453 592 200
12 922 725 490 1072 518 883 662 849 1036 823 657 174 1120 1010 961 800 1055 658 859 417 548 316 325 741 249 602 1064 817 750 185 890 1031 619 761 743
13 377 707 210 310 486 807 670 135 587 720 207 447 374 524 393 837 652 266 314 435 580 433 778 362 454 792 545 367 845 654 681 568 284 818 653
14 275 267 158 347 267 210 232 228 290 369 57 362 334 353 356 188 280 20 299 328 159 243 354 219 317 210 83 260 307 351 153 267 212 149 116
15 623 719 748 804 370 240 490 778 294 772 768 793 270 517 756 595 131 770 791 858 207 591 339 826 649 677 806 755 846 858 189 346 747 756 722
16 352 188 407 324 204 533 420 283 528 294 360 380 387 452 422 517 349 401 463 520 196 484 538 334 515 348 540 308 122 444 296 451 521 378 524
17 590 500 536 654 621 445 103 725 238 654 648 657 502 828 411 578 523 469 389 427 826 673 748 697 749 120 722 535 212 618 452 742 426 584 796
18 343 1146 272 706 1136 494 967 828 1134 1128 889 1152 739 702 561 517 404 684 666 843 1183 983 871 906 725 624 559 719 944 816 915 1030 474 1021 518
19 1126 495 1239 1080 909 974 1261 1194 1221 618 810 1236 1059 834 947 839 1039 1152 714 899 1206 684 1169 1190 387 1179 946 738 1007 775 1133 1074 1080 995 355
20 311 1054 238 1038 899 1054 609 569 399 878 197 798 530 837 795 375 694 930 688 558 888 1009 507 1095 882 771 1035 1020 771 566 1059 672 757 388 703
;

param:   cost_bundl  marginal :=
1 17 77
2 104 128
3 137 107
4 83 161
5 170 118
6 151 169
7 167 176
8 154 113
9 157 154
10 55 170
11 106 138
12 131 155
13 87 33
14 177 0
15 54 115
16 98 140
17 144 163
18 138 56
19 52 169
20 152 179
21 176 133
22 108 132
23 141 130
24 173 154
25 161 166
26 121 133
27 158 118
28 81 110
29 30 93
30 181 75
31 100 59
32 129 153
33 41 149
34 110 139
35 67 101
;
param: buyer budget :=
  0 413
  1 735
  2 161
  3 678
  4 301
  5 985
  6 1039
  7 1008
  8 46
  9 423
  10 454
  11 450
  12 1207
  13 982
  14 501
  15 229
  16 301
  17 328
  18 467
  19 985
;
param num_partition :=
2
;
param: item partition_index cardinality :=
0 0 19
1 0 10
2 0 13
3 0 12
4 0 1
5 0 14
6 0 11
7 0 13
8 0 3
9 0 4
10 0 7
11 0 3
12 0 17
13 0 7
14 0 3
15 0 13
16 0 4
17 0 19
18 0 17
19 0 13
20 0 8
21 0 19
22 0 18
23 0 14
24 0 17
25 0 19
26 0 5
27 0 14
28 0 4
29 0 6
30 0 14
31 0 12
32 0 18
33 0 11
34 0 1
