param num_bundles := 35;

param num_cust := 20;

param price_reserve :
   1 2 3 4 5 6 7 8 9 10 11 12 13 14 15 16 17 18 19 20 21 22 23 24 25 26 27 28 29 30 31 32 33 34 35 :=
1 703 515 618 386 754 739 267 736 367 488 670 483 609 657 166 770 523 199 532 683 635 770 131 110 620 728 517 763 782 604 696 302 443 221 717
2 187 349 882 758 567 679 554 388 657 344 760 415 122 509 492 809 632 647 793 488 836 673 375 428 544 639 803 768 693 863 796 310 248 718 861
3 583 495 462 770 768 1112 785 1073 350 985 401 721 237 937 946 416 599 975 107 735 801 1061 1134 931 773 1055 1007 303 266 767 1048 577 252 724 1000
4 995 615 435 590 1019 714 480 889 1046 723 970 1013 704 840 951 950 898 1029 738 575 687 862 306 162 774 820 378 1037 597 685 753 152 82 686 567
5 157 167 53 108 177 162 169 160 167 87 144 171 118 49 141 165 168 181 116 130 66 58 57 89 103 112 162 181 71 104 97 174 78 98 52
6 149 561 279 467 97 21 234 441 446 498 554 275 510 322 225 136 209 496 216 399 372 410 544 235 514 558 360 318 205 338 321 558 93 214 295
7 1207 523 924 1171 1251 785 759 784 1252 1079 806 1180 870 589 832 550 1169 1034 332 896 1221 860 711 485 1041 1061 712 958 79 532 367 1188 818 711 1200
8 931 813 270 1018 993 907 264 1031 883 877 642 1161 757 690 265 532 490 1161 883 583 612 746 608 772 1185 194 485 901 1013 550 1184 1062 1081 1119 785
9 331 360 238 479 432 405 423 184 436 544 141 520 268 475 425 499 514 520 361 373 415 507 500 221 560 464 502 537 168 474 353 502 66 486 238
10 117 249 185 239 372 105 284 221 137 349 89 284 340 238 278 342 233 165 259 366 313 347 360 312 286 263 141 358 224 88 322 353 161 240 24
11 676 267 574 694 141 632 585 328 394 342 644 360 376 619 594 669 672 591 683 394 657 337 675 713 570 502 229 591 310 684 679 138 750 723 394
12 804 832 794 683 778 624 367 690 698 228 422 546 643 380 584 439 696 294 324 482 377 714 603 671 56 261 834 473 808 462 723 644 822 797 638
13 544 631 689 288 396 715 620 714 470 386 338 349 180 172 505 613 458 334 502 748 238 641 588 555 538 482 718 549 490 629 172 317 733 441 409
14 1238 1116 1044 903 1132 641 788 902 933 1035 740 1168 1126 835 495 267 1091 425 1004 954 819 455 906 1092 417 1231 1214 404 650 953 1190 677 657 788 540
15 536 851 717 235 983 670 720 407 819 746 1100 539 906 72 592 811 961 831 920 1072 622 1045 887 780 382 1015 1130 1006 179 757 1129 853 968 591 1035
16 146 354 408 1133 1064 722 720 1201 884 849 552 182 882 872 1124 933 1167 1241 1091 673 127 1215 718 1135 1168 1179 1142 797 1167 772 1239 586 1250 1060 916
17 879 540 1011 1000 676 168 348 800 980 1007 706 406 422 864 772 872 677 1026 364 1076 716 290 880 1040 788 966 706 685 48 54 977 81 624 1002 847
18 611 772 608 758 754 550 479 347 636 348 279 307 580 202 590 168 67 539 410 639 451 634 692 730 488 310 624 560 349 493 549 580 465 581 606
19 804 960 368 535 408 913 959 581 1024 981 1096 891 913 366 957 336 895 699 939 999 498 715 303 946 1105 868 413 234 932 862 251 863 577 447 806
20 512 660 641 419 379 473 600 640 484 607 496 599 274 432 605 365 625 382 266 452 484 468 680 158 573 588 428 343 519 290 350 184 478 347 403
;

param:   cost_bundl  marginal :=
1 108 179
2 75 70
3 73 158
4 159 93
5 135 47
6 126 176
7 159 153
8 173 182
9 111 169
10 124 29
11 114 165
12 155 181
13 146 155
14 184 163
15 83 161
16 157 171
17 84 142
18 131 167
19 132 41
20 141 112
21 64 60
22 104 148
23 104 90
24 145 164
25 63 19
26 55 173
27 25 148
28 108 81
29 184 159
30 171 67
31 139 46
32 122 183
33 69 102
34 179 93
35 91 173
;
param: buyer budget :=
  0 427
  1 1238
  2 220
  3 452
  4 662
  5 344
  6 1215
  7 443
  8 1043
  9 366
  10 38
  11 395
  12 412
  13 823
  14 82
  15 918
  16 760
  17 1130
  18 1004
  19 349
;
param num_partition :=
2
;
param: item partition_index cardinality :=
0 0 5
1 0 18
2 0 18
3 0 9
4 0 18
5 0 11
6 0 13
7 0 3
8 0 13
9 0 18
10 0 5
11 0 17
12 0 8
13 0 18
14 0 9
15 0 19
16 0 7
17 0 7
18 0 4
19 0 18
20 0 8
21 0 12
22 0 5
23 0 2
24 0 19
25 0 14
26 0 9
27 0 15
28 0 3
29 0 3
30 0 12
31 0 1
32 0 16
33 0 19
34 0 3
