param num_bundles := 35;

param num_cust := 20;

param price_reserve :
   1 2 3 4 5 6 7 8 9 10 11 12 13 14 15 16 17 18 19 20 21 22 23 24 25 26 27 28 29 30 31 32 33 34 35 :=
1 406 173 180 276 211 303 409 212 165 274 352 384 233 189 387 267 300 341 140 304 28 130 384 441 81 416 140 392 237 180 289 351 87 204 371
2 973 392 585 828 945 969 815 922 795 649 993 600 982 558 786 439 950 796 490 911 447 811 540 960 643 708 71 511 150 687 563 931 645 356 369
3 179 790 923 1219 1124 952 1258 1047 682 1224 678 967 1018 414 1249 937 933 847 500 1016 757 912 1221 1173 504 184 690 1173 487 234 73 1183 724 824 1243
4 543 116 525 324 346 452 434 304 586 336 450 621 467 479 507 575 391 409 616 267 354 456 313 290 113 397 553 206 584 497 534 601 615 335 566
5 825 725 568 801 1018 735 460 981 679 543 909 491 648 972 972 656 575 288 844 985 84 409 880 714 969 420 636 790 153 665 62 826 997 993 797
6 498 1011 997 407 963 894 508 467 685 570 930 892 500 847 1093 994 767 1073 1088 573 655 186 938 1036 217 517 1028 844 582 978 1101 679 893 651 575
7 512 566 583 573 437 503 533 472 580 452 480 348 435 486 316 446 415 568 586 409 486 114 513 585 387 358 76 360 483 264 344 578 418 463 195
8 487 520 901 765 963 526 936 935 892 820 728 791 156 725 329 689 360 846 394 646 797 447 752 682 146 813 732 654 881 902 808 806 859 769 657
9 462 713 618 819 184 757 359 798 822 468 746 254 704 646 306 658 617 687 176 552 640 530 754 294 619 378 665 463 494 316 435 639 549 764 750
10 566 362 1235 554 582 1039 1087 417 317 1243 1092 757 161 811 941 1102 1215 789 1021 535 910 580 639 1222 284 1058 1101 708 241 1008 972 901 800 831 480
11 700 704 833 246 401 623 877 732 288 710 315 207 163 799 651 379 846 804 528 604 228 853 654 586 901 561 440 537 736 409 399 613 876 176 589
12 687 1027 75 687 554 1124 1111 394 769 619 298 526 927 144 669 692 543 718 1072 437 482 667 806 109 532 860 684 1085 538 629 1119 1144 670 1000 686
13 317 435 495 357 484 190 543 463 440 462 454 292 99 455 467 259 484 428 525 391 478 456 362 203 500 495 267 391 136 106 396 163 518 42 301
14 420 768 1100 1053 1133 601 90 1027 971 1107 826 1178 714 867 1195 930 900 836 380 840 895 654 773 1254 1006 393 593 1156 694 799 150 200 1093 703 300
15 286 169 50 313 117 133 280 345 305 342 334 275 269 157 154 349 269 345 308 291 149 123 299 335 138 57 158 108 353 174 134 276 225 211 333
16 424 871 642 917 1057 647 1048 530 777 1127 989 1021 990 755 946 355 816 899 419 432 754 915 762 940 904 1191 720 873 643 1126 1014 712 994 898 587
17 185 95 81 173 87 154 69 88 65 149 153 174 137 91 113 179 96 133 63 71 162 135 181 134 154 149 73 72 107 86 153 140 122 164 168
18 525 833 927 1091 658 464 808 165 786 419 635 325 1121 672 1081 639 960 581 924 947 433 995 311 867 232 654 107 418 792 351 936 740 1106 712 1028
19 336 569 336 568 104 399 602 399 359 327 267 485 564 537 324 224 526 467 440 418 588 402 270 376 269 509 361 361 560 600 478 254 240 461 55
20 1049 904 1042 1112 919 586 1008 1083 880 189 348 772 712 1037 388 1123 1112 1137 1003 1089 731 945 1047 782 971 936 1118 739 395 782 1006 1136 450 1127 720
;

param:   cost_bundl  marginal :=
1 120 154
2 167 82
3 6 72
4 75 63
5 37 93
6 118 145
7 142 121
8 128 156
9 75 172
10 134 178
11 116 118
12 141 148
13 66 91
14 182 100
15 173 37
16 118 150
17 79 43
18 77 107
19 172 62
20 156 108
21 130 161
22 186 173
23 148 12
24 117 159
25 54 49
26 153 174
27 157 178
28 174 165
29 166 70
30 101 176
31 147 102
32 136 117
33 177 110
34 134 170
35 142 122
;
param: buyer budget :=
  0 659
  1 352
  2 216
  3 888
  4 893
  5 603
  6 706
  7 130
  8 930
  9 365
  10 114
  11 556
  12 943
  13 565
  14 463
  15 150
  16 580
  17 312
  18 1221
  19 763
;
param num_partition :=
2
;
param: item partition_index cardinality :=
0 0 13
1 0 6
2 0 5
3 0 19
4 0 4
5 0 19
6 0 8
7 0 16
8 0 5
9 0 18
10 0 15
11 0 19
12 0 13
13 0 18
14 0 16
15 0 8
16 0 5
17 0 9
18 0 6
19 0 4
20 0 7
21 0 1
22 0 4
23 0 8
24 0 13
25 0 1
26 0 13
27 0 14
28 0 7
29 0 15
30 0 12
31 0 10
32 0 10
33 0 1
34 0 12
