param num_bundles := 35;

param num_cust := 20;

param price_reserve :
   1 2 3 4 5 6 7 8 9 10 11 12 13 14 15 16 17 18 19 20 21 22 23 24 25 26 27 28 29 30 31 32 33 34 35 :=
1 658 649 387 601 455 723 701 631 164 99 415 193 725 748 687 323 324 102 743 569 577 652 244 737 427 726 589 435 391 509 704 637 742 701 449
2 1009 676 901 499 935 994 767 1062 824 748 534 1048 916 653 634 1013 753 842 949 1033 504 770 729 742 440 1000 1049 632 486 994 835 679 395 607 487
3 899 949 802 997 733 1240 575 247 1064 1062 884 1168 1215 1130 945 879 776 788 948 1045 565 652 1043 1177 579 447 857 1250 659 1013 557 882 1043 253 560
4 337 444 152 301 349 437 115 189 257 105 303 202 437 295 332 163 346 435 449 269 399 381 251 68 301 113 246 211 272 359 87 117 205 234 308
5 1019 915 843 895 695 527 494 658 326 1025 1028 559 613 751 958 815 558 829 902 878 919 626 566 671 686 780 675 679 687 506 95 1039 505 704 374
6 595 511 533 588 462 217 550 238 115 611 592 263 603 411 617 362 658 401 393 346 62 277 206 123 666 199 560 674 391 483 373 387 376 473 672
7 677 485 519 625 446 469 350 412 220 629 622 627 629 567 194 732 664 695 727 717 730 416 256 639 706 747 513 326 632 378 439 154 668 459 700
8 333 786 486 523 218 956 852 881 989 275 967 786 584 987 697 1000 181 311 961 550 519 958 686 460 921 951 1041 100 207 614 677 864 1001 562 713
9 371 824 762 762 724 518 78 641 485 756 618 591 608 517 811 714 291 242 702 228 784 626 672 689 54 541 656 612 450 758 606 631 342 379 665
10 484 697 385 474 230 727 733 487 173 696 303 337 610 281 629 526 523 260 497 731 506 53 178 473 512 369 622 210 454 336 572 740 744 60 658
11 157 64 123 156 136 66 151 89 183 48 160 169 138 105 186 163 83 175 154 141 171 57 120 144 149 116 161 170 181 134 126 55 142 128 162
12 431 478 528 657 377 860 267 820 506 832 757 420 419 749 704 666 566 705 764 788 732 772 323 676 711 380 222 445 613 672 707 307 784 465 859
13 525 628 608 585 500 610 63 437 380 343 471 599 554 385 305 263 667 201 620 413 413 408 608 681 609 659 624 355 637 398 632 503 510 267 501
14 465 144 215 597 668 672 317 166 637 299 323 580 477 284 463 514 219 573 423 698 328 513 570 258 272 584 645 202 698 596 233 294 596 476 593
15 1135 745 1153 767 1100 837 879 276 1139 927 924 587 1188 347 987 1031 1060 1015 1159 1049 1177 605 838 651 715 1172 1108 647 819 977 640 1142 915 601 745
16 931 757 1016 785 699 928 584 1131 855 1081 968 568 407 1023 958 959 726 883 1176 808 903 521 1168 1195 406 1172 469 906 668 934 1061 500 997 755 845
17 469 297 441 614 438 520 675 653 652 532 448 563 711 343 380 311 660 627 651 352 183 88 699 386 571 534 530 356 259 607 579 473 291 531 655
18 692 915 874 820 317 853 472 681 833 586 145 604 916 830 819 747 754 227 785 726 792 926 362 777 651 292 128 354 810 348 712 599 505 751 269
19 969 1054 1024 684 1154 1142 897 381 1067 749 860 160 714 929 1045 642 936 979 461 1058 418 787 1077 1040 953 1033 1081 896 1159 937 947 519 521 722 852
20 1034 940 499 790 1040 1019 861 910 779 898 596 375 951 630 156 722 422 737 975 766 726 581 1045 1056 542 284 606 1048 365 992 1007 782 780 768 864
;

param:   cost_bundl  marginal :=
1 38 109
2 112 142
3 180 134
4 121 119
5 172 41
6 93 126
7 174 45
8 148 71
9 111 149
10 30 186
11 167 181
12 102 121
13 155 129
14 138 114
15 117 176
16 88 142
17 177 97
18 110 169
19 182 121
20 170 46
21 151 77
22 77 95
23 177 179
24 95 65
25 149 153
26 157 145
27 149 91
28 116 57
29 106 123
30 111 81
31 52 165
32 177 82
33 88 125
34 150 122
35 119 99
;
param: buyer budget :=
  0 761
  1 299
  2 1129
  3 365
  4 779
  5 66
  6 91
  7 818
  8 355
  9 598
  10 452
  11 1172
  12 443
  13 774
  14 698
  15 356
  16 837
  17 421
  18 212
  19 264
;
param num_partition :=
2
;
param: item partition_index cardinality :=
0 0 19
1 0 9
2 0 12
3 0 18
4 0 13
5 0 8
6 0 16
7 0 8
8 0 4
9 0 5
10 0 15
11 0 2
12 0 6
13 0 11
14 0 3
15 0 17
16 0 10
17 0 19
18 0 18
19 0 13
20 0 19
21 0 15
22 0 19
23 0 19
24 0 8
25 0 11
26 0 5
27 0 8
28 0 2
29 0 12
30 0 3
31 0 11
32 0 8
33 0 14
34 0 11
