param num_bundles := 35;

param num_cust := 20;

param price_reserve :
   1 2 3 4 5 6 7 8 9 10 11 12 13 14 15 16 17 18 19 20 21 22 23 24 25 26 27 28 29 30 31 32 33 34 35 :=
1 343 363 665 427 355 389 465 691 538 456 408 626 132 600 458 676 561 250 707 699 401 564 580 519 382 197 711 494 712 537 668 550 285 606 653
2 442 415 55 330 409 354 437 259 244 233 454 418 499 184 338 412 341 182 415 164 396 491 226 194 466 371 352 354 479 436 506 343 468 366 268
3 209 145 75 246 246 236 183 301 216 41 302 341 256 301 115 83 261 245 163 162 237 183 315 223 258 339 147 162 268 193 322 363 368 371 366
4 320 913 742 284 966 861 504 402 994 959 862 1017 882 693 977 910 604 678 1061 368 629 541 921 644 871 1024 338 431 768 236 603 666 535 809 901
5 699 675 695 343 425 282 882 671 858 70 697 838 951 896 483 42 403 880 928 131 492 541 347 368 297 532 717 947 881 587 82 559 945 465 471
6 782 824 877 408 992 984 829 775 1034 762 551 1075 497 123 159 909 859 866 584 978 57 890 90 994 1051 1051 334 1112 224 377 1002 719 681 802 949
7 1066 410 605 1016 694 928 659 905 371 447 870 1019 781 845 1073 768 1068 1071 597 804 897 366 252 710 851 654 618 696 970 943 493 1049 1051 945 668
8 472 447 392 295 372 384 455 540 505 603 495 199 607 351 172 508 429 250 472 329 546 570 390 565 639 642 142 603 621 357 583 226 368 534 456
9 705 488 747 324 267 127 537 711 425 726 457 287 442 687 685 618 482 534 163 345 371 715 633 494 230 495 101 163 408 716 523 329 730 533 543
10 104 499 864 644 754 608 352 273 435 692 704 408 873 424 414 758 777 889 648 908 587 444 223 276 480 797 588 736 203 631 556 579 388 502 831
11 576 748 661 475 127 305 495 792 591 472 413 449 301 659 405 650 158 619 396 790 771 788 784 502 771 468 338 484 803 782 432 206 734 695 778
12 1200 1174 646 797 1053 672 799 215 1166 1159 671 239 219 1243 623 1193 955 651 1007 444 412 262 752 1194 205 895 417 217 1146 639 826 332 558 387 654
13 1133 429 562 936 1061 1123 181 1088 727 1017 511 1080 560 594 866 712 772 605 1007 242 986 1057 1029 805 588 845 1047 272 363 357 193 851 859 737 978
14 523 450 705 578 564 827 844 703 415 230 539 418 906 597 794 445 245 877 695 576 594 887 624 688 316 562 599 470 531 861 882 738 841 617 346
15 289 391 509 572 562 197 432 331 324 279 627 380 415 585 393 193 347 442 83 532 117 471 525 19 602 234 667 486 428 497 317 460 317 441 385
16 924 943 726 979 747 1097 997 1018 308 1115 742 1027 544 1098 640 677 525 769 533 842 886 1128 296 965 499 376 1118 636 522 1134 983 773 1141 1188 1048
17 1030 816 351 1028 479 678 643 693 623 452 451 996 841 702 893 530 410 635 760 915 462 778 410 1004 973 826 901 1079 659 548 447 598 1007 230 754
18 275 932 849 483 595 848 972 108 695 592 743 462 876 452 599 218 952 978 625 951 433 623 681 792 940 415 523 937 701 965 598 732 838 409 790
19 518 814 764 283 552 880 837 235 1041 1120 1248 753 390 444 980 731 499 1197 635 639 1242 1074 416 906 686 452 1121 845 1114 349 1270 1171 886 851 718
20 197 162 146 233 367 333 195 331 346 369 373 291 177 260 277 270 276 269 153 113 36 267 366 229 305 280 145 296 336 61 213 324 232 245 351
;

param:   cost_bundl  marginal :=
1 123 126
2 118 107
3 128 135
4 82 126
5 94 53
6 182 49
7 142 148
8 125 148
9 183 185
10 104 146
11 145 165
12 94 100
13 174 107
14 185 134
15 159 160
16 47 163
17 131 91
18 44 127
19 136 103
20 75 59
21 164 52
22 57 183
23 148 158
24 56 117
25 153 176
26 149 178
27 27 156
28 168 166
29 64 158
30 79 175
31 154 135
32 175 121
33 172 22
34 48 123
35 165 170
;
param: buyer budget :=
  0 83
  1 894
  2 962
  3 1040
  4 1242
  5 569
  6 731
  7 764
  8 503
  9 346
  10 605
  11 1078
  12 528
  13 150
  14 94
  15 363
  16 1118
  17 936
  18 1067
  19 1266
;
param num_partition :=
2
;
param: item partition_index cardinality :=
0 0 5
1 0 11
2 0 17
3 0 16
4 0 4
5 0 10
6 0 14
7 0 5
8 0 5
9 0 8
10 0 6
11 0 1
12 0 1
13 0 14
14 0 16
15 0 2
16 0 18
17 0 4
18 0 16
19 0 4
20 0 6
21 0 16
22 0 2
23 0 9
24 0 9
25 0 17
26 0 9
27 0 2
28 0 13
29 0 17
30 0 18
31 0 12
32 0 17
33 0 10
34 0 16
