param num_bundles := 35;

param num_cust := 20;

param price_reserve :
   1 2 3 4 5 6 7 8 9 10 11 12 13 14 15 16 17 18 19 20 21 22 23 24 25 26 27 28 29 30 31 32 33 34 35 :=
1 782 949 346 1047 1164 369 1174 801 189 946 933 1046 840 1088 705 702 1015 889 60 647 1086 381 854 834 564 1028 482 1044 721 663 1096 689 722 739 392
2 121 35 116 129 135 122 123 55 105 152 161 134 36 161 28 137 124 116 124 150 39 70 153 97 76 38 34 157 129 144 87 154 108 91 52
3 395 525 312 526 163 366 548 115 577 682 692 432 461 413 372 739 721 427 611 562 498 330 653 480 733 217 642 604 679 632 742 249 287 437 262
4 822 701 859 227 760 660 493 505 192 278 897 408 301 417 837 869 803 774 767 975 675 452 905 575 816 851 805 458 961 910 803 860 533 649 896
5 299 98 769 598 448 452 521 494 389 680 615 702 574 776 728 647 336 634 533 559 734 636 575 394 570 444 580 681 666 513 597 337 700 469 429
6 423 961 842 874 730 279 589 546 882 633 834 938 840 748 815 358 421 289 585 858 924 872 763 914 827 928 835 916 918 776 773 657 693 911 836
7 414 864 471 549 730 641 292 905 430 626 403 857 102 669 366 450 674 430 850 800 526 579 903 889 562 864 575 556 695 805 701 908 143 601 235
8 455 523 320 192 185 303 536 426 498 500 553 358 435 47 530 186 373 312 447 245 287 531 463 553 482 249 548 133 371 121 558 527 461 274 347
9 504 300 172 655 709 686 323 499 510 666 710 585 229 537 606 548 630 691 620 629 613 658 462 340 698 505 580 483 449 466 353 670 407 657 41
10 722 506 868 885 505 406 1042 849 1132 731 260 634 1128 1055 1020 906 979 460 914 1124 471 893 953 1093 1086 344 371 767 1079 966 632 651 570 561 1082
11 642 724 703 669 397 451 692 565 641 352 591 586 496 684 652 176 654 659 155 420 670 366 698 485 309 667 222 549 602 692 386 105 731 607 560
12 678 113 942 1028 992 797 597 882 1048 640 452 836 598 612 540 192 710 845 920 564 759 451 453 471 383 849 912 1083 1080 834 357 791 189 609 644
13 467 675 736 744 567 550 709 699 594 774 368 761 662 676 393 357 672 768 743 397 428 386 673 191 567 496 691 548 565 415 542 258 629 497 61
14 474 145 519 420 679 551 476 521 668 525 647 469 564 209 569 642 406 282 609 157 580 391 676 399 430 597 633 491 200 575 602 308 373 546 501
15 1123 609 536 1130 1108 965 917 591 939 846 996 953 213 347 918 1130 425 507 565 838 354 1000 968 773 1143 954 888 1001 653 938 1023 608 0 729 690
16 445 212 39 234 207 339 253 429 435 217 397 388 305 156 392 394 406 301 265 394 339 444 163 131 316 303 346 323 320 437 103 122 412 379 194
17 700 1124 1012 875 1170 886 1161 1026 788 795 1182 826 726 1133 972 1137 611 1036 919 1098 672 270 494 915 941 1017 1206 874 680 513 1201 469 813 454 646
18 478 261 126 444 508 424 435 51 544 367 352 504 138 522 306 496 101 382 560 390 461 296 552 316 466 305 538 358 359 246 514 294 391 407 448
19 728 694 335 551 634 452 150 919 927 631 428 318 622 589 801 872 906 683 563 632 690 603 576 923 243 775 686 722 475 862 111 377 657 871 695
20 262 307 361 351 219 367 304 245 334 171 272 372 110 208 316 213 357 243 367 208 189 153 310 365 350 277 122 272 300 324 92 90 201 350 328
;

param:   cost_bundl  marginal :=
1 127 108
2 121 117
3 91 124
4 132 127
5 184 140
6 115 139
7 180 111
8 162 52
9 156 168
10 156 96
11 139 120
12 85 137
13 72 172
14 87 156
15 178 50
16 178 134
17 109 105
18 151 146
19 18 156
20 146 183
21 132 155
22 32 107
23 89 132
24 145 172
25 158 127
26 143 131
27 56 80
28 130 143
29 153 163
30 183 94
31 59 149
32 182 120
33 181 183
34 79 151
35 178 151
;
param: buyer budget :=
  0 258
  1 562
  2 795
  3 752
  4 1143
  5 730
  6 1132
  7 365
  8 1153
  9 1117
  10 194
  11 287
  12 481
  13 262
  14 408
  15 491
  16 629
  17 9
  18 48
  19 973
;
param num_partition :=
2
;
param: item partition_index cardinality :=
0 0 16
1 0 13
2 0 18
3 0 18
4 0 8
5 0 12
6 0 10
7 0 11
8 0 1
9 0 19
10 0 6
11 0 4
12 0 16
13 0 17
14 0 13
15 0 8
16 0 14
17 0 13
18 0 16
19 0 13
20 0 18
21 0 13
22 0 15
23 0 11
24 0 1
25 0 6
26 0 11
27 0 19
28 0 12
29 0 4
30 0 10
31 0 4
32 0 16
33 0 9
34 0 4
