param num_bundles := 35;

param num_cust := 20;

param price_reserve :
   1 2 3 4 5 6 7 8 9 10 11 12 13 14 15 16 17 18 19 20 21 22 23 24 25 26 27 28 29 30 31 32 33 34 35 :=
1 861 799 936 576 138 1155 669 1175 1233 958 967 967 942 1046 683 865 214 885 764 956 950 764 1033 892 682 286 1025 799 573 623 932 862 798 1216 1063
2 706 884 251 896 860 645 254 496 303 576 398 548 902 732 787 892 416 665 909 907 782 518 183 626 769 716 559 396 811 854 712 916 691 204 654
3 748 394 923 792 1032 924 985 1015 1085 907 714 1062 1154 982 261 784 946 1068 884 1131 1060 330 873 1056 994 231 413 301 1048 978 846 455 552 1104 401
4 729 789 722 479 899 726 819 796 666 869 660 460 406 828 713 857 293 200 380 442 673 653 752 832 742 807 107 833 673 553 292 693 576 790 120
5 832 468 578 248 929 280 901 869 1189 764 685 1013 315 351 827 701 377 512 1079 1168 1010 1073 567 655 404 878 1179 922 758 681 620 1142 1270 580 815
6 768 526 804 672 44 434 517 831 679 363 430 643 231 589 381 807 755 399 621 613 599 751 718 649 746 395 512 628 739 300 641 476 287 811 766
7 633 461 828 702 1121 220 602 54 350 963 514 627 301 363 1016 689 1018 1102 192 643 331 317 746 796 1204 1168 1225 590 1018 1227 591 533 468 992 643
8 755 605 718 322 331 648 713 607 627 462 483 178 354 384 484 360 747 393 544 461 652 483 754 715 761 628 732 642 68 382 586 713 351 478 700
9 374 286 376 622 438 585 435 529 254 285 397 653 676 358 568 512 566 637 693 571 419 617 541 395 400 313 525 659 576 721 127 699 675 691 705
10 905 368 708 800 360 754 872 499 899 941 702 888 660 651 910 825 814 780 213 406 428 524 772 605 529 822 394 900 688 942 752 629 875 881 954
11 715 802 206 652 785 682 632 528 114 412 630 377 667 669 433 677 76 731 664 660 43 640 461 656 111 189 466 295 697 773 785 244 670 603 435
12 122 215 307 350 310 348 309 176 368 358 368 370 338 371 258 149 258 251 47 360 242 238 187 245 152 239 334 230 144 263 309 145 334 207 153
13 972 666 1100 817 1103 645 1066 1023 1064 651 712 1124 733 706 1095 436 462 415 1135 935 963 940 173 989 1191 1108 983 696 931 650 938 994 832 768 805
14 984 1027 1148 549 1131 882 977 573 980 1239 1134 852 414 1001 1026 626 1251 971 644 376 613 299 1236 1135 1049 201 938 1146 979 1061 1139 1046 1115 959 1259
15 433 1037 1074 853 767 243 409 832 934 323 1183 897 954 844 903 881 871 1048 752 947 530 1042 1001 1060 1013 1114 759 845 1068 1064 859 460 1059 827 400
16 63 240 378 392 490 497 366 352 216 436 466 438 328 434 329 322 361 381 251 384 327 426 245 248 462 269 307 175 448 83 437 476 292 386 443
17 585 504 843 1053 979 782 772 685 562 447 963 697 436 519 1016 581 541 901 807 781 572 927 892 297 926 265 461 919 663 672 697 291 1036 698 291
18 966 889 947 501 278 1075 1001 863 757 1009 573 1097 816 753 770 991 228 432 980 690 1138 1110 976 856 1070 667 448 748 665 786 799 952 844 809 970
19 838 1076 276 815 660 651 953 369 962 966 563 702 972 486 190 678 524 1013 208 239 731 502 193 679 598 872 942 525 979 1062 1000 1063 752 1061 420
20 177 159 57 104 184 146 186 98 182 150 91 173 81 160 71 156 93 182 163 84 179 89 96 64 140 186 110 96 125 54 113 79 46 58 168
;

param:   cost_bundl  marginal :=
1 184 161
2 52 87
3 124 69
4 146 77
5 119 67
6 128 139
7 117 137
8 109 152
9 125 174
10 178 134
11 65 136
12 65 181
13 158 128
14 162 91
15 165 161
16 51 158
17 139 147
18 146 37
19 72 149
20 152 113
21 171 175
22 174 18
23 69 184
24 157 47
25 147 139
26 154 172
27 119 148
28 15 76
29 50 143
30 153 93
31 42 150
32 163 94
33 61 99
34 148 141
35 161 136
;
param: buyer budget :=
  0 232
  1 473
  2 1012
  3 268
  4 1255
  5 460
  6 922
  7 116
  8 1124
  9 1048
  10 228
  11 257
  12 845
  13 182
  14 221
  15 786
  16 635
  17 796
  18 927
  19 788
;
param num_partition :=
2
;
param: item partition_index cardinality :=
0 0 7
1 0 6
2 0 7
3 0 4
4 0 6
5 0 16
6 0 9
7 0 13
8 0 3
9 0 6
10 0 19
11 0 16
12 0 2
13 0 6
14 0 11
15 0 14
16 0 2
17 0 3
18 0 12
19 0 12
20 0 4
21 0 3
22 0 1
23 0 3
24 0 6
25 0 17
26 0 15
27 0 1
28 0 3
29 0 9
30 0 16
31 0 10
32 0 17
33 0 9
34 0 19
