param num_bundles := 15;

param num_cust := 30;

param price_reserve :
   1 2 3 4 5 6 7 8 9 10 11 12 13 14 15 :=
1 159 315 36 464 100 514 453 413 370 447 424 209 507 190 414
2 304 500 338 375 513 107 414 189 527 420 511 490 556 485 100
3 214 446 426 264 353 258 452 23 431 459 410 57 359 528 444
4 379 232 499 467 455 413 395 560 354 484 433 211 341 226 458
5 352 171 336 335 365 342 195 277 337 250 237 310 106 241 260
6 355 393 407 369 513 461 404 181 349 452 523 280 274 480 277
7 367 513 434 498 522 463 411 227 523 191 363 520 555 490 202
8 253 272 314 356 344 344 221 332 308 391 374 38 224 337 392
9 294 464 28 476 459 259 263 453 74 457 286 348 129 426 311
10 291 254 106 385 69 381 175 84 359 382 260 314 381 419 169
11 495 129 460 381 329 463 368 368 302 385 384 245 472 374 104
12 165 316 247 367 249 189 106 410 232 315 460 405 378 54 157
13 420 483 327 406 382 356 329 191 349 86 478 424 482 474 246
14 176 256 74 277 87 260 91 286 290 78 73 175 205 116 169
15 234 511 411 479 322 114 305 407 185 371 205 309 240 302 415
16 188 243 61 51 108 334 147 253 331 289 250 206 179 254 183
17 301 292 228 276 282 159 266 210 74 156 321 322 57 37 63
18 526 237 358 245 262 370 389 313 414 527 482 454 381 284 462
19 180 130 210 88 173 204 171 182 197 224 160 151 193 129 231
20 174 216 69 209 205 98 181 102 194 25 128 214 186 228 184
21 313 140 116 362 75 375 110 250 48 187 354 205 284 345 378
22 175 400 348 478 510 110 455 52 491 448 459 495 478 504 376
23 392 335 396 298 367 400 241 377 208 438 167 371 87 404 327
24 82 483 45 55 336 244 220 168 385 354 328 401 480 150 401
25 419 289 461 382 305 439 328 217 236 467 437 338 194 200 336
26 279 354 412 338 320 224 441 45 409 194 422 401 394 426 127
27 400 391 240 318 194 251 311 444 22 26 404 432 320 445 277
28 346 387 388 375 328 376 284 305 128 411 318 222 373 228 83
29 217 81 280 188 205 215 221 288 123 225 270 174 241 291 188
30 306 201 176 242 108 179 87 261 167 314 349 308 344 30 83
;

param:   cost_bundl  marginal :=
1 113 106
2 72 92
3 55 106
4 77 117
5 111 66
6 33 102
7 42 86
8 81 62
9 94 92
10 58 90
11 89 113
12 86 111
13 21 56
14 44 90
15 105 105
;
param: buyer budget :=
  0 409
  1 547
  2 189
  3 112
  4 48
  5 541
  6 167
  7 84
  8 306
  9 52
  10 256
  11 173
  12 197
  13 415
  14 161
  15 162
  16 288
  17 60
  18 101
  19 206
  20 174
  21 448
  22 544
  23 197
  24 512
  25 288
  26 163
  27 469
  28 279
  29 469
;
param num_partition :=
2
;
param: item partition_index cardinality :=
0 0 9
1 0 9
2 0 22
3 0 8
4 0 29
5 0 27
6 0 5
7 0 22
8 0 26
9 0 3
10 0 8
11 0 4
12 0 2
13 0 4
14 0 17
