param num_bundles := 15;

param num_cust := 30;

param price_reserve :
   1 2 3 4 5 6 7 8 9 10 11 12 13 14 15 :=
1 506 539 511 454 396 131 488 99 474 499 398 513 295 516 326
2 407 301 423 397 453 298 525 493 176 138 527 335 281 368 285
3 326 450 366 150 260 427 429 261 371 449 302 464 307 189 353
4 362 361 173 445 71 182 124 451 239 451 107 438 387 252 269
5 376 470 121 519 317 491 508 462 334 503 532 458 448 512 380
6 410 415 78 280 468 330 446 181 139 483 321 330 123 300 43
7 69 214 278 253 272 259 111 156 247 202 258 174 248 173 267
8 486 525 148 271 519 424 156 456 210 464 521 512 239 227 533
9 328 399 363 358 381 363 386 245 395 258 287 204 143 384 166
10 40 93 105 106 122 99 83 117 90 69 120 89 15 113 105
11 310 515 532 385 133 263 207 364 123 407 339 527 230 497 408
12 237 380 373 317 378 223 240 140 321 338 398 316 190 396 397
13 311 316 224 412 250 336 374 497 222 280 420 472 380 165 338
14 234 232 210 169 235 181 199 198 235 152 105 238 69 177 234
15 120 50 69 120 68 116 103 116 56 30 106 44 66 80 105
16 277 466 301 522 269 512 456 498 351 430 330 170 456 464 253
17 166 268 173 198 143 208 143 251 266 280 209 251 53 187 146
18 451 356 385 264 220 108 483 395 335 366 369 283 428 234 401
19 340 201 92 316 378 238 75 77 262 329 85 368 392 120 225
20 180 102 231 237 63 105 243 184 213 154 237 164 111 195 66
21 109 314 251 347 171 154 299 247 305 153 174 113 250 62 148
22 263 460 377 310 226 409 284 361 452 459 184 400 95 272 395
23 130 465 383 514 335 421 195 379 424 410 294 497 240 202 229
24 204 412 141 349 393 429 237 522 392 64 382 497 216 148 279
25 469 321 102 442 240 474 329 178 465 475 366 477 403 174 451
26 74 390 172 329 394 334 488 236 497 368 412 514 208 263 239
27 346 465 409 385 504 474 506 442 535 487 511 538 544 169 345
28 228 26 268 322 165 241 109 44 172 300 258 295 257 166 55
29 195 231 86 245 121 202 249 245 269 65 194 177 275 230 185
30 480 345 490 561 474 155 332 562 338 308 458 488 491 130 219
;

param:   cost_bundl  marginal :=
1 116 119
2 34 116
3 70 30
4 92 119
5 15 109
6 88 120
7 54 74
8 27 68
9 97 82
10 52 115
11 114 91
12 112 100
13 103 91
14 98 102
15 92 87
;
param: buyer budget :=
  0 76
  1 385
  2 420
  3 445
  4 41
  5 481
  6 236
  7 40
  8 84
  9 313
  10 545
  11 469
  12 198
  13 463
  14 156
  15 263
  16 132
  17 509
  18 334
  19 507
  20 496
  21 211
  22 547
  23 147
  24 54
  25 518
  26 390
  27 262
  28 113
  29 282
;
param num_partition :=
2
;
param: item partition_index cardinality :=
0 0 23
1 0 18
2 0 5
3 0 15
4 0 11
5 0 20
6 0 19
7 0 22
8 0 23
9 0 11
10 0 2
11 0 14
12 0 26
13 0 2
14 0 3
