param num_bundles := 15;

param num_cust := 30;

param price_reserve :
   1 2 3 4 5 6 7 8 9 10 11 12 13 14 15 :=
1 360 87 392 318 229 322 388 347 371 372 398 260 263 216 368
2 222 148 213 110 186 66 195 210 221 108 232 227 58 64 115
3 231 355 328 400 298 452 377 438 558 310 495 537 435 562 330
4 159 411 234 97 416 201 226 399 418 324 403 318 314 197 342
5 332 128 240 308 180 151 224 14 327 179 231 151 331 323 142
6 334 398 394 397 292 396 216 295 428 135 335 43 282 378 208
7 88 230 201 326 366 364 357 354 262 308 220 162 262 143 242
8 391 52 240 448 357 377 406 342 477 164 477 341 343 356 422
9 541 394 219 527 480 520 495 490 443 523 344 403 109 514 360
10 494 370 413 423 185 448 401 465 165 286 458 291 498 498 57
11 306 365 257 285 244 204 218 231 286 252 362 292 72 101 236
12 189 348 478 392 520 397 351 328 218 462 189 268 262 300 120
13 60 48 93 66 94 75 14 90 85 99 85 121 111 87 93
14 161 156 200 177 125 282 365 391 419 59 274 406 192 404 419
15 361 401 401 303 449 335 509 374 182 322 294 407 302 190 204
16 271 385 349 176 273 247 270 395 397 256 401 425 452 224 369
17 302 102 56 480 444 306 380 419 403 227 454 168 41 337 270
18 504 207 439 347 373 328 452 414 47 506 377 222 487 271 419
19 17 84 108 98 97 94 41 61 91 40 89 117 57 56 28
20 352 464 331 412 441 564 505 49 109 520 39 419 534 329 169
21 452 249 155 435 364 398 456 451 261 454 257 347 256 195 276
22 313 409 295 453 285 509 303 132 143 125 469 32 417 301 508
23 242 40 60 238 141 119 52 187 200 230 106 0 229 187 192
24 251 187 301 308 150 45 344 237 261 319 313 260 316 190 349
25 327 227 287 309 168 261 193 198 258 250 278 219 249 216 281
26 415 36 494 435 419 511 202 401 216 376 519 387 449 504 510
27 76 236 217 123 175 231 164 217 199 6 163 195 124 132 208
28 313 304 341 77 94 271 164 328 332 137 327 79 344 347 191
29 319 324 361 383 313 269 97 411 395 194 111 174 395 410 120
30 403 107 108 212 415 332 394 272 355 208 370 357 434 420 131
;

param:   cost_bundl  marginal :=
1 117 117
2 48 96
3 94 34
4 38 55
5 93 119
6 58 112
7 114 89
8 58 88
9 87 118
10 120 59
11 67 56
12 80 93
13 61 98
14 42 84
15 121 108
;
param: buyer budget :=
  0 344
  1 213
  2 333
  3 57
  4 44
  5 543
  6 6
  7 99
  8 424
  9 369
  10 530
  11 503
  12 442
  13 147
  14 377
  15 161
  16 251
  17 22
  18 34
  19 438
  20 544
  21 302
  22 530
  23 448
  24 421
  25 447
  26 103
  27 33
  28 81
  29 98
;
param num_partition :=
2
;
param: item partition_index cardinality :=
0 0 23
1 0 26
2 0 22
3 0 13
4 0 9
5 0 14
6 0 2
7 0 6
8 0 23
9 0 15
10 0 6
11 0 25
12 0 5
13 0 16
14 0 4
