param num_bundles := 15;

param num_cust := 30;

param price_reserve :
   1 2 3 4 5 6 7 8 9 10 11 12 13 14 15 :=
1 65 96 104 49 89 91 105 74 50 115 115 88 103 17 108
2 372 276 265 382 395 399 364 286 369 62 361 354 144 319 310
3 221 116 282 235 44 113 178 169 282 145 258 147 129 113 197
4 507 285 336 273 454 438 292 504 506 345 268 272 491 439 489
5 202 276 97 312 354 356 324 269 261 237 173 218 343 344 361
6 303 179 66 469 122 537 386 463 493 453 514 195 330 387 379
7 484 441 408 448 434 298 454 134 361 433 461 396 456 174 407
8 479 385 384 339 466 350 233 314 340 281 570 305 527 501 284
9 473 408 347 392 499 503 195 188 414 391 170 469 444 336 186
10 460 482 195 523 209 397 450 332 181 207 516 321 194 258 453
11 175 364 169 344 150 411 339 290 401 400 252 136 420 220 347
12 87 126 112 185 121 24 109 217 127 172 210 139 192 102 237
13 516 510 226 297 337 298 548 450 418 232 335 360 162 548 491
14 167 186 231 304 300 279 299 345 133 425 207 437 200 443 205
15 433 345 381 362 394 203 168 205 299 314 201 230 185 294 279
16 545 388 482 237 457 453 524 354 347 397 290 160 490 241 348
17 369 184 339 488 133 219 60 295 362 364 156 509 293 409 468
18 304 202 190 118 81 279 206 185 299 144 53 170 166 310 272
19 116 203 286 242 359 342 201 313 363 356 194 295 310 308 89
20 271 62 103 188 118 146 221 172 230 130 116 197 207 286 282
21 278 205 95 60 146 96 244 247 285 230 164 218 235 211 273
22 243 93 169 51 364 269 109 133 154 248 360 321 342 332 339
23 450 206 392 318 218 479 431 473 188 212 461 164 164 410 409
24 398 60 200 399 431 323 370 275 292 348 39 256 437 136 341
25 139 200 516 442 303 498 448 473 150 491 192 310 274 239 218
26 237 568 486 486 438 522 531 467 240 573 453 151 396 548 326
27 264 166 335 484 29 483 164 316 409 340 291 113 278 474 220
28 450 277 420 374 341 235 135 255 390 405 108 270 318 306 390
29 43 246 409 547 263 557 345 260 88 529 536 498 517 109 155
30 448 432 520 296 96 477 404 219 480 367 66 434 504 14 341
;

param:   cost_bundl  marginal :=
1 63 78
2 65 111
3 122 58
4 101 91
5 119 91
6 97 56
7 41 49
8 92 115
9 72 60
10 62 62
11 87 110
12 97 17
13 62 30
14 32 10
15 57 76
;
param: buyer budget :=
  0 459
  1 279
  2 288
  3 158
  4 348
  5 320
  6 394
  7 170
  8 239
  9 124
  10 252
  11 354
  12 34
  13 468
  14 313
  15 414
  16 400
  17 366
  18 145
  19 546
  20 541
  21 77
  22 136
  23 217
  24 199
  25 547
  26 532
  27 229
  28 457
  29 113
;
param num_partition :=
2
;
param: item partition_index cardinality :=
0 0 5
1 0 11
2 0 2
3 0 22
4 0 5
5 0 29
6 0 10
7 0 14
8 0 23
9 0 1
10 0 24
11 0 11
12 0 19
13 0 2
14 0 3
