param num_bundles := 15;

param num_cust := 30;

param price_reserve :
   1 2 3 4 5 6 7 8 9 10 11 12 13 14 15 :=
1 115 71 88 89 104 65 114 78 34 77 14 115 92 106 50
2 144 30 175 206 229 152 226 131 215 218 215 209 170 109 197
3 376 305 270 409 353 367 114 379 92 421 310 313 126 385 385
4 388 73 381 440 463 476 468 303 399 421 178 279 396 351 446
5 184 268 230 215 208 256 181 175 268 62 243 288 291 246 238
6 213 197 220 94 100 93 128 204 169 158 51 245 56 212 90
7 430 346 196 339 376 232 160 292 194 484 326 418 243 393 460
8 498 563 358 115 442 464 479 565 402 491 265 522 453 433 479
9 302 456 430 485 445 378 472 193 155 141 414 100 410 257 431
10 342 316 150 366 259 153 353 309 250 55 256 380 121 400 264
11 446 283 410 410 188 217 200 387 414 402 391 248 392 152 344
12 295 352 282 335 360 320 257 322 242 256 330 208 215 256 72
13 124 548 485 479 498 452 518 394 395 486 526 427 548 377 451
14 44 124 293 186 237 132 160 244 145 287 227 127 145 207 143
15 66 334 300 292 251 165 329 139 44 267 246 263 152 318 215
16 423 406 238 335 425 177 377 177 458 371 406 95 410 377 154
17 191 360 423 153 328 219 172 93 500 396 257 463 524 208 215
18 254 253 259 291 17 90 261 148 198 234 74 239 250 216 215
19 36 83 72 116 100 105 91 72 14 73 100 103 73 40 91
20 216 225 188 44 353 430 415 385 434 304 391 213 338 154 164
21 255 123 153 297 56 342 205 247 279 208 249 147 121 366 365
22 296 334 123 272 382 168 262 395 243 222 235 210 313 114 161
23 512 402 481 410 134 313 255 327 567 269 503 293 495 488 176
24 121 393 196 496 474 51 390 465 569 400 169 198 551 415 266
25 519 322 319 469 177 512 466 465 315 365 391 266 520 400 99
26 384 361 504 411 374 496 392 391 466 154 493 214 258 247 411
27 95 273 253 221 132 214 29 322 246 280 114 253 59 97 254
28 56 67 33 68 40 40 108 28 93 106 59 72 59 19 49
29 434 427 245 416 467 268 318 0 221 455 331 462 462 236 431
30 393 126 276 101 227 260 210 305 496 325 189 360 576 569 323
;

param:   cost_bundl  marginal :=
1 72 79
2 61 104
3 76 87
4 78 89
5 61 75
6 89 78
7 84 88
8 116 98
9 93 107
10 120 117
11 81 74
12 45 116
13 122 113
14 46 54
15 39 78
;
param: buyer budget :=
  0 214
  1 296
  2 416
  3 339
  4 340
  5 89
  6 248
  7 442
  8 545
  9 316
  10 339
  11 29
  12 267
  13 553
  14 418
  15 222
  16 22
  17 516
  18 283
  19 357
  20 566
  21 515
  22 271
  23 486
  24 237
  25 461
  26 406
  27 43
  28 194
  29 56
;
param num_partition :=
2
;
param: item partition_index cardinality :=
0 0 26
1 0 29
2 0 29
3 0 14
4 0 29
5 0 1
6 0 15
7 0 23
8 0 21
9 0 2
10 0 22
11 0 19
12 0 6
13 0 9
14 0 23
