param num_bundles := 15;

param num_cust := 30;

param price_reserve :
   1 2 3 4 5 6 7 8 9 10 11 12 13 14 15 :=
1 157 228 312 267 272 112 235 274 217 321 236 316 101 334 344
2 305 158 183 147 219 142 206 300 128 231 382 396 202 97 92
3 231 298 195 438 395 434 399 536 474 67 370 510 481 339 364
4 528 303 492 417 290 352 293 510 514 393 332 489 258 543 509
5 89 122 108 80 113 40 50 71 25 115 78 38 63 76 55
6 421 278 429 360 466 229 434 157 234 260 488 258 438 437 179
7 296 380 381 278 407 198 379 382 166 376 401 315 281 437 464
8 339 560 461 471 492 421 255 378 420 477 539 466 486 58 544
9 187 413 404 348 286 437 254 223 454 388 121 189 395 387 385
10 180 495 350 404 408 181 304 141 252 429 238 247 478 453 395
11 215 369 147 228 306 230 124 190 279 418 134 119 313 294 301
12 201 272 434 215 382 405 498 310 328 412 484 352 249 127 516
13 228 63 339 387 326 304 359 417 392 343 229 295 309 260 130
14 436 444 233 573 532 388 552 433 187 209 467 238 204 519 441
15 478 486 496 387 523 259 471 367 276 407 524 203 272 517 352
16 543 488 293 324 498 422 494 274 536 201 487 422 384 510 346
17 36 102 118 34 74 108 106 62 117 57 65 23 66 31 86
18 208 252 377 567 307 490 233 430 411 506 447 311 478 450 227
19 413 233 521 274 433 517 457 536 443 381 450 544 346 286 151
20 269 117 250 138 184 113 251 235 227 118 179 207 239 246 194
21 426 348 362 193 241 319 260 466 427 519 442 515 449 342 300
22 504 269 570 493 468 513 506 124 391 579 408 462 395 350 260
23 100 74 74 101 41 94 63 89 83 60 87 93 64 55 56
24 285 330 275 186 325 375 85 288 394 54 322 171 365 377 96
25 297 349 305 310 380 395 275 247 414 193 420 104 318 240 290
26 358 359 242 351 339 302 93 184 348 297 242 300 281 244 228
27 28 98 9 113 64 77 63 88 60 110 41 97 47 86 89
28 159 251 317 173 234 337 281 306 181 220 102 95 352 309 242
29 210 360 59 117 205 140 199 131 277 169 280 171 272 247 342
30 295 460 416 379 332 397 372 300 215 89 451 302 385 438 392
;

param:   cost_bundl  marginal :=
1 118 97
2 91 97
3 106 101
4 83 87
5 93 89
6 108 69
7 49 107
8 99 32
9 94 40
10 95 115
11 98 39
12 93 63
13 117 55
14 107 118
15 122 80
;
param: buyer budget :=
  0 288
  1 366
  2 367
  3 45
  4 392
  5 210
  6 506
  7 484
  8 84
  9 10
  10 227
  11 576
  12 467
  13 451
  14 245
  15 498
  16 477
  17 36
  18 58
  19 314
  20 180
  21 400
  22 321
  23 542
  24 121
  25 198
  26 454
  27 349
  28 334
  29 477
;
param num_partition :=
2
;
param: item partition_index cardinality :=
0 0 16
1 0 18
2 0 7
3 0 23
4 0 8
5 0 4
6 0 8
7 0 8
8 0 7
9 0 9
10 0 7
11 0 9
12 0 28
13 0 20
14 0 9
