param num_bundles := 15;

param num_cust := 30;

param price_reserve :
   1 2 3 4 5 6 7 8 9 10 11 12 13 14 15 :=
1 255 213 84 262 179 76 243 129 227 264 227 113 225 244 258
2 398 494 241 170 505 189 466 182 431 514 188 338 337 284 327
3 29 81 61 115 79 96 76 65 105 103 83 105 87 95 53
4 452 197 253 503 548 539 276 450 389 341 424 84 380 542 520
5 356 519 454 432 431 368 499 478 415 193 449 298 350 451 162
6 219 71 426 444 410 169 398 287 446 307 438 386 273 313 215
7 415 264 175 187 452 223 97 162 309 414 448 155 431 355 407
8 173 441 134 397 497 135 269 452 210 444 267 426 481 279 507
9 206 170 141 253 104 227 229 139 208 223 111 275 103 230 294
10 116 239 257 8 329 232 200 271 235 144 325 288 128 289 59
11 397 430 391 314 89 451 432 522 533 212 448 407 530 450 316
12 232 315 423 195 356 191 257 377 280 251 71 387 212 211 362
13 157 283 265 310 323 216 350 327 193 309 146 233 214 270 285
14 406 349 355 505 386 515 403 251 518 188 203 265 382 526 483
15 554 468 394 465 271 510 342 523 303 345 326 191 459 561 397
16 258 184 202 258 395 85 298 310 294 272 201 387 83 262 150
17 194 340 435 346 507 264 315 166 395 162 299 461 465 306 501
18 212 53 258 197 208 262 105 105 134 300 273 287 229 272 219
19 278 147 266 304 300 188 128 268 62 94 261 318 189 266 118
20 89 119 98 112 110 99 55 47 96 117 119 44 115 82 119
21 489 475 381 502 458 390 336 255 530 367 304 37 198 415 112
22 455 408 281 229 475 251 328 562 207 527 522 526 428 572 536
23 277 404 139 234 411 411 197 119 396 317 122 244 410 411 184
24 260 466 459 430 362 465 340 326 348 465 216 493 445 421 195
25 426 387 505 246 435 420 566 327 177 208 108 485 428 432 408
26 360 268 393 98 284 327 252 308 285 289 445 203 292 198 356
27 252 313 322 332 365 324 248 179 268 338 242 360 229 173 117
28 272 298 117 278 235 266 328 252 180 12 283 146 238 248 272
29 311 397 396 105 219 414 330 195 50 411 442 303 404 151 418
30 345 448 258 182 424 440 112 317 218 128 238 66 363 244 438
;

param:   cost_bundl  marginal :=
1 98 25
2 85 75
3 33 61
4 120 83
5 34 108
6 74 65
7 52 86
8 73 96
9 42 104
10 94 118
11 60 22
12 118 106
13 99 89
14 69 112
15 114 107
;
param: buyer budget :=
  0 329
  1 15
  2 346
  3 470
  4 172
  5 260
  6 207
  7 208
  8 381
  9 550
  10 177
  11 271
  12 120
  13 352
  14 341
  15 327
  16 141
  17 206
  18 525
  19 351
  20 463
  21 335
  22 355
  23 255
  24 502
  25 559
  26 555
  27 544
  28 244
  29 352
;
param num_partition :=
2
;
param: item partition_index cardinality :=
0 0 24
1 0 16
2 0 7
3 0 3
4 0 22
5 0 7
6 0 26
7 0 3
8 0 28
9 0 22
10 0 6
11 0 17
12 0 2
13 0 29
14 0 14
