param num_bundles := 15;

param num_cust := 30;

param price_reserve :
   1 2 3 4 5 6 7 8 9 10 11 12 13 14 15 :=
1 320 445 418 422 120 266 427 286 295 299 489 230 364 392 308
2 76 67 116 65 40 114 44 116 78 61 108 104 108 57 59
3 388 435 171 447 302 413 527 525 384 536 287 330 485 272 148
4 289 51 124 278 247 313 229 250 303 173 180 202 60 306 235
5 436 414 176 306 404 443 417 392 494 222 486 208 389 388 402
6 230 169 80 285 115 239 273 158 277 305 320 263 81 307 172
7 545 430 297 447 451 511 432 273 517 116 97 472 527 539 345
8 138 229 251 164 160 321 288 264 262 64 256 279 331 98 232
9 389 346 189 324 127 272 103 167 374 266 319 206 156 107 377
10 361 404 413 302 240 422 287 463 452 291 81 479 286 508 450
11 131 530 362 348 390 393 383 313 211 281 292 498 293 554 432
12 80 33 115 45 50 107 49 78 111 92 97 120 74 98 75
13 361 500 339 184 360 267 325 368 472 488 235 216 506 249 377
14 335 336 194 466 116 363 548 384 539 564 152 553 489 133 307
15 202 204 309 248 428 450 330 399 238 82 390 445 364 357 148
16 317 173 211 298 218 52 170 299 192 59 329 266 154 301 298
17 580 216 267 494 369 286 443 571 573 295 372 558 416 567 564
18 210 406 497 333 159 399 327 242 220 391 460 504 212 255 388
19 52 384 296 442 445 470 420 439 464 400 393 125 321 225 188
20 249 34 296 219 177 218 283 257 196 157 219 319 200 306 69
21 333 354 354 282 131 185 230 260 360 106 94 227 91 376 263
22 245 195 228 470 166 175 307 491 408 495 380 331 486 162 526
23 101 132 361 260 414 376 313 410 360 263 189 330 287 355 197
24 186 390 325 267 276 158 386 252 286 244 23 417 87 401 351
25 373 479 267 463 409 50 329 236 35 432 365 343 416 262 453
26 444 258 493 442 394 439 288 399 501 478 32 505 275 391 317
27 394 329 342 255 178 363 251 135 208 391 242 386 204 377 53
28 453 309 404 145 317 117 177 299 113 464 367 274 373 404 374
29 390 492 403 328 381 507 485 367 424 473 415 265 235 293 506
30 382 191 423 504 484 472 333 429 458 387 132 492 382 312 364
;

param:   cost_bundl  marginal :=
1 5 103
2 84 93
3 105 91
4 119 107
5 83 84
6 85 99
7 101 65
8 33 107
9 33 122
10 110 74
11 59 95
12 109 91
13 115 118
14 103 116
15 78 99
;
param: buyer budget :=
  0 48
  1 151
  2 150
  3 24
  4 416
  5 302
  6 60
  7 90
  8 558
  9 366
  10 326
  11 172
  12 165
  13 297
  14 336
  15 546
  16 134
  17 420
  18 548
  19 198
  20 527
  21 511
  22 466
  23 387
  24 455
  25 336
  26 202
  27 384
  28 204
  29 253
;
param num_partition :=
2
;
param: item partition_index cardinality :=
0 0 22
1 0 4
2 0 3
3 0 7
4 0 19
5 0 1
6 0 12
7 0 24
8 0 22
9 0 11
10 0 6
11 0 11
12 0 9
13 0 24
14 0 5
