param num_bundles := 15;

param num_cust := 30;

param price_reserve :
   1 2 3 4 5 6 7 8 9 10 11 12 13 14 15 :=
1 122 437 362 202 213 438 271 148 182 236 487 163 446 446 45
2 393 271 339 370 368 261 349 243 292 272 184 346 366 329 393
3 367 206 461 437 421 358 182 201 348 211 172 244 360 444 453
4 202 361 365 310 297 330 303 269 255 221 234 389 269 302 430
5 263 381 402 480 179 440 282 363 436 484 317 266 468 251 478
6 494 444 425 395 422 284 89 467 446 439 399 384 493 212 563
7 443 470 320 475 259 267 509 400 504 276 436 368 189 520 501
8 184 300 354 123 405 321 396 415 267 515 56 387 133 520 404
9 83 43 5 71 78 80 98 96 44 90 120 118 50 115 118
10 90 59 38 65 69 103 100 97 89 77 88 115 61 88 120
11 244 348 183 185 383 395 395 367 358 266 100 368 279 197 154
12 460 464 377 389 345 445 437 191 179 430 102 392 172 251 446
13 172 245 336 213 183 103 145 308 147 222 299 377 293 382 239
14 76 371 370 385 337 215 388 83 387 205 380 40 33 324 302
15 441 392 287 348 355 307 461 348 287 319 206 142 383 275 62
16 133 51 136 209 60 99 212 222 235 137 199 160 98 186 231
17 480 324 477 416 406 482 465 271 393 404 377 395 379 236 384
18 391 181 356 373 359 469 363 319 475 348 459 21 331 203 235
19 197 230 125 118 69 216 240 210 215 133 186 200 64 251 173
20 378 377 313 417 354 494 220 389 508 336 324 321 412 246 129
21 420 379 371 207 316 284 369 408 283 286 360 306 334 155 308
22 354 395 290 97 294 218 253 324 195 228 393 209 133 198 213
23 257 39 222 257 160 305 274 86 219 205 154 240 151 313 230
24 40 224 342 267 363 223 183 143 99 247 223 260 308 336 311
25 231 276 317 354 190 93 233 44 276 194 160 68 174 281 229
26 57 234 349 261 286 343 165 365 267 240 352 252 329 376 285
27 354 421 459 435 449 214 298 209 370 397 406 406 184 211 75
28 88 120 97 103 107 120 105 46 120 115 3 102 63 89 71
29 318 330 253 303 113 326 135 318 278 305 69 341 295 306 314
30 437 371 196 455 434 436 353 262 297 347 108 405 282 392 418
;

param:   cost_bundl  marginal :=
1 49 72
2 96 119
3 75 108
4 98 104
5 58 44
6 51 100
7 93 73
8 121 69
9 103 89
10 115 96
11 92 54
12 121 117
13 82 103
14 61 103
15 10 49
;
param: buyer budget :=
  0 204
  1 83
  2 49
  3 562
  4 56
  5 325
  6 46
  7 210
  8 411
  9 515
  10 285
  11 232
  12 158
  13 307
  14 177
  15 492
  16 22
  17 206
  18 510
  19 415
  20 240
  21 318
  22 336
  23 61
  24 368
  25 376
  26 66
  27 540
  28 178
  29 11
;
param num_partition :=
2
;
param: item partition_index cardinality :=
0 0 13
1 0 5
2 0 16
3 0 10
4 0 18
5 0 21
6 0 18
7 0 11
8 0 28
9 0 27
10 0 1
11 0 9
12 0 21
13 0 6
14 0 24
