param num_bundles := 15;

param num_cust := 30;

param price_reserve :
   1 2 3 4 5 6 7 8 9 10 11 12 13 14 15 :=
1 237 242 99 170 141 183 234 183 100 163 224 146 157 235 128
2 316 227 361 436 321 240 207 467 359 281 166 369 301 427 279
3 229 360 79 349 361 133 227 425 428 411 383 378 306 399 362
4 355 258 489 437 407 521 139 540 394 477 476 360 314 365 329
5 411 268 399 284 346 82 192 436 430 325 251 279 425 446 279
6 123 153 121 372 224 221 192 295 206 269 392 330 54 102 131
7 492 241 319 368 267 507 485 551 508 212 484 436 467 504 159
8 344 357 273 365 203 345 266 119 134 298 119 169 253 252 145
9 38 21 69 89 99 52 71 58 117 109 34 117 120 89 120
10 297 354 443 460 318 379 390 351 380 449 468 426 408 177 176
11 378 427 274 428 497 563 425 545 388 349 471 99 512 212 511
12 8 81 54 104 122 57 92 100 44 115 57 44 100 54 115
13 486 263 529 403 330 320 347 290 431 81 459 449 343 494 510
14 335 388 256 345 178 274 301 369 304 387 150 51 56 176 382
15 254 356 288 457 382 374 439 392 121 400 358 362 262 335 310
16 287 327 224 359 392 128 413 360 151 378 169 388 269 418 152
17 101 100 413 263 259 501 201 292 80 446 358 427 499 496 70
18 315 354 422 289 298 361 374 283 174 170 395 165 102 382 242
19 400 313 451 440 406 354 385 417 381 206 128 388 451 443 440
20 383 358 298 261 319 219 386 180 150 260 253 300 267 371 293
21 279 545 230 277 382 470 311 389 366 483 473 438 130 554 489
22 400 329 283 284 193 331 421 179 106 286 164 401 325 200 385
23 240 414 231 195 379 460 414 436 175 274 294 215 418 272 413
24 165 221 199 99 334 0 323 250 117 284 291 192 196 282 163
25 190 399 365 365 152 331 399 235 420 374 103 286 362 319 243
26 406 387 444 416 365 452 488 403 333 122 445 472 54 476 374
27 320 259 319 407 243 403 209 341 358 156 289 329 373 183 414
28 363 376 192 148 277 266 392 301 381 382 259 92 392 189 348
29 294 260 347 378 392 432 223 259 456 290 326 364 387 462 144
30 428 265 407 442 145 210 410 133 313 34 320 404 103 436 404
;

param:   cost_bundl  marginal :=
1 19 78
2 87 101
3 99 96
4 84 98
5 109 91
6 77 108
7 103 113
8 88 86
9 74 102
10 39 72
11 115 94
12 31 98
13 61 116
14 110 84
15 96 36
;
param: buyer budget :=
  0 29
  1 83
  2 364
  3 140
  4 456
  5 517
  6 527
  7 280
  8 149
  9 213
  10 393
  11 4
  12 235
  13 392
  14 485
  15 81
  16 93
  17 9
  18 135
  19 38
  20 406
  21 335
  22 121
  23 98
  24 299
  25 330
  26 505
  27 171
  28 294
  29 57
;
param num_partition :=
2
;
param: item partition_index cardinality :=
0 0 17
1 0 16
2 0 12
3 0 22
4 0 22
5 0 1
6 0 28
7 0 13
8 0 27
9 0 1
10 0 24
11 0 13
12 0 12
13 0 22
14 0 29
