param num_bundles := 25;

param num_cust := 30;

param price_reserve :
   1 2 3 4 5 6 7 8 9 10 11 12 13 14 15 16 17 18 19 20 21 22 23 24 25 :=
1 563 438 473 645 527 556 564 585 586 355 194 499 601 493 397 398 382 469 618 624 509 455 361 252 501
2 845 808 738 910 839 628 804 285 527 800 580 670 762 660 520 772 907 220 481 389 744 124 473 339 769
3 621 585 718 817 764 534 805 501 264 416 534 482 313 735 241 744 777 453 491 574 263 718 168 523 811
4 458 766 432 482 209 620 880 867 379 389 257 823 474 664 322 755 575 707 696 822 205 780 413 474 757
5 328 667 618 723 142 443 522 348 388 543 758 469 467 686 683 338 775 789 562 462 334 375 779 532 185
6 535 274 262 139 503 446 520 546 650 497 625 450 302 640 416 366 344 627 369 539 502 161 657 264 333
7 509 68 637 569 699 760 250 167 747 650 396 188 344 694 367 382 48 612 698 372 422 529 690 479 665
8 352 86 119 307 370 214 408 246 364 444 469 62 442 359 203 326 372 282 195 454 336 240 321 251 426
9 433 369 470 597 698 714 650 568 383 544 328 230 380 588 688 572 635 603 593 667 268 701 530 399 432
10 597 305 564 467 267 546 327 605 439 477 574 452 534 583 554 529 345 587 361 71 475 557 189 272 465
11 838 242 735 519 708 655 835 71 798 731 639 814 695 29 595 627 680 254 471 487 630 472 422 625 558
12 597 635 598 646 310 625 666 555 683 400 412 404 638 432 52 673 570 241 593 477 605 377 503 484 577
13 470 255 426 124 264 496 361 305 480 429 118 298 168 377 259 367 315 71 378 498 149 489 288 416 426
14 328 407 497 432 132 307 547 546 413 376 164 62 358 196 570 468 382 543 304 226 519 460 337 100 464
15 421 221 513 519 148 398 253 326 593 142 583 587 601 360 417 181 605 277 606 605 193 248 425 311 344
16 295 178 254 306 241 252 141 299 132 95 79 251 290 274 123 42 197 165 286 170 149 220 297 163 110
17 768 670 750 719 713 309 498 594 313 405 753 777 635 404 644 341 606 607 60 166 809 510 793 109 478
18 434 380 455 583 581 442 333 437 437 417 428 489 241 396 133 479 630 200 276 411 679 160 112 298 339
19 471 555 591 700 713 402 657 166 604 634 635 294 691 600 749 98 677 175 397 354 371 553 803 653 446
20 423 283 310 114 263 560 426 377 111 425 521 450 302 560 562 332 244 554 536 365 529 111 311 499 449
21 821 192 630 513 684 823 251 722 771 735 824 641 770 717 307 235 668 616 460 380 339 741 746 469 341
22 145 162 238 198 253 222 163 225 173 172 135 204 210 229 140 238 207 187 228 71 217 315 242 281 230
23 435 266 122 695 343 395 231 654 190 147 318 388 708 607 417 596 723 554 278 672 370 741 586 489 709
24 850 427 632 498 577 277 206 665 138 352 700 48 60 592 567 892 806 717 647 768 827 896 655 434 840
25 269 653 366 865 862 231 706 842 658 594 716 562 782 596 556 715 191 604 752 847 513 526 617 570 534
26 539 307 277 488 602 220 638 231 119 542 549 489 372 573 412 610 391 465 320 65 551 509 445 442 132
27 627 371 606 625 644 575 116 369 640 584 545 510 552 502 615 604 172 477 693 619 567 627 707 102 415
28 200 472 79 380 233 289 338 167 219 230 225 74 351 439 391 346 458 203 335 343 298 158 197 214 285
29 563 510 396 369 524 484 124 480 334 221 511 441 249 524 278 507 414 249 359 516 276 136 286 400 266
30 913 536 249 681 519 606 246 617 821 51 335 588 700 820 851 427 909 757 719 420 896 590 282 859 483
;

param:   cost_bundl  marginal :=
1 79 84
2 119 131
3 106 92
4 74 26
5 105 82
6 56 106
7 155 86
8 93 39
9 93 59
10 10 126
11 126 151
12 85 82
13 150 136
14 60 133
15 91 125
16 65 79
17 62 136
18 131 61
19 121 76
20 133 153
21 107 115
22 153 32
23 58 156
24 119 101
25 71 84
;
param: buyer budget :=
  0 168
  1 333
  2 1282
  3 588
  4 557
  5 217
  6 878
  7 946
  8 778
  9 664
  10 1766
  11 1395
  12 1724
  13 896
  14 1437
  15 1006
  16 1368
  17 494
  18 253
  19 870
  20 90
  21 629
  22 74
  23 328
  24 1032
  25 165
  26 851
  27 846
  28 593
  29 112
;
param num_partition :=
3
;
param: item partition_index cardinality :=
0 0 29
1 0 23
2 0 9
3 0 2
4 0 4
5 0 9
6 0 7
7 0 8
8 0 29
9 0 3
10 0 15
11 1 14
12 1 23
13 1 9
14 1 10
15 1 22
16 1 23
17 1 3
18 1 20
19 1 21
20 1 13
21 1 18
22 1 29
23 1 20
24 1 18
