param num_bundles := 25;

param num_cust := 30;

param price_reserve :
   1 2 3 4 5 6 7 8 9 10 11 12 13 14 15 16 17 18 19 20 21 22 23 24 25 :=
1 99 394 442 252 453 310 490 541 162 185 535 440 521 384 461 320 526 417 458 492 548 237 502 175 367
2 449 682 309 546 352 678 243 362 636 129 476 535 326 710 675 707 146 115 621 597 309 549 333 334 724
3 558 589 417 764 679 395 844 487 660 630 322 461 230 205 550 779 799 467 414 339 571 623 565 824 470
4 240 530 746 410 693 334 765 530 393 484 280 487 575 763 679 579 746 609 608 562 120 692 571 462 412
5 377 298 426 248 429 278 364 391 257 120 12 288 218 322 403 93 363 328 352 383 412 318 96 382 155
6 577 343 733 635 123 737 842 506 739 240 425 204 355 689 717 466 118 269 435 498 646 491 377 549 367
7 794 826 668 81 862 363 729 806 845 701 408 535 708 228 486 798 815 418 697 725 687 669 462 408 235
8 550 707 622 585 730 322 680 608 631 740 739 396 363 710 507 33 370 475 402 399 619 735 668 439 334
9 380 424 621 643 163 311 724 538 649 463 667 699 406 464 449 340 657 527 670 536 588 673 573 301 589
10 496 410 289 601 607 432 574 245 423 513 381 330 142 620 418 572 477 532 606 668 242 555 607 188 284
11 406 707 784 477 752 319 423 41 682 787 718 468 685 394 228 611 468 593 616 303 583 674 507 752 757
12 126 154 89 41 77 124 77 95 115 128 102 111 75 143 154 114 154 135 66 130 137 97 152 41 130
13 53 41 256 379 408 351 411 459 442 450 367 399 413 277 384 175 471 389 275 336 436 165 335 415 462
14 555 426 344 393 523 394 628 623 443 434 302 492 334 267 506 210 185 472 398 300 558 253 177 540 458
15 474 695 153 757 481 510 602 271 454 660 229 529 577 616 603 689 394 325 380 188 734 242 523 274 744
16 243 479 730 870 512 691 51 625 551 329 905 890 385 570 729 642 668 674 314 739 503 882 839 465 591
17 595 330 128 92 690 641 514 390 355 446 484 231 455 554 231 632 228 438 397 372 659 599 636 382 497
18 488 798 844 564 730 29 458 494 808 795 398 644 791 781 755 429 274 444 717 346 271 531 697 802 600
19 849 806 727 614 599 159 213 577 420 739 793 662 747 531 824 777 856 261 864 487 286 72 794 165 744
20 466 504 579 553 360 441 311 602 230 318 560 368 495 560 488 324 527 496 559 62 274 502 297 282 251
21 227 462 169 437 652 627 535 519 503 280 546 434 462 307 105 623 305 121 257 415 525 454 629 605 493
22 445 545 482 533 310 261 356 320 542 171 564 619 565 432 94 401 324 198 440 540 508 146 535 566 579
23 503 469 246 460 372 448 67 382 209 368 263 326 485 469 305 112 479 377 460 291 395 458 488 296 436
24 313 697 586 671 532 726 420 451 585 300 460 714 621 581 365 350 579 142 207 740 310 697 241 496 640
25 735 597 364 701 700 50 693 790 548 736 528 775 766 734 470 200 502 88 711 402 722 63 354 597 706
26 567 331 521 446 44 558 378 463 313 253 402 412 458 547 457 519 329 353 473 236 316 252 459 526 438
27 413 297 431 244 333 372 93 256 124 404 315 425 142 287 257 275 332 385 296 143 357 197 116 423 207
28 288 407 434 325 406 321 353 506 341 507 101 357 456 266 221 137 342 326 286 509 440 369 503 172 492
29 733 630 885 642 411 760 742 645 566 315 658 391 357 601 870 338 635 824 690 440 634 853 597 835 425
30 469 572 483 200 786 859 363 890 797 431 662 796 930 858 360 842 858 546 785 732 912 831 924 735 355
;

param:   cost_bundl  marginal :=
1 32 155
2 84 153
3 140 147
4 148 102
5 147 150
6 137 70
7 109 134
8 123 87
9 148 38
10 147 100
11 95 117
12 119 122
13 27 51
14 120 60
15 141 97
16 127 140
17 127 107
18 71 62
19 64 150
20 44 157
21 134 132
22 119 104
23 39 133
24 152 67
25 87 113
;
param: buyer budget :=
  0 678
  1 1465
  2 631
  3 1037
  4 1068
  5 291
  6 1672
  7 112
  8 399
  9 991
  10 399
  11 487
  12 1356
  13 982
  14 1755
  15 127
  16 825
  17 1699
  18 1848
  19 232
  20 1188
  21 1080
  22 1470
  23 441
  24 250
  25 1156
  26 1090
  27 57
  28 417
  29 1438
;
param num_partition :=
3
;
param: item partition_index cardinality :=
0 0 25
1 0 9
2 0 3
3 0 22
4 0 8
5 0 2
6 0 19
7 0 19
8 0 17
9 1 11
10 1 21
11 1 10
12 1 9
13 1 17
14 1 22
15 1 11
16 1 9
17 1 21
18 1 2
19 1 24
20 1 28
21 1 8
22 1 4
23 1 6
24 1 27
