param num_bundles := 25;

param num_cust := 30;

param price_reserve :
   1 2 3 4 5 6 7 8 9 10 11 12 13 14 15 16 17 18 19 20 21 22 23 24 25 :=
1 286 376 391 252 412 517 480 439 559 497 479 534 331 281 375 343 312 447 428 401 510 438 475 483 469
2 278 373 265 410 320 55 105 396 370 182 303 73 300 307 187 264 345 313 234 304 359 265 261 188 285
3 287 346 374 251 595 719 519 288 436 516 226 500 392 343 606 421 233 536 154 375 389 50 709 82 161
4 504 697 582 306 504 468 565 542 118 518 493 324 498 539 405 462 416 593 91 658 182 391 451 574 308
5 149 228 365 452 506 587 550 409 316 384 237 344 582 530 534 520 505 428 586 487 381 406 525 431 446
6 736 867 916 476 658 632 496 597 377 614 883 852 910 452 731 905 892 746 418 867 718 689 770 918 775
7 464 577 104 610 648 539 466 595 285 398 470 641 396 631 478 371 264 273 554 563 426 251 508 562 349
8 594 459 707 589 645 402 749 271 631 369 736 458 807 736 794 379 580 756 712 823 746 647 487 768 572
9 337 364 432 164 468 443 385 243 488 308 408 412 485 306 435 304 483 496 413 353 286 241 90 264 527
10 335 714 474 563 225 675 759 485 266 59 446 758 414 116 109 743 400 741 780 645 306 367 474 788 429
11 443 835 880 794 824 784 778 230 828 880 672 809 275 627 717 823 535 718 405 279 377 500 675 809 357
12 570 531 475 284 378 418 346 145 550 531 571 225 604 602 540 555 396 300 101 311 271 232 548 142 482
13 270 546 99 367 661 699 200 569 423 118 756 174 511 448 623 278 713 304 392 491 564 627 745 680 406
14 255 129 280 310 277 310 304 289 197 283 220 199 377 152 178 273 348 280 324 283 350 113 369 369 376
15 796 702 319 705 865 859 791 675 299 200 868 843 263 684 660 566 587 860 735 671 462 257 281 167 361
16 224 260 189 198 172 282 161 191 203 288 250 264 101 237 172 135 258 198 219 305 226 314 173 89 84
17 592 634 417 296 201 661 543 618 616 56 236 370 194 421 669 89 504 353 219 444 665 609 208 157 436
18 462 580 573 581 602 225 480 280 191 564 608 626 500 596 463 620 422 210 496 563 413 448 532 458 401
19 246 673 629 583 316 177 727 464 531 450 545 453 489 639 644 166 368 320 600 630 654 338 585 388 716
20 253 683 298 750 507 602 344 413 394 373 404 327 447 499 424 327 775 258 708 649 559 599 465 785 801
21 96 216 221 86 312 258 336 311 270 164 298 252 121 285 232 354 104 285 310 78 326 77 328 307 365
22 489 438 387 375 302 510 493 428 292 282 333 425 427 544 237 405 378 323 118 417 349 450 359 395 475
23 715 697 463 288 554 713 708 671 462 680 559 572 720 536 624 736 641 590 548 749 454 705 552 746 696
24 144 47 144 149 62 103 151 140 33 126 90 69 46 146 124 126 128 70 140 123 44 89 74 127 79
25 294 352 359 578 784 552 559 686 749 469 651 802 659 505 603 532 650 775 735 148 565 785 801 315 271
26 517 228 415 20 172 269 685 692 703 66 603 638 663 464 629 255 679 333 587 366 109 724 697 329 617
27 807 789 152 638 530 623 390 561 652 701 406 510 574 635 771 808 691 803 778 573 188 676 553 356 545
28 237 615 713 751 474 565 646 74 773 420 596 621 706 660 809 515 292 845 171 625 386 738 757 773 721
29 814 791 180 732 874 128 824 553 572 449 892 711 874 630 864 905 422 814 837 313 675 267 318 655 608
30 542 649 556 593 733 754 661 326 731 769 634 436 649 807 218 475 337 615 500 481 791 293 189 555 575
;

param:   cost_bundl  marginal :=
1 127 95
2 37 106
3 144 144
4 145 125
5 140 119
6 72 40
7 144 128
8 154 76
9 152 104
10 116 89
11 135 125
12 99 144
13 86 39
14 31 118
15 60 95
16 114 133
17 76 58
18 68 135
19 122 149
20 90 9
21 21 149
22 118 102
23 107 68
24 52 72
25 102 103
;
param: buyer budget :=
  0 1327
  1 232
  2 1715
  3 576
  4 722
  5 368
  6 1326
  7 709
  8 660
  9 301
  10 1469
  11 861
  12 351
  13 1153
  14 88
  15 516
  16 477
  17 285
  18 475
  19 680
  20 1240
  21 1075
  22 1468
  23 1727
  24 1694
  25 1135
  26 912
  27 1127
  28 1083
  29 1019
;
param num_partition :=
3
;
param: item partition_index cardinality :=
0 0 24
1 0 20
2 0 16
3 0 26
4 0 21
5 0 27
6 0 27
7 0 21
8 0 16
9 0 12
10 0 3
11 0 27
12 0 21
13 0 9
14 1 24
15 1 18
16 1 18
17 1 25
18 1 23
19 1 4
20 1 7
21 1 26
22 1 15
23 1 8
24 1 2
