param num_bundles := 25;

param num_cust := 30;

param price_reserve :
   1 2 3 4 5 6 7 8 9 10 11 12 13 14 15 16 17 18 19 20 21 22 23 24 25 :=
1 501 464 452 336 306 388 495 121 239 419 513 429 560 574 238 352 605 372 43 137 592 572 603 499 143
2 112 268 283 334 277 201 291 369 109 188 369 238 166 313 320 299 352 363 343 366 284 368 322 129 102
3 120 121 52 259 217 236 293 146 259 279 232 219 273 266 196 163 224 213 241 299 163 214 300 183 288
4 689 443 639 419 358 273 617 466 716 186 69 385 550 197 490 564 676 441 467 158 368 727 417 598 367
5 746 584 535 31 266 178 672 787 722 677 347 370 648 364 620 740 432 738 502 340 708 570 646 782 327
6 383 256 539 189 144 331 534 329 588 505 176 454 470 183 405 444 494 392 407 159 587 334 247 195 155
7 133 285 216 301 180 183 258 224 176 290 289 202 227 249 278 244 161 263 259 172 299 155 302 313 308
8 674 631 551 802 612 827 573 258 311 729 274 717 280 844 431 483 749 397 726 487 728 287 787 152 462
9 390 549 451 289 381 433 191 571 116 361 493 182 274 463 319 62 534 343 473 423 467 572 376 448 484
10 361 302 81 289 77 307 386 360 362 287 378 334 410 304 154 139 108 355 427 396 379 359 422 113 253
11 526 693 596 607 240 627 467 101 673 640 669 604 186 606 648 19 394 518 685 514 698 593 525 579 372
12 189 204 575 515 485 564 439 487 512 102 299 529 400 450 569 473 332 101 469 388 320 219 479 420 493
13 336 529 776 243 534 414 636 727 560 504 873 726 423 425 692 487 892 829 667 492 827 342 611 797 522
14 812 667 882 884 678 815 828 727 204 482 344 692 850 664 831 461 644 784 769 408 847 683 444 839 687
15 122 410 373 427 277 169 216 386 382 356 225 248 145 270 154 408 160 353 222 232 35 247 103 171 418
16 149 31 75 42 129 151 137 84 45 127 110 89 100 124 90 50 61 95 153 116 100 126 78 147 45
17 573 525 273 338 508 660 463 375 263 530 641 233 437 512 523 244 474 176 661 594 556 718 586 326 302
18 378 329 198 114 112 164 255 375 126 315 273 127 141 160 204 239 332 211 96 195 327 353 246 343 108
19 263 312 717 595 482 591 462 507 122 683 721 652 677 682 412 555 574 674 521 534 621 629 520 120 483
20 589 571 733 783 819 760 414 565 634 423 407 534 383 759 498 760 283 838 618 689 360 84 360 501 503
21 296 379 691 842 456 776 475 113 716 461 737 680 840 824 304 833 419 652 380 752 554 259 514 698 459
22 766 780 612 598 285 823 739 647 667 314 445 644 800 784 884 289 373 736 817 675 616 163 514 544 847
23 32 141 307 151 292 212 171 127 145 130 131 160 300 62 205 193 253 274 274 280 235 210 251 297 222
24 551 413 198 527 97 479 510 400 411 446 475 573 375 320 147 332 377 334 277 393 226 464 553 250 410
25 450 222 255 442 485 435 476 370 45 321 43 149 486 289 586 258 621 583 530 573 315 337 517 319 631
26 433 371 274 578 252 487 687 605 330 566 618 637 500 698 659 684 96 659 514 380 379 370 465 538 462
27 286 203 340 376 266 227 377 328 252 232 344 364 102 78 332 139 317 349 141 227 301 373 138 105 218
28 893 835 535 807 284 901 828 403 576 902 449 639 771 226 628 667 293 754 657 815 889 217 179 503 906
29 211 258 195 121 287 181 445 312 138 455 431 297 456 221 491 476 139 359 432 413 521 337 227 505 484
30 518 703 735 797 751 167 497 718 236 795 835 517 868 238 644 496 512 781 775 454 778 466 643 43 223
;

param:   cost_bundl  marginal :=
1 109 103
2 104 118
3 127 142
4 99 77
5 77 88
6 126 122
7 147 96
8 141 94
9 70 122
10 75 79
11 31 106
12 138 71
13 87 91
14 98 98
15 117 58
16 143 114
17 90 54
18 150 108
19 120 103
20 151 117
21 55 137
22 69 154
23 100 92
24 81 153
25 132 148
;
param: buyer budget :=
  0 596
  1 197
  2 808
  3 935
  4 970
  5 418
  6 1641
  7 384
  8 600
  9 1674
  10 495
  11 1366
  12 881
  13 1727
  14 348
  15 551
  16 1030
  17 89
  18 1501
  19 988
  20 759
  21 185
  22 1293
  23 373
  24 1533
  25 1203
  26 497
  27 653
  28 169
  29 286
;
param num_partition :=
3
;
param: item partition_index cardinality :=
0 0 13
1 0 10
2 0 22
3 0 1
4 0 13
5 0 12
6 0 17
7 0 29
8 0 17
9 0 14
10 0 7
11 0 7
12 0 23
13 0 11
14 0 14
15 0 3
16 0 4
17 0 19
18 1 11
19 1 6
20 1 22
21 1 12
22 1 28
23 1 17
24 1 4
