param num_bundles := 25;

param num_cust := 30;

param price_reserve :
   1 2 3 4 5 6 7 8 9 10 11 12 13 14 15 16 17 18 19 20 21 22 23 24 25 :=
1 373 150 237 148 543 476 377 324 230 497 424 503 520 480 472 122 342 321 517 526 557 161 356 447 457
2 631 504 677 563 650 117 333 634 67 704 586 511 738 769 684 146 694 794 834 603 776 546 864 556 607
3 364 173 86 278 201 370 348 268 299 376 295 244 169 284 260 374 362 333 352 374 164 375 266 287 236
4 186 377 320 355 268 368 77 341 347 285 116 363 305 316 90 358 296 230 201 310 286 324 278 351 255
5 250 561 549 406 542 197 164 632 794 806 638 727 704 538 793 653 661 832 168 546 744 511 789 685 458
6 645 678 819 527 323 662 668 191 459 696 454 486 837 650 208 844 286 811 638 813 811 838 620 684 671
7 711 742 690 598 433 738 551 880 760 400 295 643 930 917 466 636 820 574 560 643 451 807 527 648 879
8 627 817 108 652 439 699 802 574 814 870 757 119 618 836 448 258 781 794 760 690 545 427 809 593 784
9 784 593 379 501 189 584 786 331 481 687 619 558 537 339 137 701 763 778 350 768 756 590 726 742 750
10 571 581 643 565 736 394 291 816 638 202 385 815 708 797 821 773 544 133 692 701 592 504 298 603 612
11 744 839 425 680 467 35 573 569 849 568 863 538 352 742 438 703 447 368 346 844 622 807 516 479 240
12 562 830 683 147 644 684 867 235 630 891 598 768 653 589 610 784 398 832 530 631 358 765 698 404 704
13 116 469 614 647 240 774 507 644 440 395 625 727 747 465 736 455 586 688 188 109 405 338 406 451 553
14 590 649 869 745 702 308 646 226 682 772 263 686 886 816 826 443 661 871 665 594 226 819 785 723 458
15 860 656 435 577 417 848 602 872 643 624 754 80 526 773 850 801 764 858 91 223 360 833 347 631 829
16 310 191 384 424 385 382 281 66 354 359 175 402 259 449 450 448 443 441 351 157 459 138 359 253 354
17 513 250 441 79 117 365 190 326 395 408 456 431 442 447 202 364 107 268 476 226 230 62 249 114 82
18 748 820 83 463 534 692 765 774 700 649 624 519 318 557 187 296 793 565 646 56 647 411 462 696 561
19 502 555 613 673 724 689 551 840 695 441 534 375 774 477 545 692 539 707 708 467 830 571 514 190 469
20 846 813 400 817 599 663 683 595 327 644 723 606 788 863 561 364 347 367 722 727 473 815 550 124 873
21 119 683 596 750 633 868 843 818 35 621 856 278 482 436 254 387 739 835 534 600 722 130 472 754 366
22 199 212 158 112 246 245 224 232 271 275 201 237 194 194 275 81 27 199 258 313 257 83 239 295 83
23 729 859 324 662 326 773 733 700 787 721 482 164 481 500 369 436 720 674 141 559 506 555 731 567 158
24 459 449 477 391 346 386 264 372 202 389 497 430 396 331 343 255 379 457 313 482 315 406 424 362 436
25 194 316 345 359 420 270 387 372 163 419 164 48 312 396 399 224 317 283 357 338 152 164 256 126 354
26 355 119 73 91 401 267 366 59 422 336 379 288 240 405 378 350 202 332 148 259 383 270 233 370 315
27 482 240 483 223 211 288 370 463 537 214 455 397 212 180 474 528 210 377 509 491 347 208 300 182 450
28 741 474 855 689 446 454 799 526 381 742 779 657 729 900 841 908 748 683 228 862 97 724 501 564 457
29 573 436 545 354 555 236 373 504 213 353 488 484 558 567 466 465 543 302 500 525 565 443 279 234 602
30 653 687 140 749 521 231 117 419 452 657 351 468 763 588 599 637 754 744 411 412 718 520 745 376 438
;

param:   cost_bundl  marginal :=
1 88 128
2 144 110
3 92 120
4 85 37
5 135 92
6 80 96
7 46 60
8 121 128
9 10 124
10 141 102
11 142 156
12 38 135
13 96 154
14 151 88
15 107 112
16 111 77
17 134 126
18 66 154
19 54 154
20 122 40
21 38 136
22 32 89
23 151 134
24 112 93
25 141 147
;
param: buyer budget :=
  0 1455
  1 1630
  2 88
  3 1239
  4 426
  5 322
  6 1797
  7 1514
  8 904
  9 961
  10 385
  11 1783
  12 80
  13 1079
  14 455
  15 188
  16 289
  17 878
  18 1375
  19 360
  20 154
  21 1269
  22 214
  23 1140
  24 854
  25 1460
  26 941
  27 609
  28 632
  29 1023
;
param num_partition :=
3
;
param: item partition_index cardinality :=
0 0 3
1 0 2
2 0 2
3 0 11
4 0 10
5 1 3
6 1 7
7 1 20
8 1 25
9 1 24
10 1 21
11 1 15
12 1 5
13 1 6
14 1 21
15 1 28
16 1 19
17 1 10
18 1 22
19 1 10
20 1 1
21 1 26
22 1 4
23 1 4
24 1 9
