param num_bundles := 25;

param num_cust := 30;

param price_reserve :
   1 2 3 4 5 6 7 8 9 10 11 12 13 14 15 16 17 18 19 20 21 22 23 24 25 :=
1 813 659 625 583 846 596 529 514 547 772 618 801 362 688 461 296 731 793 507 429 414 654 608 454 580
2 287 589 512 277 245 516 542 449 159 503 27 497 482 600 530 546 599 541 330 492 483 512 395 224 514
3 345 763 811 922 920 712 219 894 760 839 872 610 797 737 528 287 697 889 913 429 918 451 635 395 696
4 686 641 573 671 508 601 449 656 330 661 721 582 587 700 378 709 413 278 298 654 170 742 649 712 228
5 449 768 265 496 307 430 698 547 647 770 139 162 612 303 228 794 356 544 718 502 624 135 414 528 696
6 74 413 512 52 728 785 705 731 457 588 498 599 638 478 417 746 562 347 452 578 339 465 658 643 354
7 389 122 462 307 422 291 357 316 153 438 409 170 294 352 339 161 81 142 328 277 463 368 440 314 390
8 153 155 145 135 91 76 74 143 156 101 83 109 26 157 140 135 153 111 65 95 153 20 126 106 62
9 321 404 911 274 502 710 793 691 512 448 895 492 472 732 593 171 308 538 729 453 0 74 832 765 625
10 135 151 64 151 43 132 142 148 151 150 70 132 139 122 119 138 99 149 136 153 27 45 86 81 127
11 268 59 211 313 201 170 248 299 160 75 241 240 268 215 315 244 215 222 270 269 69 281 270 81 28
12 190 341 331 555 439 527 551 412 483 218 510 333 574 205 415 519 400 191 271 396 538 310 528 392 467
13 534 863 848 637 717 667 665 693 637 696 294 754 379 644 741 858 833 318 596 433 355 758 827 236 785
14 349 271 466 152 254 457 69 476 474 400 259 503 495 274 371 96 446 377 440 272 339 383 285 289 296
15 289 240 779 820 559 793 360 453 355 654 756 758 741 730 283 680 763 815 436 443 134 781 798 665 256
16 601 373 377 449 576 475 542 377 415 149 387 477 391 495 98 467 448 214 615 291 382 248 567 591 609
17 463 448 165 395 247 434 413 173 416 428 343 353 471 276 413 440 134 360 333 225 290 49 275 396 396
18 502 747 524 635 254 582 431 135 837 103 440 776 764 173 734 739 519 557 591 442 620 640 711 836 721
19 503 479 323 451 417 356 435 294 275 291 196 509 340 161 259 435 293 501 314 352 251 181 322 388 363
20 421 501 477 249 490 292 519 396 359 307 196 507 286 358 446 493 96 469 525 274 526 505 292 316 145
21 661 761 538 657 732 274 484 710 827 502 487 104 565 493 596 471 717 68 480 278 363 498 177 792 763
22 176 310 145 157 178 294 249 219 293 139 311 297 136 38 265 305 141 260 238 290 270 258 82 179 164
23 534 96 731 525 571 678 319 615 243 587 161 883 327 385 811 762 806 887 677 172 852 493 588 170 893
24 292 196 391 448 398 255 396 286 439 150 231 64 319 354 432 338 422 352 377 377 286 427 401 237 444
25 192 232 893 877 267 749 875 631 595 602 919 701 854 787 799 929 445 894 187 673 335 303 460 876 875
26 530 580 535 660 698 666 84 610 461 511 474 629 693 630 726 687 726 302 549 522 731 324 92 315 620
27 721 198 681 435 522 476 387 312 686 298 327 601 484 517 600 464 564 473 707 508 176 293 65 72 611
28 439 209 222 599 539 481 345 413 370 632 551 201 648 328 624 425 462 240 265 484 626 521 560 64 560
29 614 375 240 438 306 432 619 387 494 202 543 388 423 553 498 447 291 437 487 603 497 365 495 623 242
30 680 601 523 571 707 546 596 614 203 647 747 469 540 574 575 389 594 385 758 595 390 48 579 408 420
;

param:   cost_bundl  marginal :=
1 28 73
2 132 130
3 4 20
4 74 58
5 127 71
6 141 125
7 128 146
8 150 142
9 84 112
10 131 152
11 66 153
12 128 79
13 80 147
14 157 110
15 150 52
16 143 86
17 21 82
18 118 77
19 73 16
20 155 107
21 48 21
22 104 25
23 100 96
24 150 140
25 109 66
;
param: buyer budget :=
  0 671
  1 816
  2 848
  3 1001
  4 1760
  5 1299
  6 1749
  7 986
  8 180
  9 1473
  10 36
  11 227
  12 115
  13 1182
  14 1711
  15 444
  16 1416
  17 616
  18 1552
  19 915
  20 536
  21 650
  22 224
  23 1186
  24 1207
  25 114
  26 1081
  27 92
  28 872
  29 932
;
param num_partition :=
3
;
param: item partition_index cardinality :=
0 0 28
1 0 27
2 0 3
3 0 21
4 0 2
5 0 18
6 0 21
7 0 7
8 0 16
9 0 13
10 0 13
11 0 1
12 0 18
13 0 29
14 0 2
15 0 9
16 1 11
17 1 20
18 1 23
19 1 5
20 1 10
21 1 25
22 1 16
23 1 28
24 1 20
