param num_bundles := 25;

param num_cust := 30;

param price_reserve :
   1 2 3 4 5 6 7 8 9 10 11 12 13 14 15 16 17 18 19 20 21 22 23 24 25 :=
1 597 544 478 396 567 143 455 374 361 434 419 333 585 420 448 478 573 555 579 76 470 446 221 561 115
2 631 356 788 669 427 789 677 607 752 604 650 483 824 732 391 177 756 523 436 439 680 542 409 425 642
3 680 855 597 812 402 420 652 780 771 872 308 656 590 119 829 482 660 595 725 409 618 842 804 726 690
4 309 508 769 639 562 718 612 327 674 485 386 386 65 246 676 188 329 715 639 446 519 718 708 639 450
5 544 593 403 392 551 456 650 673 754 601 555 567 728 728 560 353 693 707 752 719 59 639 340 723 769
6 835 398 709 729 771 863 306 626 441 312 674 301 844 861 819 660 693 800 479 760 520 623 631 697 670
7 737 776 910 511 825 614 111 493 620 478 782 370 722 723 777 324 363 781 911 775 461 410 892 609 764
8 452 390 439 247 46 145 419 415 335 399 449 206 440 456 398 254 434 98 366 437 64 403 409 322 463
9 362 494 797 461 401 723 608 109 393 359 611 137 328 665 674 662 640 856 737 506 521 150 703 712 678
10 531 356 577 415 302 500 561 254 622 572 64 442 498 130 383 209 327 603 485 556 308 293 511 266 491
11 445 649 649 618 430 368 157 397 677 566 652 629 267 559 506 669 227 183 454 676 390 402 613 537 562
12 668 424 153 255 434 528 437 349 240 348 508 519 280 270 450 149 643 198 382 644 521 579 489 122 578
13 333 237 497 451 154 169 440 354 239 546 530 352 454 268 227 195 268 276 110 396 446 96 524 437 369
14 206 123 234 231 256 272 308 225 308 279 270 288 234 93 290 278 196 160 246 193 157 260 253 216 158
15 67 372 453 214 562 533 448 411 569 325 595 192 201 557 182 275 238 339 34 529 208 334 185 403 402
16 628 645 335 212 554 313 704 475 647 480 687 320 595 713 470 420 296 317 355 54 218 379 376 518 251
17 799 472 911 763 556 661 624 889 559 272 930 505 850 855 821 903 693 683 797 420 577 192 852 569 583
18 407 351 570 400 412 297 613 479 287 339 568 505 255 592 180 529 398 617 587 292 594 580 528 592 503
19 329 175 376 381 380 267 217 18 319 216 285 239 279 278 317 251 179 182 307 310 369 342 294 331 294
20 184 325 279 340 345 219 248 325 285 268 230 358 247 190 366 176 254 232 280 81 87 30 104 359 168
21 804 454 530 599 808 832 680 869 779 718 790 246 812 351 852 759 781 816 847 167 751 897 545 698 323
22 467 660 632 580 371 747 768 294 659 466 729 379 748 563 659 681 160 456 491 468 223 707 453 575 748
23 278 158 463 431 313 424 298 188 401 147 420 303 425 359 215 444 281 444 417 174 478 193 244 312 404
24 367 338 187 336 336 371 347 223 288 345 315 200 323 263 253 165 325 156 377 357 251 99 375 266 297
25 104 451 487 383 497 306 360 164 500 342 371 463 476 450 97 343 72 456 506 497 404 500 435 473 489
26 381 512 526 337 530 588 602 497 276 763 646 684 753 633 643 603 537 700 456 196 692 726 770 620 525
27 310 295 142 374 213 166 374 114 121 232 348 376 169 264 82 50 312 198 290 186 360 119 62 298 134
28 603 312 416 282 879 368 500 717 481 882 422 888 579 404 747 327 785 515 619 606 529 582 257 473 384
29 404 587 163 503 166 279 413 563 502 159 350 565 307 470 532 365 554 368 154 304 526 399 190 355 259
30 707 479 427 458 124 770 222 240 620 416 623 233 699 649 605 300 547 424 544 438 390 371 276 595 471
;

param:   cost_bundl  marginal :=
1 141 51
2 157 144
3 77 45
4 78 56
5 131 132
6 88 75
7 71 80
8 87 82
9 147 150
10 112 129
11 121 68
12 155 133
13 140 57
14 48 144
15 60 123
16 147 96
17 77 132
18 125 86
19 54 48
20 118 136
21 106 73
22 149 52
23 124 100
24 42 98
25 132 85
;
param: buyer budget :=
  0 716
  1 1364
  2 470
  3 178
  4 260
  5 1147
  6 955
  7 994
  8 1794
  9 1404
  10 561
  11 1163
  12 626
  13 1610
  14 1028
  15 543
  16 619
  17 816
  18 1370
  19 1201
  20 862
  21 972
  22 377
  23 409
  24 1212
  25 689
  26 1589
  27 1823
  28 1744
  29 1560
;
param num_partition :=
3
;
param: item partition_index cardinality :=
0 0 28
1 0 1
2 0 12
3 0 7
4 0 22
5 0 9
6 0 14
7 0 20
8 0 12
9 0 27
10 0 6
11 0 5
12 0 1
13 0 15
14 0 9
15 0 17
16 0 1
17 0 28
18 0 15
19 1 6
20 1 8
21 1 22
22 1 13
23 1 24
24 1 25
