param num_bundles := 25;

param num_cust := 30;

param price_reserve :
   1 2 3 4 5 6 7 8 9 10 11 12 13 14 15 16 17 18 19 20 21 22 23 24 25 :=
1 158 13 74 102 128 110 122 114 119 119 48 124 101 80 127 93 144 55 75 93 75 18 155 115 73
2 505 175 705 614 487 251 427 618 310 338 600 649 164 662 437 530 680 511 423 648 553 354 342 431 623
3 675 273 648 369 315 742 423 659 700 501 828 735 711 779 613 794 151 569 783 818 460 637 414 181 407
4 17 592 432 253 534 452 533 471 579 537 294 539 175 271 595 404 573 273 580 312 430 394 362 491 197
5 178 240 187 278 184 310 92 237 282 73 283 105 143 189 72 212 135 204 314 286 256 234 183 101 305
6 866 230 776 757 682 585 869 468 572 627 786 702 674 159 450 645 831 316 295 452 461 465 611 819 827
7 307 558 395 174 464 569 382 498 94 568 397 157 491 357 468 575 542 420 548 385 167 393 492 467 426
8 206 391 654 188 906 303 553 891 706 754 854 919 324 565 685 436 692 612 466 888 482 679 533 742 710
9 346 389 595 195 513 396 553 660 620 99 713 516 153 767 662 424 759 194 699 151 256 767 539 637 657
10 287 292 213 428 286 381 426 327 217 382 195 397 419 384 252 344 425 143 304 113 423 310 376 113 103
11 759 403 682 797 793 733 388 603 326 634 880 827 867 212 875 892 636 831 728 770 675 463 881 518 787
12 706 773 769 642 262 582 651 713 421 645 587 373 371 734 580 450 405 776 41 768 104 765 694 653 747
13 193 581 566 524 317 490 496 640 293 283 405 416 340 299 413 88 448 587 180 407 432 342 634 304 489
14 495 744 540 649 789 707 634 460 778 264 659 532 353 105 369 586 547 588 459 628 799 591 536 405 662
15 238 481 413 728 424 748 813 543 826 337 240 739 543 319 612 736 688 409 774 351 210 519 800 691 332
16 894 816 523 679 678 674 352 821 644 718 458 706 543 172 91 173 698 782 575 440 424 342 817 899 483
17 436 487 420 377 445 450 314 300 426 328 347 93 137 377 408 379 247 139 196 121 310 343 240 458 456
18 630 361 636 575 293 567 456 563 470 558 400 643 554 308 586 606 451 587 440 589 226 449 606 472 134
19 540 702 718 411 558 543 747 630 235 444 331 639 387 305 566 687 569 694 290 622 696 276 591 733 487
20 459 363 173 566 490 358 526 323 363 445 382 508 403 499 244 505 359 368 533 575 575 476 232 297 400
21 211 394 396 470 234 448 399 275 298 289 455 281 438 220 227 28 424 44 332 353 380 297 403 218 323
22 46 149 227 259 63 257 179 217 300 185 301 219 169 203 81 239 165 212 280 265 256 192 179 237 314
23 68 511 475 576 462 518 511 54 573 400 305 605 554 412 680 437 206 239 570 590 628 394 269 659 411
24 360 461 446 270 320 250 284 419 418 188 266 353 266 210 171 272 14 208 476 352 183 239 378 441 55
25 668 712 177 199 557 258 505 640 723 722 244 614 582 555 397 484 653 394 640 648 377 698 401 641 676
26 250 585 237 323 447 524 424 587 607 417 544 702 685 449 693 168 301 399 399 566 297 173 533 573 570
27 262 311 230 452 514 188 363 533 532 306 365 403 461 395 123 203 482 83 487 245 201 402 474 268 332
28 683 106 167 577 793 778 704 479 626 542 701 796 443 315 744 653 617 595 330 289 361 779 763 635 570
29 489 467 385 306 347 387 448 583 110 537 339 489 549 357 566 370 584 479 575 584 576 167 330 344 258
30 509 630 487 712 642 706 388 111 706 704 604 174 435 505 542 657 556 519 541 340 564 570 726 99 89
;

param:   cost_bundl  marginal :=
1 135 128
2 111 148
3 141 74
4 45 150
5 68 89
6 81 144
7 150 63
8 4 151
9 73 133
10 73 32
11 144 47
12 43 121
13 121 13
14 134 139
15 113 121
16 134 142
17 126 112
18 93 144
19 148 119
20 149 150
21 115 44
22 72 27
23 124 155
24 20 141
25 142 146
;
param: buyer budget :=
  0 462
  1 697
  2 733
  3 1155
  4 1121
  5 538
  6 948
  7 1137
  8 995
  9 600
  10 1222
  11 404
  12 254
  13 1017
  14 1542
  15 836
  16 1164
  17 1585
  18 819
  19 321
  20 753
  21 199
  22 949
  23 56
  24 499
  25 1319
  26 406
  27 1353
  28 118
  29 1298
;
param num_partition :=
3
;
param: item partition_index cardinality :=
0 0 21
1 0 18
2 0 26
3 0 10
4 0 21
5 0 1
6 0 28
7 0 26
8 0 22
9 0 14
10 1 1
11 1 29
12 1 20
13 1 23
14 1 25
15 1 23
16 1 13
17 1 15
18 1 23
19 1 18
20 1 16
21 1 14
22 1 6
23 1 4
24 1 19
