param num_bundles := 25;

param num_cust := 30;

param price_reserve :
   1 2 3 4 5 6 7 8 9 10 11 12 13 14 15 16 17 18 19 20 21 22 23 24 25 :=
1 619 61 454 769 398 562 486 532 656 671 834 707 117 791 770 710 520 447 671 827 615 435 312 515 557
2 521 585 296 607 374 675 355 499 527 177 705 672 692 493 666 660 713 354 715 379 616 125 472 676 283
3 514 335 772 824 619 512 731 697 725 285 818 453 714 635 739 607 742 721 696 786 323 745 358 310 741
4 333 427 629 366 552 664 512 634 517 468 567 651 667 456 330 445 507 587 419 348 650 472 642 475 703
5 430 679 596 751 752 745 704 656 384 681 268 563 473 644 484 640 315 702 649 508 30 693 657 539 244
6 497 651 389 499 266 604 560 196 372 107 286 521 658 495 168 340 611 265 669 179 504 292 274 483 401
7 548 764 599 686 620 794 101 756 465 501 627 247 528 647 779 739 770 425 614 756 684 238 489 728 591
8 305 226 804 325 103 629 666 621 670 254 572 668 656 617 473 553 653 445 552 476 482 817 289 568 544
9 106 311 188 129 286 282 245 179 244 97 263 310 256 150 187 240 310 216 282 263 211 203 260 143 220
10 672 643 488 664 613 553 606 357 486 440 523 215 93 563 376 622 534 232 505 532 549 607 552 547 677
11 572 603 337 562 666 535 453 362 415 680 295 168 537 567 617 92 562 396 203 595 532 198 675 586 382
12 102 152 149 140 137 81 111 38 95 152 155 116 26 139 143 65 83 138 98 39 133 64 40 132 61
13 431 401 596 335 606 264 163 612 657 654 658 506 389 615 613 572 627 662 557 583 487 276 189 660 449
14 805 841 648 560 544 726 624 417 655 601 240 535 534 786 453 513 785 630 731 441 236 539 659 865 690
15 681 715 59 196 704 717 895 605 590 734 171 274 294 646 429 793 792 805 476 817 577 839 509 372 882
16 394 396 452 365 244 391 416 370 77 460 508 439 259 457 509 437 446 397 218 32 79 320 318 415 137
17 441 884 546 832 843 546 869 125 857 458 716 744 824 776 499 875 309 843 342 246 783 585 615 741 867
18 506 477 397 773 704 602 362 599 795 759 673 482 481 432 630 785 595 349 505 632 797 386 745 399 569
19 289 252 318 251 274 280 308 320 208 371 260 170 351 347 230 371 74 360 341 167 262 268 314 132 188
20 752 350 695 835 669 752 675 398 838 570 335 640 467 668 665 377 250 592 755 686 889 918 406 784 571
21 623 419 665 834 276 587 533 834 652 905 250 805 686 895 843 541 283 740 893 547 716 897 766 660 721
22 192 345 338 385 371 398 302 198 202 420 382 427 288 344 419 379 380 184 413 261 155 217 377 428 224
23 669 370 88 760 553 653 747 632 424 538 229 520 422 412 578 341 666 716 599 651 582 545 468 316 300
24 697 529 309 510 395 472 46 281 768 750 626 619 693 528 713 250 329 648 664 670 466 700 733 366 136
25 554 649 853 723 463 377 436 850 381 303 542 664 722 623 844 771 379 311 408 391 671 590 485 747 511
26 780 56 695 736 609 456 695 256 657 803 598 569 598 648 747 154 779 606 304 653 266 554 653 634 760
27 623 634 450 434 23 409 371 233 473 269 650 678 194 531 456 488 643 183 145 303 443 598 418 574 540
28 416 437 301 368 108 391 378 526 533 244 532 237 149 208 405 341 438 163 283 463 221 253 515 266 321
29 223 369 378 93 477 412 285 543 464 132 577 653 574 638 307 496 367 416 567 585 524 457 515 303 624
30 767 595 132 164 530 639 442 505 533 846 406 624 592 369 689 735 818 434 640 664 622 641 254 805 292
;

param:   cost_bundl  marginal :=
1 131 138
2 36 141
3 137 113
4 118 148
5 120 103
6 73 13
7 111 83
8 96 130
9 152 145
10 139 140
11 74 70
12 104 136
13 91 56
14 41 43
15 91 102
16 146 105
17 146 131
18 104 99
19 148 108
20 82 154
21 127 66
22 129 106
23 109 135
24 23 100
25 67 91
;
param: buyer budget :=
  0 99
  1 1546
  2 1431
  3 390
  4 1143
  5 1124
  6 1300
  7 1029
  8 1726
  9 151
  10 685
  11 936
  12 967
  13 1706
  14 709
  15 278
  16 308
  17 1642
  18 1022
  19 826
  20 748
  21 50
  22 762
  23 389
  24 1377
  25 800
  26 845
  27 1493
  28 239
  29 650
;
param num_partition :=
3
;
param: item partition_index cardinality :=
0 0 8
1 0 4
2 0 28
3 0 21
4 0 29
5 0 2
6 0 20
7 1 29
8 1 21
9 1 6
10 1 21
11 1 25
12 1 15
13 1 23
14 1 19
15 1 9
16 1 20
17 1 15
18 1 8
19 1 22
20 1 10
21 1 14
22 1 12
23 1 24
24 1 18
