param num_bundles := 25;

param num_cust := 30;

param price_reserve :
   1 2 3 4 5 6 7 8 9 10 11 12 13 14 15 16 17 18 19 20 21 22 23 24 25 :=
1 500 726 457 583 547 662 713 740 735 860 308 570 625 846 425 199 295 757 573 469 672 765 863 820 223
2 374 346 51 458 234 26 392 222 373 403 445 355 115 360 197 352 342 314 296 433 442 282 407 396 442
3 452 596 595 578 474 655 627 600 514 221 391 528 461 547 283 428 592 582 545 451 495 285 637 571 553
4 517 622 748 525 249 256 441 419 706 511 413 685 730 515 63 662 767 671 731 170 703 697 591 608 755
5 519 794 675 679 300 661 494 792 651 608 429 517 701 675 286 365 699 640 753 370 667 672 643 597 307
6 433 784 817 723 607 564 575 612 556 710 846 786 857 863 476 540 89 785 571 508 461 756 368 236 762
7 453 398 417 112 295 481 598 448 641 483 488 258 597 348 249 470 482 497 342 500 355 429 395 525 534
8 412 197 155 478 324 110 484 174 253 478 355 369 467 229 406 490 386 270 372 421 455 439 501 270 231
9 318 368 214 650 598 490 436 468 482 268 652 640 534 415 385 351 657 635 493 502 504 255 663 422 499
10 619 196 366 459 447 501 500 273 220 652 549 137 359 558 597 445 542 301 358 555 180 592 428 486 460
11 357 234 394 482 176 345 381 69 371 413 312 463 217 473 175 237 395 128 372 310 367 479 206 106 347
12 123 39 149 78 72 87 108 41 127 153 113 114 138 139 151 94 151 87 122 74 25 157 60 155 63
13 283 504 368 416 372 458 272 322 249 244 274 341 234 327 171 470 392 181 96 312 348 255 302 474 195
14 517 563 322 611 200 452 650 68 286 474 319 304 51 347 589 267 397 580 207 681 349 366 562 246 499
15 489 751 604 607 601 324 283 410 665 550 743 639 774 390 623 596 544 824 649 515 675 722 351 411 691
16 278 360 199 814 558 483 139 523 858 816 223 495 356 340 375 609 418 737 753 768 544 734 699 793 355
17 426 585 577 364 665 417 814 792 738 201 705 506 509 409 99 517 820 379 196 388 386 293 478 651 732
18 678 112 664 125 267 628 627 356 537 566 294 472 560 546 575 529 429 544 656 453 261 590 659 603 320
19 320 212 223 316 144 107 202 290 157 217 87 370 160 168 351 268 375 270 216 372 351 172 252 319 366
20 110 252 299 254 218 115 246 254 167 240 206 131 194 279 167 305 62 284 293 307 288 144 161 282 148
21 21 166 351 603 182 441 513 195 269 503 526 589 610 220 179 215 476 410 508 204 388 288 462 300 318
22 540 492 154 521 448 525 588 427 596 530 293 319 245 441 391 335 530 421 447 120 582 225 511 482 325
23 684 635 409 727 242 431 289 341 600 574 150 549 711 584 217 496 781 344 203 553 408 788 406 382 413
24 388 425 265 317 198 304 329 413 398 330 417 260 242 144 336 283 334 421 426 427 264 313 401 349 233
25 755 766 251 176 276 352 545 584 581 343 250 823 679 796 760 756 216 634 636 643 482 749 586 434 828
26 458 687 375 639 817 787 541 193 458 825 174 314 311 745 803 326 551 416 746 808 582 402 425 626 466
27 276 420 444 176 427 166 290 369 442 329 508 163 365 187 109 506 436 124 466 143 208 112 228 322 296
28 147 153 138 110 149 93 97 120 79 156 109 110 109 123 41 80 93 64 63 148 149 113 135 118 111
29 283 444 178 360 153 359 402 233 445 375 266 197 282 397 449 303 394 465 402 264 403 463 371 314 462
30 192 311 159 359 316 337 376 280 130 348 116 177 310 367 144 81 211 249 31 130 57 65 211 283 312
;

param:   cost_bundl  marginal :=
1 108 90
2 100 136
3 80 148
4 143 87
5 123 107
6 128 119
7 85 89
8 91 133
9 136 155
10 74 153
11 76 135
12 67 103
13 134 121
14 125 118
15 95 137
16 112 93
17 97 65
18 134 126
19 132 118
20 76 94
21 126 136
22 114 141
23 156 144
24 147 119
25 131 37
;
param: buyer budget :=
  0 401
  1 1323
  2 1549
  3 1673
  4 1710
  5 1692
  6 992
  7 247
  8 710
  9 154
  10 1378
  11 650
  12 221
  13 327
  14 1566
  15 161
  16 1523
  17 302
  18 1555
  19 200
  20 298
  21 823
  22 1127
  23 1163
  24 1128
  25 783
  26 436
  27 1286
  28 71
  29 1550
;
param num_partition :=
3
;
param: item partition_index cardinality :=
0 0 25
1 0 27
2 0 19
3 0 9
4 0 10
5 0 7
6 0 10
7 0 13
8 1 12
9 1 21
10 1 5
11 1 11
12 1 8
13 1 27
14 1 5
15 1 21
16 1 25
17 1 20
18 1 11
19 1 2
20 1 4
21 1 21
22 1 10
23 1 19
24 1 15
