param num_bundles := 35;

param num_cust := 30;

param price_reserve :
   1 2 3 4 5 6 7 8 9 10 11 12 13 14 15 16 17 18 19 20 21 22 23 24 25 26 27 28 29 30 31 32 33 34 35 :=
1 811 265 351 351 898 473 999 832 581 660 533 660 557 767 657 740 960 913 864 926 763 840 1016 493 928 332 802 788 521 575 403 681 542 891 684
2 179 364 305 400 160 457 430 438 451 382 498 264 78 286 142 331 426 353 472 139 151 84 149 353 110 268 121 150 486 321 498 246 207 510 476
3 414 516 693 780 831 829 604 797 745 861 489 826 891 263 556 577 863 804 855 784 901 929 297 924 753 725 272 335 352 636 609 726 671 529 909
4 953 868 673 938 860 751 970 773 568 811 378 908 362 938 471 799 879 968 743 585 638 930 795 499 877 608 130 821 271 559 812 958 861 300 745
5 611 559 819 658 697 859 493 291 296 662 275 330 426 701 596 817 481 699 798 378 302 615 786 446 193 407 792 502 600 774 860 844 255 240 671
6 372 244 436 155 389 260 400 317 400 432 95 143 330 177 210 286 149 171 438 199 243 348 327 74 66 202 346 235 315 347 395 316 301 376 360
7 331 394 1003 1073 674 515 1040 818 402 1076 1037 1075 1006 1067 924 1062 1140 948 847 552 953 672 183 934 563 1186 1147 851 626 1108 1094 412 1030 1114 796
8 926 738 762 975 651 259 1086 196 1033 834 1066 1022 877 563 543 860 806 1039 990 1088 635 713 1074 924 255 915 578 56 1077 230 528 439 870 1100 995
9 699 468 547 377 604 474 446 734 479 85 706 743 473 291 82 416 544 675 585 287 388 478 692 640 569 565 400 197 750 696 484 730 443 756 541
10 1004 289 1040 1147 641 508 909 224 1104 794 947 583 249 571 955 1023 1052 1159 658 762 937 901 1154 821 752 812 611 186 706 345 1174 1111 663 1045 1183
11 1121 1081 581 745 917 543 1105 625 983 1099 1038 910 725 1111 746 1128 736 1098 444 856 560 690 592 1057 995 69 593 405 683 578 667 933 722 100 1064
12 1143 437 903 665 1150 1197 508 679 555 500 1080 1013 420 359 703 426 477 1037 862 1168 298 415 510 969 756 1113 863 1029 731 1191 1007 460 326 565 620
13 386 177 966 181 1000 1025 907 570 731 613 560 865 236 1006 815 1005 767 663 939 876 614 438 1122 1163 673 1083 1006 1099 1142 1143 814 805 1023 877 1082
14 178 142 170 61 134 72 73 123 118 156 159 166 140 175 175 186 182 147 146 146 150 152 165 93 184 109 18 93 167 164 138 22 136 141 69
15 393 264 17 103 317 345 448 446 350 288 129 186 280 306 382 162 341 212 335 260 381 401 311 297 56 214 255 303 362 217 415 407 328 385 439
16 183 297 844 714 895 457 965 995 577 1193 1066 1188 818 1170 903 1181 1079 740 690 1166 639 870 1072 1101 993 1079 133 426 817 1002 933 257 666 1105 950
17 160 129 325 166 241 186 357 394 439 51 408 382 369 383 378 373 206 217 314 277 428 330 324 450 331 420 261 289 399 372 412 251 349 127 55
18 932 829 365 700 950 967 717 1083 593 1222 1197 882 722 1066 1167 933 595 708 1009 1101 1219 858 1237 322 516 535 423 645 450 1060 1176 1240 1113 367 855
19 1112 1065 881 812 1068 226 251 149 560 681 475 900 841 1063 1105 243 936 749 1072 490 725 1075 995 144 1087 736 412 499 1101 1002 159 1055 360 727 1104
20 507 737 479 551 451 327 665 99 437 592 224 631 383 575 689 614 593 588 714 695 486 448 487 539 648 408 531 481 267 645 130 389 563 499 468
21 781 826 1093 737 1047 474 614 717 529 1055 937 593 466 1122 324 627 367 511 684 701 857 1008 575 611 919 981 699 821 1077 998 101 772 606 404 460
22 838 613 693 25 448 708 640 616 510 555 621 661 847 859 716 33 538 817 878 426 821 476 100 676 430 789 420 237 734 483 420 300 733 845 712
23 1144 1048 689 442 980 1020 1039 1178 1117 1012 935 595 893 702 801 553 1015 702 756 1055 1133 822 1057 623 562 793 537 1136 797 393 875 834 1112 776 558
24 384 53 496 179 408 347 168 341 136 229 322 203 459 171 222 325 486 488 498 497 312 323 438 395 267 275 336 346 306 502 111 498 126 403 94
25 568 395 434 720 486 712 404 613 342 745 596 250 367 450 557 792 572 824 452 724 517 781 691 652 825 625 808 582 503 304 467 307 783 262 151
26 600 761 1001 905 846 790 759 540 449 681 717 1015 1004 330 906 922 856 945 470 199 963 944 791 780 988 579 411 974 349 876 949 547 363 391 706
27 206 623 632 655 300 390 665 449 573 593 537 625 464 584 214 605 125 666 681 300 292 618 653 436 358 454 609 156 307 619 459 657 138 488 643
28 1242 1175 1077 1176 711 920 719 67 1122 242 376 621 552 1027 679 1104 1001 777 951 1252 1176 274 504 1015 411 355 1237 593 554 1119 1166 965 666 948 1063
29 876 935 624 95 624 1023 628 903 494 1050 385 856 103 208 1063 956 793 681 584 873 706 580 948 1049 1047 698 483 938 896 692 519 756 553 776 144
30 30 461 479 63 466 510 457 367 493 329 223 207 359 451 559 523 497 427 334 526 508 456 492 471 300 311 314 463 440 168 440 190 322 295 447
;

param:   cost_bundl  marginal :=
1 78 115
2 130 124
3 60 90
4 147 137
5 84 151
6 127 101
7 120 159
8 170 167
9 10 158
10 67 36
11 172 183
12 157 131
13 96 168
14 180 170
15 83 187
16 176 164
17 122 177
18 22 93
19 98 125
20 85 23
21 162 102
22 69 153
23 178 119
24 68 71
25 55 62
26 155 162
27 180 77
28 132 181
29 119 139
30 147 120
31 72 143
32 159 87
33 18 42
34 172 104
35 39 182
;
param: buyer budget :=
  0 930
  1 546
  2 491
  3 485
  4 148
  5 112
  6 125
  7 1083
  8 448
  9 358
  10 895
  11 345
  12 890
  13 436
  14 506
  15 1102
  16 1219
  17 241
  18 654
  19 401
  20 38
  21 51
  22 541
  23 629
  24 1064
  25 396
  26 627
  27 1036
  28 1175
  29 793
;
param num_partition :=
2
;
param: item partition_index cardinality :=
0 0 19
1 0 27
2 0 24
3 0 8
4 0 14
5 0 1
6 0 21
7 0 19
8 0 11
9 0 10
10 0 18
11 0 26
12 0 16
13 0 16
14 0 9
15 0 3
16 0 22
17 0 8
18 0 24
19 0 17
20 0 1
21 0 16
22 0 16
23 0 26
24 0 4
25 0 28
26 0 10
27 0 17
28 0 9
29 0 10
30 0 11
31 0 24
32 0 25
33 0 10
34 0 9
