param num_bundles := 35;

param num_cust := 30;

param price_reserve :
   1 2 3 4 5 6 7 8 9 10 11 12 13 14 15 16 17 18 19 20 21 22 23 24 25 26 27 28 29 30 31 32 33 34 35 :=
1 333 356 162 324 211 235 210 256 293 266 223 293 302 189 224 292 313 305 332 300 335 131 86 349 103 240 242 206 336 326 363 191 282 248 197
2 113 98 135 84 138 62 156 173 60 61 38 124 108 64 155 146 180 113 101 47 123 59 179 34 150 59 102 99 157 136 181 70 152 150 167
3 110 160 107 100 158 172 152 142 126 110 59 168 185 166 96 164 151 170 163 181 167 170 180 183 95 134 51 151 20 71 177 106 168 126 129
4 239 467 1159 937 1157 995 594 636 860 805 601 756 942 854 1109 1030 595 987 1147 921 710 480 337 497 496 758 1104 205 1116 786 671 1186 379 795 356
5 466 486 393 209 335 448 365 258 366 608 556 650 457 604 326 391 656 566 601 537 498 523 620 657 643 315 493 559 177 593 627 119 169 605 607
6 95 181 171 183 137 69 24 99 110 35 121 65 74 83 167 78 82 163 33 32 168 117 156 177 182 38 139 150 130 178 70 108 116 146 147
7 806 482 274 602 766 573 827 251 302 217 805 773 789 827 561 133 682 804 561 171 307 322 79 810 720 321 791 708 637 303 657 248 584 439 147
8 611 700 819 710 503 505 483 789 469 695 591 757 378 537 768 295 206 368 431 580 819 569 597 680 820 553 415 692 669 819 196 594 683 137 416
9 930 644 694 691 992 732 1005 733 823 960 862 730 912 943 977 526 662 592 723 937 381 688 673 150 1017 667 98 592 316 455 737 605 331 979 681
10 667 839 471 375 882 347 531 948 592 533 129 430 764 881 661 710 798 609 746 858 744 858 685 684 197 891 684 748 312 610 538 683 865 563 769
11 1252 1197 320 673 60 1116 890 1077 761 152 1086 1260 916 940 391 683 1135 902 1180 274 1087 1189 978 283 1116 1016 560 1252 258 243 728 1043 421 889 981
12 1055 1117 1159 943 999 1117 1072 910 931 1170 1012 694 97 548 1129 398 139 826 979 935 445 353 800 814 1097 1131 972 195 182 653 778 1098 805 830 1174
13 261 416 405 384 625 272 152 418 606 567 660 572 523 594 604 580 598 547 573 530 281 556 528 179 523 486 506 667 328 564 328 345 459 404 515
14 167 729 728 753 593 457 591 282 295 671 330 680 472 543 262 496 637 391 496 701 418 432 770 675 690 511 644 397 231 611 340 610 678 357 636
15 353 797 151 417 816 785 725 747 797 520 828 407 825 419 241 702 482 222 788 649 569 506 33 777 152 837 441 339 847 837 753 473 777 645 735
16 1197 56 992 299 550 729 1059 835 1159 443 204 1249 1095 1030 732 1114 1049 1052 1110 1155 886 1254 472 1069 1225 1130 524 174 656 294 596 627 1087 641 1043
17 621 769 855 108 950 1042 949 1065 1158 215 960 1058 1044 404 511 540 1223 1096 1239 610 536 329 1138 1022 897 1081 941 1047 1116 656 1177 795 1053 1102 1149
18 250 419 400 1127 576 603 1224 1026 947 655 786 1041 617 948 282 528 556 811 577 908 1075 821 870 1068 1093 419 1234 243 703 47 541 956 456 447 545
19 1039 632 790 661 745 684 952 784 882 608 24 355 748 535 111 512 1029 308 180 281 621 840 232 940 708 541 644 729 867 765 769 737 691 714 451
20 465 452 628 420 264 635 497 180 632 559 475 528 311 193 262 378 386 131 459 483 508 394 565 385 250 636 478 618 499 503 340 326 511 496 562
21 257 315 194 349 239 352 285 244 38 104 179 200 347 311 253 323 368 323 225 161 188 285 367 249 230 264 108 355 341 372 250 128 104 302 314
22 586 611 1147 971 797 464 1226 989 621 1203 997 1205 717 1102 1218 933 341 716 780 1211 1258 894 656 306 798 845 1214 570 437 1141 809 754 1171 852 830
23 702 207 700 738 845 911 842 523 717 500 789 817 769 255 675 976 721 297 487 677 900 684 668 448 973 822 366 961 87 847 762 785 702 413 319
24 523 289 894 875 949 780 597 563 525 689 391 746 733 373 986 298 925 847 546 911 590 787 801 693 525 907 979 917 708 956 385 714 916 416 562
25 439 1097 1044 613 840 1202 879 920 516 422 810 1208 150 407 1119 1153 244 1118 870 184 632 1041 919 1058 899 629 878 1021 388 1086 634 380 376 869 810
26 98 640 719 779 748 911 820 149 526 946 902 954 625 394 809 814 572 571 888 566 683 588 749 521 838 881 591 784 595 452 696 888 635 576 561
27 623 1077 371 885 566 1170 822 746 1137 1107 831 613 647 901 797 625 619 970 602 824 208 133 1000 709 1163 948 830 616 777 886 577 410 1065 885 498
28 704 441 676 555 539 215 824 555 495 774 446 740 201 813 706 643 706 554 585 731 805 743 201 475 492 769 520 123 273 772 833 610 616 645 643
29 802 832 1053 341 231 742 1033 702 971 1065 1155 858 865 989 893 552 876 736 1068 852 573 973 454 1062 650 1126 558 844 939 245 1098 988 960 272 1118
30 980 940 289 555 635 893 692 172 818 737 476 235 787 841 580 995 761 775 845 888 200 625 762 846 912 673 330 646 103 601 741 571 637 290 972
;

param:   cost_bundl  marginal :=
1 175 161
2 155 95
3 127 138
4 127 43
5 117 179
6 79 33
7 146 137
8 70 107
9 73 153
10 140 133
11 175 110
12 50 166
13 96 87
14 176 82
15 133 113
16 168 183
17 143 149
18 37 42
19 162 127
20 154 133
21 105 36
22 97 181
23 128 166
24 131 66
25 184 175
26 163 157
27 90 88
28 78 51
29 149 144
30 130 173
31 29 83
32 131 148
33 113 181
34 184 164
35 71 100
;
param: buyer budget :=
  0 131
  1 998
  2 191
  3 232
  4 731
  5 574
  6 916
  7 649
  8 540
  9 1127
  10 600
  11 43
  12 293
  13 101
  14 581
  15 1034
  16 452
  17 641
  18 223
  19 632
  20 31
  21 463
  22 508
  23 96
  24 190
  25 1013
  26 1080
  27 545
  28 384
  29 1071
;
param num_partition :=
2
;
param: item partition_index cardinality :=
0 0 5
1 0 3
2 0 16
3 0 16
4 0 18
5 0 25
6 0 29
7 0 8
8 0 15
9 0 10
10 0 20
11 0 10
12 0 12
13 0 2
14 0 24
15 0 27
16 0 29
17 0 12
18 0 12
19 0 5
20 0 7
21 0 12
22 0 26
23 0 13
24 0 17
25 0 4
26 0 14
27 0 3
28 0 26
29 0 4
30 0 19
31 0 17
32 0 12
33 0 26
34 0 29
