param num_bundles := 35;

param num_cust := 30;

param price_reserve :
   1 2 3 4 5 6 7 8 9 10 11 12 13 14 15 16 17 18 19 20 21 22 23 24 25 26 27 28 29 30 31 32 33 34 35 :=
1 972 909 860 1069 914 1034 428 829 614 638 885 280 955 719 494 1061 438 938 814 369 762 791 941 1029 740 724 1102 1054 866 207 448 975 361 204 1119
2 349 606 680 530 1088 1010 1065 888 1129 675 994 701 598 823 1134 1091 258 390 1172 568 1016 1180 997 1042 673 828 631 716 389 686 362 885 412 1151 826
3 863 638 490 454 946 649 517 562 924 929 449 977 931 264 616 622 1039 816 641 603 694 794 930 353 221 1008 967 509 447 788 962 689 844 641 909
4 626 147 168 585 671 648 575 175 576 630 550 580 726 782 625 709 626 319 700 364 212 773 750 651 769 318 627 635 639 607 549 742 740 383 506
5 538 338 289 505 451 506 665 248 496 729 149 159 737 715 741 430 696 634 405 573 437 652 633 631 751 367 654 641 551 343 778 452 368 357 500
6 529 724 348 465 397 573 558 609 648 734 517 417 404 735 464 605 689 436 499 545 674 683 556 711 489 168 600 218 615 211 206 536 632 200 359
7 802 437 456 443 791 535 526 774 713 250 510 330 611 541 744 349 548 698 643 736 238 812 407 798 714 595 635 558 667 807 185 545 440 369 531
8 1065 1101 397 828 1098 440 760 335 1026 379 910 1108 1087 346 756 683 834 188 963 804 516 769 856 1048 449 799 193 867 469 1145 999 1040 423 1141 742
9 642 424 719 767 371 750 594 202 762 450 441 664 208 539 173 683 278 763 655 775 244 587 704 767 672 716 762 663 327 681 279 159 167 394 774
10 505 1100 955 940 1046 1135 1069 420 605 904 1005 894 1023 550 369 592 1092 488 460 744 511 569 882 961 452 814 145 967 1071 807 1034 394 1145 744 1058
11 869 605 296 491 782 928 654 494 593 791 283 766 217 576 609 738 682 275 374 670 810 862 526 859 892 491 747 889 851 874 930 733 869 898 142
12 1124 184 1100 618 1161 882 1168 436 733 621 373 757 1012 1001 836 1223 872 670 333 312 1047 261 957 427 657 859 1226 606 752 857 536 895 684 738 911
13 341 235 293 281 333 255 309 157 298 219 351 368 332 235 369 146 111 354 297 339 177 264 230 184 230 350 126 322 144 339 125 353 206 181 290
14 915 648 804 830 595 188 714 1108 567 293 668 1060 497 529 581 694 824 1060 619 494 1088 918 1119 474 328 703 931 883 1001 830 1004 587 786 579 457
15 261 660 874 814 341 264 876 900 339 908 638 792 825 752 874 829 840 851 341 752 908 502 571 824 866 61 396 909 809 383 618 832 558 285 777
16 63 654 364 435 665 741 675 653 490 307 295 577 697 323 673 670 432 169 637 571 541 490 123 681 411 413 507 486 690 195 744 707 423 206 648
17 884 860 713 543 747 874 863 604 930 506 156 879 713 727 817 829 678 534 917 183 880 793 827 319 521 159 725 502 342 779 449 858 689 658 671
18 752 344 908 863 876 678 26 497 537 692 671 699 599 707 569 379 347 466 640 695 712 706 415 575 804 510 845 595 400 738 284 895 734 516 618
19 567 1007 1089 1115 748 867 885 504 1102 1191 1148 678 433 1168 1202 465 656 1075 644 1021 849 1080 881 522 1102 892 963 622 677 955 310 774 1112 932 1034
20 1003 858 930 821 1017 974 517 711 689 990 498 827 993 1107 714 934 254 380 651 861 951 488 847 1091 628 850 682 644 1048 931 1085 233 458 790 893
21 883 470 805 506 662 409 788 833 778 689 366 413 680 583 632 754 603 223 828 327 176 533 618 587 841 657 817 794 775 426 365 907 909 845 845
22 404 321 217 31 361 325 436 295 183 315 231 385 370 334 241 412 426 377 262 323 100 418 436 374 330 315 404 406 74 259 155 268 299 414 444
23 196 1008 907 1032 1068 1151 1146 1044 982 1113 1003 380 727 1066 605 379 957 1092 862 645 778 313 392 743 977 990 722 1075 911 865 819 344 381 1097 1021
24 665 554 358 794 576 322 711 886 280 388 935 954 928 908 402 893 203 666 455 233 893 294 692 412 926 650 183 337 919 403 268 870 292 675 815
25 509 639 702 654 510 623 534 117 356 358 733 709 142 395 386 360 708 706 395 477 693 612 108 677 690 422 299 422 479 246 694 79 222 347 418
26 467 461 554 323 366 198 458 329 348 355 204 463 537 464 185 420 489 452 397 263 557 293 387 418 448 320 361 360 100 350 152 399 403 307 338
27 768 953 820 1111 1132 747 1075 829 903 1096 660 216 404 1024 366 430 971 517 1083 231 930 907 958 906 934 1154 667 357 1102 540 761 792 809 678 1162
28 831 899 834 396 412 666 344 561 859 160 411 910 537 727 826 880 579 686 506 825 438 742 568 591 500 839 713 768 497 248 654 869 498 846 895
29 361 319 93 103 339 379 368 298 250 425 340 350 137 321 442 371 414 437 101 362 184 431 42 88 446 202 362 326 376 158 187 425 274 326 387
30 126 753 484 963 1160 781 1151 1138 704 889 760 819 379 1062 749 1007 839 987 635 1030 1001 1057 991 890 958 1173 1152 793 1096 280 1154 406 309 726 640
;

param:   cost_bundl  marginal :=
1 121 158
2 42 46
3 153 118
4 132 171
5 56 183
6 68 146
7 36 108
8 87 112
9 104 71
10 155 131
11 74 87
12 100 56
13 164 90
14 139 106
15 61 136
16 148 162
17 121 169
18 117 155
19 156 61
20 135 156
21 123 150
22 161 183
23 97 161
24 61 79
25 144 53
26 158 95
27 173 43
28 150 78
29 181 180
30 87 120
31 53 163
32 79 144
33 184 132
34 181 47
35 149 112
;
param: buyer budget :=
  0 178
  1 363
  2 757
  3 579
  4 110
  5 498
  6 1022
  7 933
  8 361
  9 416
  10 580
  11 860
  12 95
  13 330
  14 984
  15 749
  16 801
  17 574
  18 470
  19 762
  20 588
  21 274
  22 1042
  23 747
  24 175
  25 528
  26 696
  27 27
  28 406
  29 940
;
param num_partition :=
2
;
param: item partition_index cardinality :=
0 0 16
1 0 12
2 0 29
3 0 25
4 0 9
5 0 1
6 0 16
7 0 25
8 0 11
9 0 27
10 0 2
11 0 11
12 0 1
13 0 8
14 0 24
15 0 18
16 0 12
17 0 28
18 0 23
19 0 28
20 0 20
21 0 12
22 0 13
23 0 8
24 0 18
25 0 21
26 0 29
27 0 5
28 0 20
29 0 12
30 0 19
31 0 18
32 0 24
33 0 17
34 0 12
