param num_bundles := 35;

param num_cust := 30;

param price_reserve :
   1 2 3 4 5 6 7 8 9 10 11 12 13 14 15 16 17 18 19 20 21 22 23 24 25 26 27 28 29 30 31 32 33 34 35 :=
1 718 709 864 525 692 300 800 496 805 919 310 764 905 740 1000 609 461 403 888 749 573 159 804 366 863 603 371 222 595 917 583 773 717 859 478
2 564 598 169 320 396 389 567 226 339 466 448 564 587 362 537 111 565 368 226 352 10 424 186 289 273 544 409 551 598 452 583 220 494 17 85
3 811 309 1002 560 700 347 791 794 660 84 546 652 152 448 833 826 275 974 546 885 723 970 678 327 946 640 752 1050 203 678 510 867 649 503 427
4 793 1200 379 1136 1116 340 401 582 861 1147 1038 710 1217 1127 1013 441 791 1058 1141 796 858 1028 1165 1261 939 686 320 1246 696 1154 907 1010 1011 1177 1249
5 704 456 635 670 582 539 559 650 194 681 179 347 382 489 657 646 240 556 635 686 583 621 374 324 557 495 587 64 316 447 430 343 185 455 528
6 455 685 1168 648 731 1170 805 1044 867 1102 450 619 363 828 502 800 742 474 398 1238 1191 468 712 969 1068 275 885 1138 916 340 987 936 1110 715 313
7 645 136 652 720 625 966 658 562 338 992 361 449 494 684 989 96 445 789 1095 199 423 798 263 538 901 880 1008 679 1004 668 1102 963 861 440 367
8 427 246 531 593 607 329 73 624 407 431 512 447 589 511 573 539 556 533 523 608 599 585 299 502 472 571 630 452 641 623 604 505 574 58 231
9 664 615 371 639 717 605 598 688 597 675 709 358 729 672 238 616 312 731 412 254 648 506 535 625 694 484 521 502 525 685 606 560 740 701 537
10 728 95 806 547 811 888 730 885 691 690 738 670 876 247 469 244 696 420 145 499 891 806 442 706 353 193 451 545 683 681 831 672 625 677 207
11 443 639 848 1020 832 672 1030 660 374 901 771 834 802 1006 803 600 1014 748 751 758 1013 1007 1039 759 976 469 539 215 460 597 701 865 1031 1039 278
12 583 573 912 75 711 460 742 827 741 621 706 804 961 561 926 941 504 798 931 951 682 601 259 875 839 859 845 585 959 293 629 908 98 542 790
13 144 732 792 708 721 581 664 862 700 818 813 627 629 418 572 638 606 872 281 886 400 198 726 496 712 529 610 864 576 774 883 779 217 203 240
14 1066 1184 714 1106 924 246 195 631 863 862 488 364 274 341 849 1094 1100 1055 1025 495 597 665 656 1182 1191 317 806 414 671 633 805 818 900 460 290
15 1125 450 949 1193 1081 938 1176 1102 1088 1202 1024 819 1187 894 518 264 1083 503 1169 823 1133 991 595 760 663 314 1092 943 794 307 1123 573 1015 987 1111
16 606 425 534 526 482 588 248 332 427 200 485 490 375 499 632 463 234 343 584 432 622 391 328 558 447 360 595 252 334 508 498 628 466 79 444
17 544 746 541 406 429 417 275 667 841 807 665 365 698 185 659 160 841 786 720 412 822 431 337 545 650 490 793 803 838 435 778 726 764 784 154
18 99 653 656 652 328 744 677 311 645 735 708 355 635 436 404 567 677 778 667 832 774 377 398 477 651 462 135 753 708 766 631 441 526 28 795
19 1191 1195 1059 563 515 1179 471 472 320 951 485 851 1140 476 535 412 679 649 553 369 1172 459 952 568 1103 697 445 1238 1162 323 1247 393 1230 264 718
20 183 72 123 78 75 25 143 162 121 62 96 118 178 117 62 182 133 109 65 162 114 94 163 163 108 162 17 107 167 130 177 139 184 166 158
21 519 721 325 565 1006 352 714 957 773 1064 1207 955 501 1181 1015 914 260 1201 664 1062 835 701 521 844 759 1047 856 839 657 175 402 1074 571 778 607
22 328 356 214 588 618 475 354 640 633 704 472 693 648 662 609 324 357 380 637 499 651 650 328 579 569 246 454 628 674 622 676 544 525 421 706
23 1263 702 870 787 1095 1129 21 938 1249 807 661 1010 1095 1002 1054 1097 1183 1167 572 409 960 631 1025 875 1129 1156 461 1119 874 301 1142 291 1144 1182 878
24 689 940 594 864 679 629 612 815 900 915 970 804 826 931 376 920 904 992 726 700 871 649 521 780 895 838 994 107 413 843 152 163 424 739 650
25 104 157 79 47 118 166 87 176 73 160 144 105 129 80 85 74 175 116 169 105 101 162 186 84 116 93 180 98 109 105 156 161 81 136 85
26 1135 422 605 1090 1194 1014 70 1007 238 1115 916 909 1060 1026 575 1182 817 620 878 627 908 955 710 799 912 944 836 1113 1013 799 1098 1002 891 755 847
27 466 225 651 597 604 422 141 449 583 451 406 438 672 448 528 572 631 124 323 637 470 487 469 624 664 608 251 614 580 296 176 488 602 118 577
28 352 625 524 458 656 326 556 560 590 300 663 472 585 386 321 420 595 420 579 447 304 327 547 665 636 642 466 257 423 440 480 667 466 360 311
29 1188 638 846 778 144 837 775 744 611 656 1134 672 559 714 1163 368 962 143 1188 1029 726 898 551 1047 912 1207 831 740 383 1187 1171 431 791 798 1097
30 174 597 529 368 711 583 329 640 382 607 492 715 388 375 601 727 347 495 557 498 390 726 669 667 562 717 489 534 528 554 692 612 314 688 420
;

param:   cost_bundl  marginal :=
1 92 55
2 159 118
3 126 78
4 52 122
5 110 122
6 118 75
7 133 148
8 103 172
9 177 134
10 39 59
11 75 180
12 185 175
13 148 87
14 91 141
15 165 171
16 162 151
17 149 178
18 70 116
19 102 184
20 103 140
21 169 185
22 72 161
23 186 24
24 88 147
25 45 124
26 74 35
27 117 179
28 160 158
29 174 6
30 103 178
31 136 122
32 158 171
33 170 157
34 163 155
35 71 51
;
param: buyer budget :=
  0 393
  1 413
  2 163
  3 854
  4 977
  5 796
  6 902
  7 125
  8 492
  9 318
  10 625
  11 881
  12 545
  13 1034
  14 312
  15 208
  16 838
  17 1235
  18 1027
  19 1195
  20 360
  21 39
  22 11
  23 1185
  24 1155
  25 664
  26 1247
  27 477
  28 364
  29 1021
;
param num_partition :=
2
;
param: item partition_index cardinality :=
0 0 18
1 0 12
2 0 2
3 0 9
4 0 28
5 0 12
6 0 4
7 0 4
8 0 16
9 0 5
10 0 9
11 0 4
12 0 6
13 0 19
14 0 11
15 0 9
16 0 24
17 0 21
18 0 10
19 0 26
20 0 5
21 0 8
22 0 26
23 0 20
24 0 13
25 0 25
26 0 28
27 0 15
28 0 17
29 0 24
30 0 11
31 0 2
32 0 18
33 0 26
34 0 20
