param num_bundles := 35;

param num_cust := 30;

param price_reserve :
   1 2 3 4 5 6 7 8 9 10 11 12 13 14 15 16 17 18 19 20 21 22 23 24 25 26 27 28 29 30 31 32 33 34 35 :=
1 946 525 523 466 1092 802 922 995 1148 740 822 928 1071 1089 728 1032 1154 162 753 921 1102 546 831 1072 464 392 1021 1087 714 519 1078 1036 916 692 902
2 124 292 226 602 597 445 111 551 70 539 524 224 499 382 580 399 576 308 577 516 411 438 498 186 288 150 297 210 473 343 575 495 364 518 402
3 299 191 528 509 637 644 612 163 88 537 644 130 536 252 613 568 240 518 388 420 631 499 422 566 500 101 142 384 522 598 360 398 149 487 227
4 798 474 703 764 574 721 811 822 269 172 878 589 358 807 756 589 747 876 251 770 482 866 422 453 492 846 617 357 668 828 841 398 87 276 568
5 829 660 955 851 213 1054 925 1003 531 594 714 736 1011 1089 855 501 839 314 1054 148 1012 447 1129 388 1051 1035 876 617 1137 977 919 948 842 965 972
6 152 243 660 792 315 658 819 717 537 645 922 705 378 818 594 734 965 228 799 973 758 534 375 727 560 817 740 1010 943 965 450 798 421 803 775
7 879 951 652 991 711 894 597 897 747 506 550 908 993 399 625 1083 1101 634 509 1083 555 923 359 773 848 770 936 1052 1055 1100 921 698 910 477 460
8 930 883 770 539 810 976 876 925 621 358 623 641 883 734 970 1013 939 753 899 933 644 882 201 404 599 925 962 622 662 348 1015 967 263 978 543
9 507 769 750 1053 862 1057 466 731 1012 408 661 218 612 822 822 599 96 805 961 953 999 661 273 1006 721 885 379 1027 929 635 244 847 355 768 761
10 267 705 291 475 579 261 639 680 571 669 442 686 624 642 704 469 491 435 610 479 618 601 514 345 691 667 293 374 680 360 145 202 479 654 430
11 655 298 347 601 329 890 604 821 805 526 300 892 741 759 790 656 789 68 895 625 414 641 673 866 531 913 666 806 366 699 316 928 492 705 766
12 347 288 334 243 208 363 365 293 256 279 292 103 182 193 211 307 274 291 200 373 206 198 252 304 311 228 249 311 328 257 112 123 195 304 22
13 101 280 300 335 331 264 240 266 275 285 271 337 341 353 353 111 315 283 53 351 306 221 82 324 166 323 211 352 366 318 81 138 296 58 260
14 769 705 115 547 712 485 496 854 486 505 708 166 709 548 603 416 508 384 534 747 535 413 736 646 481 840 183 188 849 485 223 523 739 657 826
15 328 691 554 794 639 628 813 890 535 946 866 822 632 655 987 920 666 882 742 939 970 766 998 685 464 762 568 201 320 545 773 656 691 560 971
16 752 652 790 1150 547 934 28 594 771 995 568 919 875 520 1032 718 531 476 483 712 334 1004 936 689 1056 733 695 1043 1034 940 704 916 1010 1139 940
17 430 401 402 378 193 353 309 45 178 417 295 416 231 272 306 272 387 393 208 198 384 445 85 141 307 399 406 396 251 442 213 294 276 398 427
18 1099 306 550 921 910 773 766 1007 396 540 968 992 564 756 1027 840 436 378 484 1107 607 493 289 1029 1114 731 460 1113 1139 447 689 329 826 1041 691
19 764 1142 534 596 569 933 1075 976 1034 1177 883 876 517 506 465 1006 1144 1140 207 744 358 959 606 639 685 182 573 73 1041 979 776 1017 331 877 613
20 1008 888 721 1046 449 1134 1084 395 217 39 909 746 624 876 984 1098 828 777 910 585 980 889 1153 678 922 717 731 736 831 783 1169 1157 566 974 928
21 508 258 338 486 447 503 465 369 325 418 492 469 335 487 421 193 507 450 223 504 362 468 333 296 502 390 253 364 167 363 338 145 134 467 215
22 1143 266 778 1093 1134 1124 830 865 529 938 1149 894 511 1029 463 912 645 813 816 312 521 1160 136 627 878 874 669 861 652 686 465 1071 379 919 771
23 920 755 865 599 873 169 211 1078 955 641 694 943 685 538 1043 232 1035 724 832 1043 982 389 350 361 743 589 998 1101 847 1082 360 620 872 779 828
24 600 367 301 430 429 128 406 372 479 243 408 282 299 616 461 434 280 626 444 395 518 346 497 180 629 631 513 372 134 565 515 528 459 402 228
25 200 736 652 761 294 691 661 412 381 425 397 117 563 554 735 549 617 377 727 391 350 458 692 232 484 632 593 564 729 706 499 365 477 749 611
26 688 655 395 616 514 380 727 610 290 529 544 317 403 589 603 407 404 679 583 679 377 616 638 633 724 665 553 556 694 681 653 463 600 458 495
27 359 254 279 149 75 242 40 121 311 342 338 124 328 351 301 326 141 73 318 255 365 71 332 168 361 239 370 203 280 273 342 314 260 119 354
28 969 451 721 1019 1011 719 489 321 1040 384 455 828 940 831 592 483 1072 889 981 647 609 966 447 877 1008 852 659 1041 972 538 720 657 170 961 589
29 743 1009 991 1098 1044 1088 391 461 956 527 312 213 894 764 617 253 1085 1108 949 272 1131 1042 875 1041 994 1070 647 631 754 797 1019 1054 649 107 1031
30 865 317 833 707 765 762 802 603 715 446 568 897 622 767 809 553 406 562 661 151 235 525 780 886 479 385 298 740 716 924 756 711 722 83 796
;

param:   cost_bundl  marginal :=
1 173 180
2 69 124
3 183 174
4 170 137
5 89 111
6 185 168
7 166 100
8 18 113
9 119 148
10 146 152
11 27 84
12 50 170
13 155 27
14 98 89
15 145 163
16 99 156
17 135 97
18 140 161
19 156 168
20 38 153
21 151 171
22 183 81
23 49 107
24 181 163
25 185 114
26 168 23
27 163 183
28 146 83
29 143 183
30 177 119
31 152 23
32 169 147
33 161 80
34 161 169
35 90 73
;
param: buyer budget :=
  0 92
  1 843
  2 159
  3 62
  4 108
  5 244
  6 617
  7 38
  8 910
  9 888
  10 425
  11 779
  12 1048
  13 537
  14 30
  15 677
  16 1046
  17 473
  18 750
  19 117
  20 277
  21 510
  22 366
  23 126
  24 128
  25 561
  26 940
  27 420
  28 1076
  29 48
;
param num_partition :=
2
;
param: item partition_index cardinality :=
0 0 2
1 0 13
2 0 21
3 0 23
4 0 8
5 0 2
6 0 26
7 0 16
8 0 8
9 0 6
10 0 5
11 0 13
12 0 20
13 0 15
14 0 7
15 0 11
16 0 19
17 0 1
18 0 27
19 0 16
20 0 22
21 0 11
22 0 12
23 0 21
24 0 7
25 0 23
26 0 8
27 0 12
28 0 4
29 0 27
30 0 8
31 0 28
32 0 25
33 0 9
34 0 5
