param num_bundles := 35;

param num_cust := 30;

param price_reserve :
   1 2 3 4 5 6 7 8 9 10 11 12 13 14 15 16 17 18 19 20 21 22 23 24 25 26 27 28 29 30 31 32 33 34 35 :=
1 1020 1096 762 1145 1115 1212 1147 462 955 1235 775 956 513 1031 284 722 979 1242 353 735 296 993 780 465 626 599 592 839 778 1228 1214 480 339 753 1258
2 603 627 857 1169 414 1109 695 912 443 414 1059 910 824 821 1035 589 1165 940 346 383 852 776 1043 177 1048 694 269 643 729 435 1103 831 1109 449 1116
3 570 770 237 437 714 495 794 877 618 593 142 648 694 856 446 726 329 754 508 523 370 814 686 341 72 821 796 659 381 860 795 587 849 491 887
4 461 339 304 192 727 615 203 447 336 693 484 551 627 558 498 472 600 213 544 384 614 621 713 537 680 718 585 710 626 595 700 621 676 379 522
5 124 137 154 121 85 158 186 85 105 87 143 88 164 176 128 174 183 81 131 55 164 170 132 162 38 173 143 51 173 85 161 176 35 138 142
6 951 636 903 871 799 949 371 808 627 589 716 386 870 537 858 782 815 723 345 969 805 360 776 595 721 474 401 732 621 926 206 289 817 466 394
7 254 486 574 472 534 360 584 436 211 158 274 128 601 311 602 243 312 341 531 169 443 592 493 427 278 170 260 489 470 329 485 343 296 193 524
8 629 675 522 890 974 941 877 923 315 557 880 894 932 741 549 742 551 355 89 709 37 810 494 252 905 970 643 805 778 886 750 454 915 216 231
9 728 770 357 601 346 340 668 734 351 679 506 834 761 447 98 530 284 530 435 625 825 482 721 635 619 223 809 823 796 514 275 209 665 805 203
10 357 799 579 1022 938 1031 432 1012 468 915 974 538 797 906 1124 850 1077 892 1098 729 628 139 492 476 302 493 1035 890 847 729 787 603 738 1072 573
11 840 977 208 914 787 688 576 706 338 1018 61 578 58 361 1032 461 593 346 815 926 1031 870 952 527 940 775 547 795 475 834 793 343 404 909 561
12 796 536 253 1090 553 948 445 757 1077 339 809 403 168 716 735 792 561 995 868 994 866 764 517 969 698 897 828 276 952 787 985 1037 534 994 893
13 169 124 123 161 163 113 137 81 64 111 185 150 62 113 105 164 117 175 86 25 77 177 133 65 57 133 106 112 178 116 85 127 81 158 114
14 676 531 449 364 183 576 317 596 231 418 592 361 570 490 561 477 633 219 266 671 575 638 622 610 620 350 451 341 465 315 62 65 641 678 669
15 503 686 778 935 734 866 927 158 961 348 769 828 889 413 689 788 408 452 741 1037 1053 962 209 432 500 675 344 236 800 424 567 648 319 683 631
16 363 301 76 371 250 352 186 324 364 349 272 262 252 145 271 155 314 184 310 80 258 369 8 146 66 339 291 281 193 345 175 366 114 338 255
17 666 206 668 730 692 291 656 663 714 365 322 615 301 604 447 623 663 466 619 672 695 340 652 346 678 701 193 698 518 727 680 360 166 444 546
18 288 119 340 184 323 331 271 373 88 306 255 330 283 171 278 322 306 245 163 372 354 234 364 160 214 245 93 371 280 239 343 287 212 253 318
19 134 284 343 370 275 254 303 126 48 191 115 237 306 232 193 314 352 243 281 214 90 321 112 71 299 302 287 369 222 326 254 310 272 332 97
20 636 234 916 532 244 525 528 832 537 944 469 297 829 935 413 554 688 756 888 948 908 917 480 436 877 830 393 494 638 823 540 728 934 601 764
21 697 65 537 626 587 312 445 208 725 537 701 563 631 158 297 698 197 669 517 747 765 679 723 585 510 425 157 490 757 227 412 600 647 553 755
22 689 812 546 569 742 520 870 545 685 284 390 744 492 383 859 701 419 142 630 621 256 356 461 684 549 397 690 543 797 794 498 738 856 833 428
23 756 365 1117 1141 178 1168 930 870 1118 865 744 838 1125 703 995 823 733 504 763 1177 1126 869 1121 705 703 517 599 626 868 633 551 376 1021 856 657
24 1141 699 863 930 1243 949 826 879 851 548 1078 1009 1052 327 1063 610 1186 630 1197 979 1071 990 736 1042 1040 757 1207 965 808 314 1000 1184 938 514 1250
25 376 241 195 370 521 15 381 568 596 463 207 464 613 475 291 351 178 264 305 588 520 77 449 573 598 634 349 424 581 580 308 377 348 531 628
26 1077 952 1169 815 999 1150 841 1127 1152 928 803 1043 433 904 1152 1091 265 887 585 128 684 613 1042 619 1004 513 879 502 982 392 700 988 865 960 1118
27 827 755 822 1144 1012 1066 641 1053 1143 614 483 1029 818 1054 607 431 1041 556 1092 324 842 862 938 1177 1047 880 1168 530 982 529 1187 1127 942 784 828
28 244 612 583 404 641 395 372 715 468 696 655 611 78 401 292 684 566 605 394 311 461 195 662 614 584 360 663 418 324 671 520 635 660 387 631
29 463 779 378 705 660 571 204 653 392 447 569 859 465 792 513 739 368 382 631 407 538 852 596 258 552 650 341 555 543 623 411 857 589 582 131
30 589 434 573 690 609 609 874 619 570 873 466 747 444 795 685 616 859 758 858 352 293 726 448 765 632 486 671 742 180 784 769 367 880 475 675
;

param:   cost_bundl  marginal :=
1 15 129
2 85 128
3 144 169
4 165 186
5 121 104
6 157 167
7 166 68
8 101 184
9 142 52
10 177 152
11 132 178
12 127 141
13 91 75
14 84 107
15 119 7
16 105 164
17 122 122
18 178 122
19 81 186
20 166 122
21 102 155
22 135 87
23 63 177
24 150 161
25 67 97
26 155 81
27 118 175
28 133 178
29 83 58
30 101 74
31 135 73
32 33 179
33 119 130
34 116 91
35 146 70
;
param: buyer budget :=
  0 793
  1 310
  2 381
  3 827
  4 1052
  5 352
  6 832
  7 1252
  8 140
  9 536
  10 153
  11 203
  12 803
  13 1239
  14 163
  15 42
  16 297
  17 342
  18 66
  19 975
  20 478
  21 465
  22 397
  23 322
  24 654
  25 255
  26 1093
  27 764
  28 385
  29 506
;
param num_partition :=
2
;
param: item partition_index cardinality :=
0 0 15
1 0 7
2 0 27
3 0 14
4 0 1
5 0 21
6 0 22
7 0 19
8 0 25
9 0 20
10 0 23
11 0 21
12 0 23
13 0 23
14 0 21
15 0 14
16 0 25
17 0 11
18 0 14
19 0 28
20 0 12
21 0 24
22 0 25
23 0 25
24 0 18
25 0 4
26 0 28
27 0 28
28 0 3
29 0 20
30 0 4
31 0 16
32 0 18
33 0 5
34 0 22
