param num_bundles := 35;

param num_cust := 30;

param price_reserve :
   1 2 3 4 5 6 7 8 9 10 11 12 13 14 15 16 17 18 19 20 21 22 23 24 25 26 27 28 29 30 31 32 33 34 35 :=
1 257 553 372 350 370 659 579 785 349 159 523 413 807 708 606 464 451 724 575 520 600 480 760 547 433 247 798 761 397 669 514 403 571 112 254
2 565 719 249 679 399 625 804 329 358 785 748 76 733 541 778 553 661 234 571 779 548 382 731 664 622 197 760 210 690 232 474 748 684 388 782
3 1009 1004 780 992 305 264 756 646 600 839 956 216 965 618 977 707 895 772 636 219 327 701 917 711 855 719 979 458 250 746 863 595 566 789 712
4 584 388 428 27 171 125 355 98 468 393 637 242 593 425 600 221 337 453 419 697 281 514 339 576 228 455 502 422 405 548 707 679 640 513 442
5 89 117 46 175 177 144 108 159 154 102 95 67 172 173 88 165 173 71 94 142 140 98 70 123 45 59 102 106 165 116 146 10 115 176 164
6 55 763 916 621 784 984 378 133 163 480 356 873 956 417 974 778 454 874 556 870 198 712 544 867 244 640 343 492 809 901 997 972 264 600 321
7 733 777 583 967 1064 895 1093 991 1143 1137 674 382 709 1184 1159 1118 893 1105 468 192 963 911 1002 1044 740 277 1016 1023 844 953 130 848 611 1062 944
8 726 683 1178 817 799 1195 765 1015 594 679 620 255 483 951 836 999 1161 144 1130 623 1100 1051 919 1162 862 1209 804 885 668 386 990 694 978 1022 1122
9 504 263 264 424 503 490 417 88 410 474 134 322 369 311 406 490 258 205 368 482 280 106 342 497 392 496 287 190 182 335 489 317 455 313 315
10 944 729 1001 469 905 1018 929 1083 1015 1016 772 1091 880 470 305 372 239 1085 1046 808 477 912 854 1036 915 761 552 554 539 1061 1023 733 906 584 454
11 342 356 276 324 265 363 237 327 48 339 271 180 185 266 365 337 176 56 335 333 168 321 365 240 367 350 340 247 82 244 181 243 198 273 141
12 994 795 954 941 938 694 0 664 1054 419 680 420 653 586 851 785 709 156 838 590 216 1001 432 812 993 898 915 976 1053 417 895 590 1046 623 900
13 441 554 635 457 640 84 626 712 403 662 655 686 643 544 456 242 548 739 590 683 387 244 543 622 260 536 629 431 681 381 589 310 229 322 663
14 282 660 917 823 867 847 923 761 684 783 261 567 689 710 396 836 883 643 644 454 592 654 533 478 637 390 865 429 860 431 822 627 780 365 707
15 735 482 802 786 920 457 350 1149 891 182 388 694 988 1100 1121 577 288 1045 742 144 1134 640 1015 575 1008 549 940 624 871 1087 55 1010 1024 422 1070
16 174 127 160 99 124 136 118 158 175 138 146 163 168 115 72 175 35 92 121 138 160 111 77 112 47 180 170 149 158 87 168 153 131 100 174
17 1199 1027 1109 602 822 342 920 464 970 911 907 715 936 793 977 555 1047 1003 305 1147 1004 1200 447 574 865 935 935 769 422 869 1005 953 784 877 841
18 776 265 498 908 744 857 811 629 869 903 72 957 806 648 546 741 842 752 571 771 889 288 915 800 539 765 943 392 907 373 800 840 790 754 869
19 1039 773 540 1185 799 662 564 561 1155 478 978 607 980 502 863 1062 1085 1103 955 1093 826 871 636 202 609 774 936 361 710 558 1090 434 726 356 831
20 485 491 172 394 563 457 569 159 420 332 597 602 449 356 367 118 520 129 232 403 548 298 235 240 488 73 350 414 134 161 282 581 526 584 532
21 796 894 208 425 432 121 528 211 895 904 888 627 198 856 459 826 460 472 536 386 602 544 46 650 654 778 753 860 733 802 864 612 770 672 256
22 660 435 146 729 84 595 710 371 350 745 525 268 128 65 267 241 572 643 743 397 603 330 576 658 170 634 193 618 466 372 593 348 479 430 517
23 844 669 550 492 577 734 974 1018 279 949 792 829 1036 947 992 825 634 779 635 985 401 929 320 656 69 398 689 814 950 655 979 750 1055 1057 404
24 175 346 457 747 627 682 553 258 429 482 559 217 732 522 515 611 533 589 462 690 617 618 563 762 750 523 676 669 174 363 569 536 424 247 709
25 993 775 790 282 498 584 665 572 888 357 614 627 849 514 802 617 907 624 157 438 826 708 1064 322 1041 565 994 298 427 862 720 840 947 389 763
26 703 828 540 925 995 803 742 691 664 1109 1151 950 769 966 1053 670 927 632 1098 572 998 781 953 1014 1081 417 786 854 1141 671 586 775 542 879 472
27 1079 272 589 845 1018 278 1091 469 1094 368 224 1123 470 1066 702 609 919 955 481 598 1116 470 519 149 991 727 987 457 548 747 350 1081 1048 760 759
28 518 649 601 598 523 772 538 735 437 784 671 445 687 524 330 736 774 225 771 692 284 420 187 633 781 777 785 300 512 346 569 322 662 720 703
29 1010 1000 730 930 976 883 992 700 757 594 1023 795 921 333 983 963 516 702 634 670 556 871 671 420 841 966 754 867 990 529 244 528 1015 952 955
30 1019 753 861 1027 478 206 886 1023 123 287 846 1060 1038 1014 517 640 382 676 249 712 974 948 1023 724 771 641 956 758 835 729 675 759 806 1024 518
;

param:   cost_bundl  marginal :=
1 104 156
2 152 129
3 141 185
4 149 135
5 132 154
6 128 112
7 136 26
8 134 174
9 75 94
10 150 61
11 163 160
12 179 98
13 60 185
14 88 78
15 47 134
16 158 95
17 168 125
18 86 121
19 68 65
20 18 164
21 155 57
22 134 29
23 164 53
24 132 105
25 156 102
26 135 164
27 115 153
28 75 91
29 147 135
30 95 186
31 22 105
32 79 183
33 102 165
34 45 185
35 149 143
;
param: buyer budget :=
  0 291
  1 659
  2 82
  3 555
  4 345
  5 889
  6 857
  7 533
  8 472
  9 628
  10 87
  11 999
  12 436
  13 63
  14 367
  15 897
  16 989
  17 54
  18 184
  19 169
  20 1127
  21 801
  22 141
  23 56
  24 737
  25 805
  26 687
  27 1040
  28 371
  29 711
;
param num_partition :=
2
;
param: item partition_index cardinality :=
0 0 10
1 0 3
2 0 8
3 0 1
4 0 12
5 0 6
6 0 29
7 0 26
8 0 25
9 0 24
10 0 25
11 0 18
12 0 18
13 0 7
14 0 26
15 0 5
16 0 18
17 0 17
18 0 18
19 0 25
20 0 22
21 0 9
22 0 23
23 0 17
24 0 27
25 0 29
26 0 20
27 0 24
28 0 17
29 0 9
30 0 27
31 0 1
32 0 17
33 0 10
34 0 8
