param num_bundles := 35;

param num_cust := 30;

param price_reserve :
   1 2 3 4 5 6 7 8 9 10 11 12 13 14 15 16 17 18 19 20 21 22 23 24 25 26 27 28 29 30 31 32 33 34 35 :=
1 687 598 427 344 491 578 688 502 610 167 680 627 499 631 561 547 411 500 587 381 563 290 367 152 341 304 611 221 229 481 296 695 552 715 256
2 414 212 219 454 424 405 193 297 469 456 448 131 321 372 316 256 328 332 476 201 452 495 449 76 439 459 305 342 324 398 475 489 444 119 216
3 1055 645 1089 511 1090 406 760 992 796 776 607 523 1025 1041 738 517 992 1047 937 975 757 397 529 875 1005 478 691 723 272 555 968 385 633 1061 572
4 588 786 820 573 811 797 806 19 521 442 44 627 557 694 333 615 812 534 452 391 109 609 287 260 814 624 78 598 787 560 353 622 773 707 797
5 374 303 446 239 346 449 183 159 366 143 411 341 182 325 25 275 184 287 351 134 414 449 321 150 98 417 287 141 86 150 250 140 114 331 342
6 872 273 240 736 589 866 577 262 829 847 763 458 1058 376 148 348 766 1016 840 356 992 114 869 615 830 659 765 321 1037 797 651 856 955 650 953
7 59 172 108 100 158 98 20 117 92 31 186 181 147 145 123 145 165 176 73 185 124 93 179 74 94 186 94 56 165 132 68 37 167 16 132
8 131 338 280 454 600 511 394 688 495 700 599 505 569 563 427 420 165 494 549 622 640 701 347 522 318 395 269 615 666 635 535 337 665 642 657
9 455 1111 721 561 282 260 982 749 567 877 441 1092 1030 315 777 441 767 819 1077 768 830 1085 432 859 1133 172 951 512 1098 838 570 568 1116 1070 965
10 648 131 527 369 555 119 737 614 315 553 657 740 709 624 286 639 559 681 435 415 490 438 653 395 712 422 568 706 512 253 559 353 616 334 289
11 409 526 398 403 535 423 481 337 452 469 493 160 371 190 627 258 330 380 528 384 317 593 312 138 623 641 526 430 542 206 618 591 384 522 137
12 315 273 311 169 217 211 290 277 233 322 295 290 333 247 75 206 304 362 284 245 268 46 111 198 256 172 346 295 312 212 357 329 364 188 339
13 923 872 904 922 336 451 673 689 761 982 574 1025 651 840 738 924 939 716 427 911 1023 731 964 148 849 929 693 382 166 145 761 930 603 1063 990
14 510 618 870 317 741 518 763 261 788 348 552 576 642 720 734 823 550 874 570 533 391 222 163 395 703 794 361 70 527 466 283 267 598 656 612
15 486 982 1092 720 1107 1123 525 591 1115 1012 1044 481 734 1085 1085 1109 163 375 1033 1060 1069 933 235 839 1094 43 688 1014 1059 685 604 726 543 1048 351
16 789 853 626 18 705 1069 505 1040 381 759 533 427 637 774 1001 866 991 880 828 296 587 251 785 766 998 769 1037 744 950 484 924 663 353 917 883
17 558 248 365 208 441 563 407 67 428 61 390 469 518 483 600 250 365 473 336 342 547 372 507 324 230 539 473 421 405 444 313 297 414 377 181
18 885 794 761 1121 844 763 620 319 1025 1041 850 1135 638 622 590 596 301 987 1085 518 616 1092 652 933 51 1077 1157 1099 855 998 946 931 545 1047 333
19 961 892 951 866 984 962 1047 809 1155 865 744 1084 472 1058 492 1147 1025 940 301 416 920 220 902 819 873 1001 895 720 528 451 519 40 1206 308 704
20 347 685 860 1013 331 742 908 462 837 609 353 963 555 718 567 679 318 431 867 142 994 625 220 745 837 583 512 467 317 327 690 499 506 647 913
21 168 385 344 152 100 215 444 257 387 111 388 340 268 388 202 393 397 424 326 355 427 398 336 158 304 402 352 331 233 363 367 177 401 349 210
22 928 1188 999 695 1081 980 1131 945 1016 1127 1126 538 1214 833 954 1175 240 1263 1078 1071 431 838 1141 396 807 960 613 761 1166 1142 724 1171 735 1112 941
23 523 562 985 532 673 939 26 1096 1061 671 498 752 201 956 891 892 531 646 558 753 1080 926 1028 768 1027 893 820 957 587 631 692 743 493 870 588
24 1193 1014 1009 454 907 910 989 508 1039 1194 706 816 660 542 276 407 497 826 298 755 882 851 1181 553 579 919 611 749 824 357 798 1196 484 850 640
25 484 54 574 353 352 572 351 754 674 760 569 735 549 580 600 643 573 600 228 685 546 412 451 605 714 300 771 69 778 606 517 501 424 615 556
26 708 272 128 838 293 471 245 367 847 736 640 410 664 712 573 700 394 597 742 669 661 706 503 591 616 689 862 865 689 418 181 783 727 251 579
27 361 986 859 1234 340 744 1032 1075 94 323 1059 905 973 900 336 1024 869 428 1232 984 566 1052 458 1258 886 935 1223 723 268 1163 846 560 991 1224 422
28 580 304 1037 963 1041 608 1068 971 630 711 1109 568 989 682 1030 435 788 243 1072 951 1039 720 458 471 862 522 865 302 844 826 1136 1063 449 930 958
29 702 712 610 889 653 317 440 651 387 806 841 742 550 820 911 559 611 437 880 134 901 807 235 852 426 697 453 587 423 377 922 140 632 866 170
30 779 688 412 649 743 868 826 705 875 408 577 149 722 747 873 857 736 783 620 751 867 599 696 82 418 832 639 889 89 908 908 401 387 713 325
;

param:   cost_bundl  marginal :=
1 159 40
2 169 102
3 132 116
4 123 168
5 89 167
6 147 160
7 163 131
8 166 125
9 166 104
10 91 89
11 86 64
12 157 100
13 168 123
14 164 184
15 111 170
16 83 113
17 149 67
18 81 85
19 173 158
20 111 122
21 156 186
22 51 84
23 39 132
24 118 183
25 45 48
26 110 139
27 97 161
28 49 162
29 149 136
30 152 127
31 167 121
32 76 161
33 175 147
34 53 179
35 177 112
;
param: buyer budget :=
  0 681
  1 470
  2 694
  3 449
  4 358
  5 733
  6 723
  7 1015
  8 942
  9 492
  10 745
  11 1169
  12 32
  13 1207
  14 1130
  15 1219
  16 1011
  17 842
  18 1074
  19 988
  20 547
  21 321
  22 916
  23 971
  24 665
  25 832
  26 752
  27 982
  28 1195
  29 704
;
param num_partition :=
2
;
param: item partition_index cardinality :=
0 0 19
1 0 1
2 0 22
3 0 24
4 0 2
5 0 17
6 0 2
7 0 17
8 0 4
9 0 1
10 0 14
11 0 20
12 0 19
13 0 14
14 0 2
15 0 15
16 0 19
17 0 23
18 0 21
19 0 29
20 0 14
21 0 22
22 0 10
23 0 21
24 0 28
25 0 25
26 0 7
27 0 9
28 0 27
29 0 18
30 0 2
31 0 19
32 0 2
33 0 2
34 0 14
