param num_bundles := 35;

param num_cust := 30;

param price_reserve :
   1 2 3 4 5 6 7 8 9 10 11 12 13 14 15 16 17 18 19 20 21 22 23 24 25 26 27 28 29 30 31 32 33 34 35 :=
1 1032 1000 671 911 1004 808 572 975 896 1124 221 800 1084 678 898 366 606 1093 908 679 326 269 661 589 1054 823 923 550 1142 513 853 663 682 533 1183
2 681 766 945 523 690 740 576 584 714 767 881 506 653 505 792 697 319 368 548 819 605 85 585 475 939 369 806 339 863 823 798 811 583 612 764
3 844 756 1132 685 966 809 770 862 818 779 922 1088 893 918 690 537 766 564 991 801 1050 1126 140 1000 852 1022 1084 673 381 1126 847 618 1090 1053 454
4 289 409 792 573 728 774 593 369 409 465 493 455 781 125 685 128 727 765 417 189 128 535 510 634 694 456 396 785 240 677 283 564 547 534 196
5 302 362 59 303 460 447 417 412 497 597 342 310 337 411 380 575 496 527 324 543 219 536 89 218 35 494 589 349 454 308 453 235 466 565 163
6 789 511 865 710 949 415 760 757 933 1031 597 375 980 917 176 879 1124 818 294 920 814 816 260 982 821 858 527 602 1071 217 800 809 182 513 600
7 1054 442 1026 963 1003 912 1089 310 142 853 895 516 1121 723 776 923 1178 1067 908 645 828 1135 446 697 57 721 390 1040 817 703 1049 737 418 527 849
8 578 489 680 675 487 301 623 662 484 667 702 154 724 619 579 718 362 433 362 759 549 188 596 229 513 287 718 580 380 575 700 702 442 679 590
9 391 683 197 455 373 253 322 425 352 106 364 632 608 497 566 688 658 331 275 504 602 557 629 317 522 389 524 331 431 626 298 364 679 181 651
10 204 204 373 314 351 145 320 243 371 372 330 235 407 240 193 50 408 179 412 399 189 221 281 290 253 300 128 399 345 279 196 305 414 450 444
11 858 482 505 777 690 843 142 397 884 767 704 323 490 366 494 622 391 784 423 837 437 237 689 616 793 497 826 827 501 792 855 605 768 715 34
12 649 728 741 825 674 669 1036 534 1010 557 967 1083 611 409 324 847 1122 420 522 789 712 1060 1029 1035 550 716 73 540 992 242 373 484 1108 653 978
13 1217 931 1063 1237 968 258 894 1161 775 491 380 999 772 1049 854 51 884 987 1130 1022 1120 665 928 534 791 837 251 316 1044 1140 530 1122 743 756 1129
14 499 403 552 376 312 278 504 323 511 535 302 369 426 443 522 223 502 467 205 194 502 477 428 544 419 362 312 503 139 523 251 556 352 93 390
15 179 141 82 67 125 83 124 179 97 183 83 101 146 102 32 43 183 166 85 98 114 103 105 128 126 92 108 50 166 54 127 82 120 148 161
16 1059 1004 883 1117 994 522 995 656 244 611 677 758 1072 1173 424 743 733 877 263 536 708 936 723 485 1162 1191 903 1127 709 719 863 860 1052 1204 695
17 498 408 397 510 431 604 268 93 600 533 580 588 528 160 517 218 445 405 602 226 367 326 259 364 164 252 218 541 572 467 527 390 567 238 402
18 1148 553 1080 1080 539 982 1075 908 1097 857 818 883 873 762 633 868 1021 623 395 934 614 964 290 617 1122 1030 1117 771 475 948 572 738 889 1076 480
19 685 693 497 188 315 707 572 624 481 398 322 537 205 735 706 704 349 175 482 374 302 534 528 245 606 509 230 656 638 477 460 508 706 360 654
20 526 124 340 492 413 546 412 375 220 523 525 182 557 331 237 496 28 338 505 293 461 152 81 204 447 528 527 324 260 312 233 286 301 356 466
21 865 1149 988 1151 824 821 1150 1043 905 496 1123 1195 1209 235 871 398 1128 1041 446 404 578 1068 984 794 539 1205 140 1133 1110 644 307 534 638 891 780
22 383 457 447 263 165 364 438 448 426 478 506 494 435 490 183 149 292 134 144 340 263 95 199 469 78 247 356 246 301 363 315 306 81 111 394
23 367 438 500 467 311 537 536 347 551 548 292 542 485 135 555 204 305 354 601 329 486 561 128 331 347 341 305 409 590 132 144 187 76 316 209
24 463 1014 870 804 1004 834 821 473 520 661 713 931 968 756 820 852 838 1137 462 1076 132 831 1046 532 391 349 775 801 841 749 848 925 771 566 832
25 437 426 345 431 305 395 407 133 429 373 267 451 329 428 353 329 68 235 160 210 248 187 411 142 396 406 448 414 274 156 195 259 406 393 323
26 474 183 298 532 433 329 309 528 177 554 412 260 124 450 96 276 356 185 140 550 545 480 477 395 444 405 404 512 331 559 304 393 552 520 120
27 293 737 306 964 937 560 247 564 240 804 568 313 689 752 942 858 772 81 892 833 735 736 512 928 739 869 526 911 772 663 867 946 480 532 891
28 589 582 505 480 448 503 153 152 612 404 529 437 431 683 214 671 613 565 716 391 539 362 387 490 222 138 328 700 281 715 464 713 536 551 712
29 280 585 191 485 460 705 391 588 578 764 620 507 455 656 703 547 690 556 598 354 255 548 663 772 503 655 511 103 667 544 555 736 744 335 385
30 213 440 131 505 602 436 611 283 395 621 233 357 314 478 274 609 413 525 378 378 448 430 344 582 569 534 295 547 492 537 497 550 380 235 362
;

param:   cost_bundl  marginal :=
1 110 156
2 161 162
3 132 152
4 175 182
5 155 127
6 133 131
7 139 157
8 155 59
9 147 78
10 97 177
11 157 151
12 117 77
13 64 92
14 120 129
15 184 94
16 82 174
17 91 146
18 107 166
19 178 82
20 179 109
21 28 153
22 175 38
23 64 106
24 148 142
25 158 112
26 133 148
27 131 113
28 167 52
29 184 173
30 179 89
31 167 146
32 86 176
33 129 147
34 168 179
35 161 134
;
param: buyer budget :=
  0 1188
  1 370
  2 1222
  3 801
  4 324
  5 966
  6 459
  7 767
  8 631
  9 99
  10 1108
  11 1061
  12 424
  13 973
  14 1217
  15 1117
  16 1195
  17 590
  18 840
  19 884
  20 734
  21 943
  22 970
  23 580
  24 293
  25 310
  26 551
  27 663
  28 328
  29 95
;
param num_partition :=
2
;
param: item partition_index cardinality :=
0 0 24
1 0 18
2 0 21
3 0 14
4 0 5
5 0 6
6 0 18
7 0 18
8 0 7
9 0 12
10 0 1
11 0 1
12 0 1
13 0 26
14 0 8
15 0 24
16 0 1
17 0 12
18 0 29
19 0 14
20 0 12
21 0 27
22 0 16
23 0 20
24 0 20
25 0 7
26 0 26
27 0 12
28 0 29
29 0 4
30 0 27
31 0 25
32 0 16
33 0 22
34 0 19
