param num_bundles := 35;

param num_cust := 30;

param price_reserve :
   1 2 3 4 5 6 7 8 9 10 11 12 13 14 15 16 17 18 19 20 21 22 23 24 25 26 27 28 29 30 31 32 33 34 35 :=
1 302 825 804 604 664 1188 629 200 1128 1096 613 1169 1188 343 1037 766 364 285 313 814 930 924 1168 289 1188 756 1086 1089 811 1178 474 788 1059 805 1190
2 73 345 278 298 285 326 294 339 220 207 347 167 174 143 310 229 352 325 223 125 165 130 230 154 299 221 354 276 182 65 109 344 243 235 197
3 699 735 879 439 804 599 652 417 296 689 732 731 313 258 281 572 768 839 865 377 618 862 665 576 741 823 358 390 843 584 355 736 662 483 881
4 1155 993 1056 470 786 1032 987 529 769 850 885 1099 419 1018 1123 649 854 938 739 1133 856 234 496 407 1073 710 801 1065 827 487 1028 1146 940 1070 766
5 456 1034 624 734 821 1024 1016 823 1059 651 332 1075 1044 1261 1210 852 1207 1022 659 1087 593 1143 1224 1062 917 261 450 1076 356 1034 687 653 21 903 957
6 933 96 757 766 589 816 1011 1032 1094 452 1091 578 976 1153 628 526 189 890 780 682 885 700 988 578 1109 501 1103 1111 433 511 509 730 745 675 161
7 896 200 778 672 1032 724 263 533 483 553 550 531 214 435 267 808 981 564 330 947 650 1072 838 1082 855 832 676 173 972 728 911 358 503 979 1075
8 593 672 192 105 643 673 625 551 490 361 320 708 496 467 674 512 293 417 729 250 111 678 189 513 657 718 327 436 537 490 528 670 335 106 734
9 906 600 1113 816 1099 965 1096 1079 912 1005 1069 905 598 1129 856 586 1080 1137 1030 248 644 508 567 376 841 567 814 1126 776 676 902 435 836 1007 198
10 344 638 732 684 407 693 420 834 664 564 762 193 429 520 768 622 561 367 810 469 691 673 699 413 589 365 776 36 714 518 801 878 811 820 830
11 536 365 466 537 415 236 551 154 553 514 270 471 346 329 164 111 145 212 371 415 554 381 520 113 327 197 137 419 353 512 51 193 281 501 324
12 520 634 210 275 690 658 644 602 427 598 188 533 532 806 494 487 816 701 820 763 67 660 278 647 112 393 433 371 779 793 738 493 308 818 505
13 1138 1154 702 422 658 746 961 712 450 1078 744 1174 950 1227 1102 1036 1128 690 369 648 773 1062 529 173 586 640 1155 1206 617 1202 1163 1196 1165 1222 671
14 567 244 350 813 653 755 772 525 225 325 141 738 815 375 123 353 691 669 732 803 799 684 141 625 598 145 694 527 751 473 650 777 402 243 221
15 1079 984 1159 969 774 1156 988 863 861 750 664 798 1164 1131 543 1162 644 978 1157 1013 992 393 972 277 940 879 1137 577 784 1082 1043 873 1027 899 598
16 935 575 1149 166 513 644 634 948 1046 1166 948 1132 878 564 1153 1102 915 813 1142 783 883 722 1011 970 642 576 384 880 374 52 392 612 257 897 391
17 609 705 620 433 713 656 778 668 769 165 663 429 246 362 378 689 405 744 692 519 347 796 795 354 737 457 544 340 256 399 291 202 688 518 393
18 527 500 496 581 195 564 541 106 269 556 630 520 370 398 73 355 192 607 600 382 631 126 320 329 288 455 581 521 267 585 527 603 452 421 346
19 1029 708 726 1075 525 1021 1158 916 553 1199 1193 1081 1161 1190 694 1011 517 1122 205 1113 842 427 682 752 913 395 354 1025 603 831 313 531 761 366 695
20 442 433 221 263 188 132 127 374 407 256 414 87 419 149 146 340 308 162 234 418 240 247 296 276 384 423 337 380 311 305 339 315 310 438 406
21 226 727 981 894 842 1090 781 773 1063 847 519 1105 768 1033 255 742 520 764 350 423 485 1154 324 671 651 724 880 1073 889 1014 690 873 580 1092 623
22 173 186 136 137 32 107 17 88 167 97 106 126 112 50 12 110 72 150 38 175 162 185 80 178 63 52 127 186 168 145 43 65 155 83 32
23 476 487 441 263 135 405 400 366 162 376 438 500 152 330 115 556 408 175 228 560 473 184 321 523 339 302 321 548 551 433 423 233 203 178 522
24 904 235 854 472 923 572 852 622 970 535 693 567 221 709 830 828 460 811 889 913 952 966 735 797 807 978 626 450 510 613 620 522 964 310 676
25 704 378 504 825 668 479 606 576 589 906 656 528 491 556 610 549 563 124 257 809 691 488 383 206 207 903 528 797 660 207 657 483 700 224 835
26 663 733 294 674 497 550 661 339 963 680 1021 346 410 1049 1087 1057 807 966 581 972 367 812 938 532 849 752 1118 878 1107 969 1067 1056 848 539 762
27 271 679 321 938 1217 1173 1040 484 409 516 1173 1128 887 1172 1191 1141 685 423 558 736 962 943 1132 1002 718 1154 325 1222 1111 1001 827 957 1182 847 205
28 232 411 305 167 472 276 182 505 96 377 308 361 441 102 414 181 446 479 198 86 435 290 463 433 493 483 483 210 365 389 293 465 507 344 498
29 202 183 598 759 109 742 739 715 798 356 619 767 699 758 122 506 610 662 800 528 441 716 609 564 504 529 204 662 773 618 186 745 432 414 548
30 214 555 519 874 431 754 827 606 639 277 897 674 535 765 316 726 742 780 618 689 902 506 638 448 869 621 508 428 914 934 299 293 901 669 791
;

param:   cost_bundl  marginal :=
1 123 120
2 186 135
3 151 145
4 160 182
5 135 45
6 87 92
7 123 134
8 151 180
9 73 138
10 97 133
11 83 174
12 184 131
13 115 98
14 142 139
15 164 84
16 147 65
17 114 166
18 142 130
19 123 37
20 151 180
21 143 134
22 36 76
23 19 169
24 175 83
25 80 164
26 165 19
27 137 167
28 96 129
29 182 169
30 110 88
31 45 128
32 143 108
33 172 178
34 162 163
35 71 125
;
param: buyer budget :=
  0 501
  1 1097
  2 844
  3 1015
  4 502
  5 846
  6 990
  7 1231
  8 993
  9 998
  10 1179
  11 445
  12 1211
  13 718
  14 1010
  15 356
  16 754
  17 72
  18 177
  19 542
  20 679
  21 949
  22 942
  23 134
  24 322
  25 650
  26 686
  27 447
  28 906
  29 550
;
param num_partition :=
2
;
param: item partition_index cardinality :=
0 0 16
1 0 27
2 0 9
3 0 8
4 0 1
5 0 5
6 0 28
7 0 23
8 0 27
9 0 29
10 0 8
11 0 1
12 0 12
13 0 27
14 0 13
15 0 13
16 0 21
17 0 2
18 0 8
19 0 3
20 0 23
21 0 5
22 0 27
23 0 1
24 0 21
25 0 9
26 0 22
27 0 22
28 0 27
29 0 10
30 0 27
31 0 25
32 0 14
33 0 18
34 0 6
