param num_bundles := 15;

param num_cust := 20;

param price_reserve :
   1 2 3 4 5 6 7 8 9 10 11 12 13 14 15 :=
1 352 416 195 84 335 411 419 182 401 303 387 409 240 395 25
2 120 277 287 287 161 295 242 176 231 224 140 270 192 201 221
3 102 45 102 95 54 82 62 84 117 104 66 117 104 91 91
4 157 229 541 426 292 463 534 73 204 492 518 0 442 183 389
5 98 111 102 138 219 175 90 83 295 245 260 147 280 175 246
6 514 506 420 270 407 417 492 267 433 452 421 276 415 269 377
7 272 189 214 358 404 347 394 250 410 373 251 384 153 158 349
8 82 81 78 93 115 80 107 55 56 118 56 88 96 104 90
9 298 210 294 145 114 336 360 348 322 286 201 263 299 277 180
10 167 444 436 437 296 396 399 189 413 303 87 171 369 159 399
11 210 57 244 256 253 173 184 162 30 190 305 135 305 217 223
12 272 515 110 261 383 389 432 368 478 509 457 305 169 396 241
13 174 140 169 87 394 338 235 392 291 312 373 209 342 231 360
14 460 563 158 276 384 480 189 428 231 400 395 523 434 479 422
15 168 539 473 524 533 336 89 488 362 445 259 479 390 103 245
16 83 90 46 60 120 81 44 99 57 120 122 76 62 88 107
17 341 65 117 413 235 277 176 317 304 355 372 332 328 334 345
18 403 445 306 329 434 241 200 408 260 422 416 107 467 286 414
19 196 318 475 262 283 395 365 359 272 430 327 55 353 476 139
20 166 224 314 218 72 146 354 86 162 199 172 286 164 328 323
;

param:   cost_bundl  marginal :=
1 49 95
2 79 92
3 94 49
4 87 56
5 43 68
6 91 103
7 16 104
8 93 84
9 42 67
10 96 51
11 70 110
12 68 88
13 82 114
14 79 98
15 104 78
;
param: buyer budget :=
  0 210
  1 391
  2 35
  3 58
  4 110
  5 419
  6 163
  7 349
  8 328
  9 251
  10 518
  11 433
  12 39
  13 394
  14 76
  15 403
  16 476
  17 287
  18 145
  19 400
;
param num_partition :=
2
;
param: item partition_index cardinality :=
0 0 1
1 0 2
2 0 19
3 0 6
4 0 9
5 0 18
6 0 12
7 0 9
8 0 4
9 0 18
10 0 1
11 0 19
12 0 12
13 0 16
14 0 19
