param num_bundles := 15;

param num_cust := 20;

param price_reserve :
   1 2 3 4 5 6 7 8 9 10 11 12 13 14 15 :=
1 381 230 137 345 346 272 206 427 263 389 306 341 393 366 317
2 368 294 272 279 235 182 214 370 290 83 339 287 361 128 366
3 366 298 189 329 392 303 350 283 420 145 210 409 138 67 340
4 305 185 238 317 34 256 224 220 209 342 337 307 91 46 248
5 325 367 209 43 115 415 417 450 429 252 215 448 443 434 428
6 568 452 477 407 468 84 541 323 396 205 548 502 487 443 377
7 331 454 215 409 409 219 289 451 389 450 282 226 329 312 371
8 235 389 257 365 224 343 371 340 203 350 341 377 304 313 359
9 207 188 192 284 262 292 317 291 122 128 296 183 321 252 246
10 56 94 108 42 112 39 90 37 108 12 94 41 96 31 49
11 162 205 85 243 186 219 20 219 231 190 152 95 183 62 199
12 532 488 456 533 519 284 14 474 314 359 435 475 511 106 390
13 396 343 390 379 312 149 421 402 162 414 295 204 345 120 198
14 266 491 188 194 527 485 330 387 503 290 455 492 510 140 405
15 466 101 444 422 502 148 246 274 419 233 297 454 226 507 459
16 193 436 477 459 478 159 431 462 429 443 371 207 483 289 361
17 206 363 454 421 312 263 292 335 120 480 460 253 368 395 218
18 410 470 479 185 177 147 230 65 483 431 346 132 174 52 288
19 442 548 363 501 494 261 561 144 424 268 482 416 259 545 456
20 223 250 317 221 268 253 143 192 273 244 253 256 293 307 41
;

param:   cost_bundl  marginal :=
1 34 88
2 69 68
3 98 112
4 71 88
5 75 54
6 95 84
7 104 13
8 100 67
9 85 46
10 68 81
11 53 44
12 45 83
13 45 105
14 76 60
15 91 115
;
param: buyer budget :=
  0 535
  1 233
  2 130
  3 486
  4 310
  5 281
  6 415
  7 516
  8 35
  9 28
  10 280
  11 356
  12 216
  13 88
  14 348
  15 28
  16 408
  17 157
  18 475
  19 300
;
param num_partition :=
2
;
param: item partition_index cardinality :=
0 0 18
1 0 18
2 0 8
3 0 2
4 0 13
5 0 14
6 0 18
7 0 3
8 0 8
9 0 14
10 0 7
11 0 19
12 0 16
13 0 4
14 0 11
