param num_bundles := 15;

param num_cust := 20;

param price_reserve :
   1 2 3 4 5 6 7 8 9 10 11 12 13 14 15 :=
1 20 92 120 36 106 56 106 104 49 99 90 67 111 109 63
2 413 406 402 261 126 344 453 450 233 273 264 298 451 302 435
3 365 445 328 222 434 191 354 425 319 281 401 288 419 437 275
4 219 164 106 85 92 200 183 206 207 106 217 239 158 239 137
5 45 381 382 302 393 179 195 196 137 341 388 367 161 260 291
6 121 100 109 88 48 85 35 93 82 82 112 108 98 62 111
7 313 110 105 438 372 434 306 543 499 423 470 542 415 278 412
8 90 170 292 324 232 264 130 329 94 328 175 99 290 275 209
9 429 449 434 384 251 307 279 305 161 354 446 435 388 416 425
10 417 420 181 425 472 72 303 85 509 424 141 441 338 79 414
11 481 348 486 176 448 427 434 265 351 499 371 368 438 485 338
12 61 56 84 64 26 115 51 47 76 90 51 120 29 96 100
13 214 217 344 376 224 352 39 243 400 348 356 307 254 427 318
14 422 417 198 433 537 542 186 139 436 344 484 416 544 520 451
15 32 375 352 93 189 304 347 367 203 151 116 75 242 392 260
16 488 307 286 288 117 346 187 409 431 254 495 336 538 432 371
17 56 117 73 110 118 113 98 94 113 52 109 51 120 92 21
18 260 301 331 307 236 303 273 409 231 296 405 319 153 164 198
19 84 438 243 461 154 267 116 378 470 476 444 310 74 236 215
20 214 395 264 312 509 457 206 459 361 167 438 438 154 241 472
;

param:   cost_bundl  marginal :=
1 122 56
2 45 78
3 97 118
4 103 25
5 115 37
6 100 56
7 55 93
8 120 87
9 52 27
10 84 103
11 92 57
12 41 79
13 105 114
14 93 65
15 107 41
;
param: buyer budget :=
  0 315
  1 36
  2 323
  3 22
  4 283
  5 532
  6 516
  7 417
  8 68
  9 485
  10 31
  11 135
  12 110
  13 407
  14 417
  15 524
  16 191
  17 208
  18 215
  19 348
;
param num_partition :=
2
;
param: item partition_index cardinality :=
0 0 8
1 0 7
2 0 3
3 0 16
4 0 8
5 0 17
6 0 6
7 0 18
8 0 10
9 0 2
10 0 10
11 0 4
12 0 4
13 0 15
14 0 4
