param num_bundles := 15;

param num_cust := 20;

param price_reserve :
   1 2 3 4 5 6 7 8 9 10 11 12 13 14 15 :=
1 214 199 223 268 306 278 177 279 217 135 324 292 147 307 81
2 227 357 386 451 405 453 260 317 263 472 268 226 354 365 191
3 470 225 423 448 317 189 505 368 357 303 418 205 459 158 305
4 91 135 330 285 55 266 131 154 196 215 103 242 167 339 109
5 408 302 415 461 401 202 367 508 403 546 180 299 515 395 470
6 193 479 446 90 221 490 203 506 478 324 464 326 285 351 380
7 270 112 229 32 149 400 164 73 155 309 226 394 208 258 418
8 328 137 263 185 198 327 312 145 141 119 285 148 284 246 224
9 334 268 159 286 134 290 262 135 235 213 345 354 251 306 185
10 111 485 336 243 464 463 284 278 488 262 317 72 365 411 404
11 87 104 0 96 26 33 70 94 20 40 22 60 46 100 66
12 36 280 293 334 147 179 318 253 322 320 343 271 290 320 249
13 117 179 293 109 367 336 252 164 163 271 388 385 384 127 292
14 92 44 282 255 235 171 273 195 162 150 85 121 151 279 243
15 339 521 543 252 121 502 221 207 468 361 197 464 240 318 385
16 199 39 184 213 210 241 182 115 69 139 233 94 167 205 143
17 200 151 227 210 223 229 139 208 192 169 154 201 197 140 156
18 310 474 309 487 387 384 329 417 385 185 132 423 126 399 283
19 411 404 319 407 403 377 164 232 220 275 362 389 125 378 282
20 263 407 329 417 413 412 117 234 140 101 398 356 146 436 442
;

param:   cost_bundl  marginal :=
1 77 13
2 98 35
3 78 117
4 57 96
5 26 25
6 69 105
7 88 112
8 19 38
9 102 113
10 71 30
11 61 65
12 62 58
13 89 106
14 51 48
15 30 108
;
param: buyer budget :=
  0 392
  1 263
  2 392
  3 321
  4 309
  5 511
  6 329
  7 508
  8 191
  9 347
  10 157
  11 438
  12 439
  13 259
  14 519
  15 121
  16 136
  17 300
  18 459
  19 536
;
param num_partition :=
2
;
param: item partition_index cardinality :=
0 0 2
1 0 11
2 0 8
3 0 17
4 0 16
5 0 9
6 0 5
7 0 9
8 0 2
9 0 16
10 0 17
11 0 5
12 0 14
13 0 3
14 0 8
