param num_bundles := 15;

param num_cust := 20;

param price_reserve :
   1 2 3 4 5 6 7 8 9 10 11 12 13 14 15 :=
1 83 107 64 97 82 89 0 105 115 114 104 69 84 101 35
2 235 126 346 383 462 445 396 239 259 396 288 465 302 336 385
3 388 436 469 396 313 459 541 61 355 503 452 113 173 246 210
4 251 384 165 138 270 282 63 337 394 298 56 322 186 383 216
5 202 93 228 172 170 294 150 107 254 149 280 312 239 297 129
6 459 316 294 390 248 113 406 331 307 561 559 238 561 521 530
7 278 473 305 127 500 533 100 527 508 109 136 380 115 176 425
8 87 128 194 280 250 254 181 318 328 295 158 278 303 277 212
9 271 397 337 463 422 492 328 159 315 225 429 402 383 519 342
10 360 518 139 61 367 356 390 466 320 309 369 133 517 115 407
11 354 301 257 261 324 287 348 89 331 132 256 211 216 278 231
12 61 322 215 462 300 201 352 201 127 498 313 324 97 476 405
13 181 270 79 385 345 371 395 371 315 205 297 375 287 351 122
14 439 518 263 444 136 448 405 241 503 405 461 379 517 422 510
15 306 203 335 315 190 300 211 329 340 360 258 345 336 245 343
16 127 106 176 188 203 85 434 509 388 281 292 329 334 483 332
17 59 8 39 105 101 92 35 110 39 12 89 59 115 24 113
18 503 405 481 448 375 437 317 316 270 328 328 274 258 404 359
19 519 304 543 105 323 232 341 430 407 280 392 330 208 92 373
20 375 520 499 556 514 148 310 276 323 531 345 489 392 449 446
;

param:   cost_bundl  marginal :=
1 25 16
2 119 82
3 25 121
4 105 119
5 66 57
6 112 49
7 65 94
8 79 59
9 55 118
10 100 113
11 68 103
12 109 112
13 108 96
14 57 100
15 81 95
;
param: buyer budget :=
  0 487
  1 296
  2 423
  3 94
  4 225
  5 308
  6 47
  7 221
  8 148
  9 470
  10 296
  11 115
  12 319
  13 430
  14 196
  15 291
  16 101
  17 322
  18 30
  19 155
;
param num_partition :=
2
;
param: item partition_index cardinality :=
0 0 8
1 0 2
2 0 3
3 0 10
4 0 4
5 0 4
6 0 3
7 0 1
8 0 17
9 0 18
10 0 7
11 0 6
12 0 17
13 0 13
14 0 6
