param num_bundles := 15;

param num_cust := 20;

param price_reserve :
   1 2 3 4 5 6 7 8 9 10 11 12 13 14 15 :=
1 215 314 172 248 474 505 451 303 523 264 524 526 482 490 36
2 171 169 83 374 358 242 160 204 236 229 162 110 286 254 291
3 377 354 310 239 400 411 58 183 402 175 373 301 365 207 329
4 206 92 51 239 165 141 173 131 217 140 213 20 153 114 201
5 154 147 318 374 389 432 477 120 351 272 505 329 496 342 429
6 45 120 74 95 97 117 99 72 54 55 117 121 22 48 89
7 456 230 482 377 506 364 335 189 510 432 388 267 244 427 464
8 61 174 108 33 237 250 134 204 192 216 135 194 216 274 87
9 407 484 426 170 366 399 398 409 483 225 238 245 210 184 231
10 188 174 383 350 250 363 254 350 315 320 317 269 328 139 213
11 325 253 452 432 249 139 392 249 368 378 157 387 462 400 429
12 217 524 389 496 188 187 361 314 431 465 331 446 403 173 480
13 190 72 234 113 176 232 169 111 167 68 234 155 234 210 216
14 464 506 325 227 387 534 504 279 562 549 223 505 210 492 339
15 100 110 90 101 112 72 116 68 106 111 113 81 96 111 109
16 284 318 45 401 447 341 241 355 251 399 402 401 403 379 467
17 194 452 275 476 455 387 186 325 294 447 175 356 135 115 460
18 459 244 465 273 433 192 335 449 389 307 155 265 262 330 284
19 170 330 83 365 55 122 377 295 374 466 418 357 129 477 464
20 512 240 0 471 529 194 264 46 252 533 125 399 367 527 544
;

param:   cost_bundl  marginal :=
1 110 59
2 77 122
3 73 101
4 84 90
5 122 89
6 111 77
7 54 122
8 106 101
9 66 56
10 43 117
11 112 71
12 116 100
13 36 79
14 47 42
15 72 67
;
param: buyer budget :=
  0 250
  1 178
  2 341
  3 1
  4 126
  5 416
  6 26
  7 210
  8 35
  9 377
  10 394
  11 210
  12 172
  13 419
  14 389
  15 425
  16 374
  17 414
  18 374
  19 174
;
param num_partition :=
2
;
param: item partition_index cardinality :=
0 0 8
1 0 2
2 0 15
3 0 9
4 0 14
5 0 18
6 0 2
7 0 1
8 0 17
9 0 6
10 0 7
11 0 14
12 0 8
13 0 7
14 0 1
