param num_bundles := 15;

param num_cust := 20;

param price_reserve :
   1 2 3 4 5 6 7 8 9 10 11 12 13 14 15 :=
1 482 154 356 325 160 413 522 179 324 438 289 303 439 510 125
2 405 479 368 402 514 233 418 396 116 232 79 423 525 313 245
3 339 101 108 346 343 191 280 265 357 81 158 207 315 195 289
4 474 461 307 389 300 350 491 521 349 404 391 223 508 532 181
5 351 386 363 317 385 384 175 295 289 215 343 362 186 145 261
6 48 351 219 149 111 411 311 165 371 105 140 382 415 388 331
7 274 225 119 142 243 75 276 230 48 183 162 289 207 160 209
8 366 200 485 493 500 469 370 434 294 274 353 91 384 487 149
9 141 154 75 132 215 228 207 51 138 213 234 209 32 143 28
10 161 245 231 131 222 183 263 77 274 201 0 291 275 263 210
11 403 301 113 541 204 431 450 299 576 568 524 253 118 472 399
12 231 439 290 486 49 179 373 370 12 342 222 318 194 78 175
13 18 117 78 72 23 94 21 68 103 87 65 111 108 110 109
14 480 412 431 413 504 446 501 165 361 280 418 356 508 432 367
15 157 177 36 201 175 159 153 79 223 201 211 235 157 135 95
16 161 312 220 247 345 211 233 212 208 179 169 228 273 173 293
17 473 141 474 430 141 553 472 513 512 536 356 515 475 238 481
18 371 320 332 409 218 423 257 348 182 222 106 434 105 458 199
19 169 133 196 347 239 332 247 165 270 354 288 208 265 308 67
20 227 444 310 349 251 170 466 398 460 341 199 93 224 419 402
;

param:   cost_bundl  marginal :=
1 97 90
2 79 77
3 108 117
4 32 100
5 88 90
6 53 105
7 7 67
8 104 90
9 106 62
10 101 107
11 70 120
12 90 122
13 56 87
14 46 115
15 27 34
;
param: buyer budget :=
  0 399
  1 192
  2 60
  3 209
  4 293
  5 345
  6 431
  7 560
  8 121
  9 363
  10 360
  11 102
  12 15
  13 353
  14 264
  15 124
  16 235
  17 416
  18 433
  19 547
;
param num_partition :=
2
;
param: item partition_index cardinality :=
0 0 8
1 0 5
2 0 3
3 0 8
4 0 14
5 0 7
6 0 19
7 0 10
8 0 16
9 0 10
10 0 19
11 0 19
12 0 16
13 0 17
14 0 8
