param num_bundles := 15;

param num_cust := 20;

param price_reserve :
   1 2 3 4 5 6 7 8 9 10 11 12 13 14 15 :=
1 138 450 297 347 401 314 427 415 325 329 475 383 426 118 450
2 338 141 342 374 299 333 210 204 127 336 108 349 400 271 334
3 187 171 346 349 402 346 401 99 314 240 265 438 360 228 152
4 365 349 346 365 72 256 262 358 272 313 262 253 280 363 353
5 416 509 416 307 374 299 187 175 290 434 488 260 387 486 497
6 174 147 194 241 117 161 322 363 34 346 326 339 84 193 176
7 139 401 413 387 359 409 254 437 276 211 315 378 270 402 420
8 376 288 481 211 271 543 543 259 202 384 320 90 453 131 204
9 191 210 265 329 221 243 328 78 209 120 329 177 302 162 59
10 248 270 187 287 275 182 190 240 255 56 276 265 249 281 223
11 434 201 304 425 443 357 411 435 402 120 378 371 415 359 305
12 443 348 242 389 153 454 363 426 440 349 316 420 535 273 419
13 518 187 462 269 313 298 302 254 459 223 385 168 395 500 353
14 297 257 334 97 390 52 222 343 120 216 337 340 333 297 285
15 355 185 236 256 282 186 217 299 88 236 202 247 295 124 161
16 238 312 397 455 458 466 357 284 431 182 452 452 180 242 286
17 538 515 475 558 561 188 531 433 238 149 311 546 361 220 482
18 204 165 224 227 118 172 204 207 161 54 51 241 216 234 222
19 264 564 307 220 409 308 297 394 149 328 547 423 345 129 530
20 117 82 47 110 85 50 72 101 70 20 121 96 83 72 26
;

param:   cost_bundl  marginal :=
1 106 42
2 73 95
3 89 37
4 35 61
5 92 96
6 94 79
7 109 83
8 72 110
9 112 93
10 33 121
11 102 6
12 116 82
13 39 92
14 113 63
15 116 97
;
param: buyer budget :=
  0 558
  1 139
  2 422
  3 549
  4 260
  5 39
  6 133
  7 38
  8 306
  9 136
  10 32
  11 161
  12 67
  13 552
  14 423
  15 110
  16 518
  17 453
  18 331
  19 399
;
param num_partition :=
2
;
param: item partition_index cardinality :=
0 0 15
1 0 19
2 0 19
3 0 12
4 0 19
5 0 16
6 0 2
7 0 5
8 0 13
9 0 5
10 0 3
11 0 12
12 0 7
13 0 6
14 0 11
