param num_bundles := 15;

param num_cust := 20;

param price_reserve :
   1 2 3 4 5 6 7 8 9 10 11 12 13 14 15 :=
1 173 405 364 331 308 337 428 65 68 334 144 435 246 304 280
2 440 399 219 207 322 410 400 209 483 151 266 138 131 360 483
3 455 379 192 63 312 310 349 299 323 372 291 276 202 487 302
4 379 276 205 318 258 89 372 365 205 331 368 429 126 207 165
5 228 225 303 88 232 127 269 285 210 226 326 91 306 154 172
6 94 175 239 200 160 69 223 207 178 151 149 119 46 148 153
7 400 442 295 306 376 90 221 80 518 469 441 277 512 475 464
8 308 418 328 460 443 290 298 263 264 367 428 166 512 501 521
9 111 97 20 16 111 67 122 51 60 88 57 82 62 85 116
10 481 543 426 440 421 395 540 341 144 373 137 496 14 199 387
11 71 31 82 98 90 103 97 71 95 52 54 49 70 112 24
12 506 441 488 209 123 382 245 333 261 312 400 504 464 315 146
13 489 188 465 208 249 476 522 329 282 96 365 533 413 289 284
14 377 529 391 522 529 528 543 441 370 378 232 509 389 97 316
15 426 304 328 221 295 209 403 396 353 352 445 462 487 40 263
16 131 229 181 338 66 89 249 271 233 243 240 211 44 324 317
17 500 123 379 365 451 280 0 375 157 137 421 472 458 305 488
18 282 308 279 298 103 211 231 312 145 261 148 201 199 155 221
19 63 80 109 116 32 43 94 99 60 85 115 118 53 117 34
20 133 261 173 92 336 323 102 258 203 344 179 282 215 188 260
;

param:   cost_bundl  marginal :=
1 99 109
2 61 75
3 91 120
4 103 81
5 79 111
6 10 110
7 108 103
8 111 53
9 84 36
10 83 47
11 81 26
12 80 120
13 59 104
14 91 27
15 81 43
;
param: buyer budget :=
  0 281
  1 47
  2 412
  3 113
  4 172
  5 249
  6 257
  7 74
  8 445
  9 456
  10 412
  11 17
  12 452
  13 285
  14 165
  15 124
  16 491
  17 187
  18 116
  19 298
;
param num_partition :=
2
;
param: item partition_index cardinality :=
0 0 10
1 0 12
2 0 10
3 0 18
4 0 16
5 0 11
6 0 13
7 0 12
8 0 8
9 0 16
10 0 16
11 0 7
12 0 2
13 0 5
14 0 6
