param num_bundles := 15;

param num_cust := 20;

param price_reserve :
   1 2 3 4 5 6 7 8 9 10 11 12 13 14 15 :=
1 464 289 254 372 279 477 362 423 359 488 251 298 281 375 495
2 348 447 244 215 449 514 207 110 356 509 256 274 294 178 299
3 347 491 407 395 317 508 267 405 511 501 187 162 509 334 201
4 395 419 54 313 396 360 470 205 370 411 498 318 469 505 473
5 184 260 198 13 97 249 321 237 118 209 306 324 227 364 361
6 209 322 110 306 310 324 113 132 255 330 316 278 315 325 184
7 188 227 243 204 21 111 103 200 193 232 234 23 114 159 83
8 379 452 382 448 270 364 578 318 356 284 515 501 232 539 216
9 359 436 160 482 538 331 214 264 359 368 442 572 496 181 384
10 167 290 537 472 90 307 521 191 123 468 349 279 470 345 209
11 419 393 467 422 195 343 226 248 384 500 490 395 522 260 276
12 69 92 112 117 105 86 112 108 59 68 111 101 95 75 24
13 341 456 351 262 265 208 458 176 376 215 425 464 523 348 112
14 463 493 464 252 213 496 333 389 499 497 336 493 473 418 432
15 390 176 418 281 139 57 350 146 178 101 410 371 167 296 141
16 333 439 394 303 238 475 245 228 334 244 277 210 249 455 280
17 484 351 425 283 498 375 386 427 130 342 203 275 238 417 287
18 431 295 375 389 417 373 176 401 303 423 423 431 447 447 418
19 289 419 371 210 462 498 500 481 284 285 363 356 418 521 420
20 526 329 399 368 464 268 525 428 301 359 56 566 0 217 387
;

param:   cost_bundl  marginal :=
1 19 55
2 34 119
3 118 65
4 100 119
5 101 27
6 95 44
7 115 71
8 88 98
9 108 113
10 22 29
11 44 91
12 59 33
13 41 104
14 115 105
15 113 81
;
param: buyer budget :=
  0 231
  1 238
  2 167
  3 475
  4 196
  5 140
  6 100
  7 343
  8 214
  9 51
  10 117
  11 398
  12 194
  13 446
  14 150
  15 448
  16 468
  17 450
  18 121
  19 478
;
param num_partition :=
2
;
param: item partition_index cardinality :=
0 0 7
1 0 16
2 0 12
3 0 6
4 0 12
5 0 16
6 0 15
7 0 17
8 0 1
9 0 14
10 0 16
11 0 3
12 0 7
13 0 11
14 0 2
