param num_bundles := 25;

param num_cust := 20;

param price_reserve :
   1 2 3 4 5 6 7 8 9 10 11 12 13 14 15 16 17 18 19 20 21 22 23 24 25 :=
1 193 184 679 713 361 669 172 514 540 293 698 387 633 29 646 416 674 471 534 575 425 607 599 676 335
2 139 486 550 81 655 280 508 283 325 543 519 570 607 559 628 440 607 257 555 363 661 658 465 673 275
3 474 86 743 752 655 360 204 719 471 271 845 475 99 303 654 615 774 586 392 828 520 88 793 368 353
4 172 499 626 507 605 396 264 462 579 490 126 670 595 446 594 680 487 527 623 274 472 478 597 79 538
5 747 530 759 601 208 726 528 563 683 463 663 332 462 357 664 619 746 765 616 779 258 183 495 295 595
6 137 310 340 313 382 259 287 257 255 310 155 375 141 347 53 306 420 261 419 246 353 288 232 372 307
7 392 452 634 658 345 494 189 428 657 718 784 524 617 400 590 563 735 243 589 687 780 333 680 432 110
8 359 257 296 298 210 216 240 276 78 396 414 51 218 99 399 283 100 424 251 195 180 290 419 322 222
9 428 158 534 614 489 398 389 203 403 558 359 302 592 258 183 539 244 408 502 245 498 314 424 478 404
10 274 399 224 483 657 383 700 202 501 511 405 535 630 593 447 325 682 594 317 437 702 588 610 722 651
11 605 398 149 478 432 520 312 435 379 613 443 725 269 274 676 212 264 573 712 430 459 709 719 706 177
12 207 134 302 197 306 311 56 102 229 123 59 219 277 279 304 172 258 310 202 66 268 132 175 206 219
13 436 71 159 121 405 282 224 384 270 161 103 396 403 51 210 444 416 399 239 374 381 292 379 247 444
14 586 396 329 429 489 644 652 78 697 866 699 814 764 183 864 799 172 572 333 560 709 731 727 304 279
15 338 106 190 127 373 369 379 207 257 177 271 337 284 313 271 217 376 340 328 334 333 352 375 373 289
16 575 262 563 609 509 479 558 386 74 326 601 458 502 331 236 43 559 345 156 223 273 335 480 624 596
17 621 388 641 256 538 411 722 268 214 460 434 572 596 364 311 416 769 757 285 435 735 514 338 716 686
18 890 875 802 696 320 712 861 752 617 233 861 95 635 451 788 514 514 648 648 781 763 813 812 527 784
19 430 642 592 575 401 710 194 434 698 254 581 424 263 694 626 487 532 513 41 434 132 670 484 490 635
20 78 91 53 137 144 40 118 122 142 141 38 61 114 113 110 149 122 155 119 153 77 112 149 44 93
;

param:   cost_bundl  marginal :=
1 127 127
2 67 130
3 125 107
4 120 66
5 147 46
6 124 110
7 114 40
8 23 77
9 140 71
10 111 126
11 72 141
12 95 128
13 79 155
14 119 145
15 156 45
16 119 59
17 125 125
18 139 90
19 90 125
20 55 78
21 137 112
22 148 128
23 106 130
24 84 152
25 153 73
;
param: buyer budget :=
  0 60
  1 1054
  2 748
  3 1175
  4 151
  5 983
  6 1485
  7 1184
  8 422
  9 612
  10 545
  11 1395
  12 62
  13 1649
  14 1757
  15 633
  16 661
  17 942
  18 1425
  19 905
;
param num_partition :=
3
;
param: item partition_index cardinality :=
0 0 1
1 0 13
2 0 5
3 0 8
4 0 18
5 0 19
6 0 15
7 0 7
8 0 18
9 0 8
10 0 15
11 1 17
12 1 1
13 1 14
14 1 5
15 1 6
16 1 6
17 1 4
18 1 8
19 1 2
20 1 2
21 1 19
22 1 11
23 1 11
24 1 7
