param num_bundles := 25;

param num_cust := 20;

param price_reserve :
   1 2 3 4 5 6 7 8 9 10 11 12 13 14 15 16 17 18 19 20 21 22 23 24 25 :=
1 509 409 203 114 570 117 449 461 225 412 188 497 531 536 301 201 523 506 217 455 329 494 381 336 499
2 401 118 281 431 306 390 385 306 394 306 423 139 257 390 178 94 411 306 332 362 293 168 103 226 420
3 375 156 281 182 286 94 147 218 169 270 155 333 338 365 363 306 284 354 355 197 269 332 265 309 232
4 292 362 501 318 313 451 132 379 101 143 511 339 118 262 439 284 498 276 240 434 413 301 463 467 192
5 583 552 709 503 296 469 710 798 412 402 528 614 617 622 459 844 441 808 684 337 494 579 625 806 303
6 175 374 465 198 411 463 466 434 495 152 439 281 542 235 531 538 426 244 525 252 539 463 472 486 502
7 239 785 313 704 585 604 451 557 789 400 658 458 634 520 670 557 618 716 340 453 588 101 654 89 552
8 285 28 205 253 150 134 241 99 313 158 172 185 275 256 271 174 258 305 262 37 277 123 311 173 232
9 785 479 402 148 766 188 203 473 508 627 567 228 857 830 601 796 824 712 822 437 436 787 547 445 667
10 319 225 302 483 269 480 469 500 239 256 166 387 491 211 411 70 220 298 102 432 163 322 100 395 442
11 405 864 555 842 837 860 722 583 619 263 360 689 807 583 474 742 777 734 531 369 738 69 709 577 587
12 610 491 606 553 647 380 637 645 526 252 462 374 134 572 636 539 207 534 651 634 284 237 586 137 371
13 149 78 133 78 125 141 71 113 88 155 140 113 133 99 67 99 46 146 67 103 118 104 143 158 26
14 161 110 280 298 119 231 121 189 375 286 287 312 147 381 139 141 367 262 216 296 266 341 257 201 164
15 283 271 700 711 812 647 650 828 549 209 121 806 717 203 606 512 769 827 506 211 349 572 159 427 782
16 831 809 669 151 745 616 574 476 848 745 821 575 790 508 897 701 470 856 588 522 410 319 712 538 877
17 274 230 296 332 341 358 373 347 155 249 183 368 252 327 281 254 255 66 154 227 355 366 321 319 120
18 599 210 839 439 751 574 737 734 367 827 701 576 661 617 739 485 443 738 858 764 463 372 774 704 590
19 278 369 132 398 514 295 556 470 510 409 388 320 420 436 511 518 388 530 298 408 373 505 275 348 244
20 718 838 831 759 516 391 662 867 718 853 739 307 638 860 618 519 208 643 184 805 754 686 632 178 773
;

param:   cost_bundl  marginal :=
1 44 115
2 94 150
3 137 75
4 132 136
5 94 142
6 153 139
7 152 41
8 83 152
9 123 103
10 148 99
11 157 115
12 114 109
13 132 130
14 42 128
15 144 133
16 57 129
17 94 108
18 93 136
19 12 145
20 97 87
21 86 122
22 110 125
23 120 132
24 66 117
25 75 120
;
param: buyer budget :=
  0 1414
  1 624
  2 626
  3 1549
  4 599
  5 71
  6 817
  7 1169
  8 1087
  9 1020
  10 956
  11 1149
  12 1003
  13 1518
  14 605
  15 1007
  16 1532
  17 683
  18 995
  19 892
;
param num_partition :=
3
;
param: item partition_index cardinality :=
0 0 14
1 0 6
2 0 7
3 0 11
4 0 9
5 0 8
6 0 8
7 0 17
8 0 17
9 0 12
10 0 11
11 0 16
12 0 6
13 0 12
14 0 17
15 0 2
16 0 16
17 0 7
18 0 15
19 0 8
20 0 6
21 1 19
22 1 18
23 1 11
24 1 4
