param num_bundles := 25;

param num_cust := 20;

param price_reserve :
   1 2 3 4 5 6 7 8 9 10 11 12 13 14 15 16 17 18 19 20 21 22 23 24 25 :=
1 836 599 235 575 680 537 438 771 219 312 789 352 524 729 673 876 294 462 172 360 778 841 420 585 894
2 548 652 159 792 778 531 419 422 375 173 567 698 726 553 764 472 318 806 415 729 255 697 156 791 229
3 83 442 402 490 418 502 408 199 388 412 434 481 250 374 363 392 139 258 305 443 350 454 176 247 274
4 562 398 274 183 131 366 458 582 593 784 353 679 696 214 346 739 769 632 735 750 661 219 190 448 489
5 81 295 444 128 451 498 434 504 404 196 478 214 219 313 114 419 452 294 325 342 389 145 253 331 302
6 600 217 638 447 918 697 424 321 454 716 818 907 778 792 687 846 388 688 253 767 833 883 450 745 482
7 434 160 675 208 282 762 884 384 775 857 814 755 467 483 799 922 928 409 550 830 931 758 739 601 458
8 180 283 374 182 279 280 374 399 139 138 393 352 231 314 278 352 38 328 125 197 266 239 383 430 186
9 697 553 725 476 409 757 634 314 210 783 658 829 567 339 760 350 596 367 669 840 594 444 741 700 572
10 210 690 189 504 757 758 682 713 579 350 527 451 526 626 609 778 518 343 546 594 103 449 154 228 629
11 416 687 399 827 219 543 652 382 767 818 369 706 558 560 366 150 513 701 806 526 801 289 641 644 820
12 139 199 240 479 321 618 253 356 315 574 556 405 123 586 221 174 522 616 399 425 547 368 148 613 626
13 328 220 342 234 131 36 318 417 410 310 275 333 104 318 179 273 44 277 301 266 276 292 418 232 113
14 207 465 396 748 544 706 371 674 613 524 688 749 661 745 605 588 274 721 546 619 448 491 539 730 158
15 322 342 333 375 303 412 427 282 186 184 158 230 218 273 403 209 386 322 425 276 251 384 390 401 279
16 317 477 524 494 460 383 376 488 438 391 272 409 418 510 554 458 553 315 516 356 249 141 357 543 361
17 615 446 482 497 296 556 419 525 666 676 666 352 563 461 294 584 592 94 563 517 609 575 664 297 652
18 140 395 484 349 461 419 316 375 373 518 439 574 516 454 282 470 508 538 515 521 170 328 560 530 353
19 325 341 62 164 291 117 346 269 338 98 330 227 300 190 188 170 191 226 267 128 298 274 246 297 307
20 103 93 117 133 108 107 50 148 128 56 144 25 114 154 58 52 123 116 40 67 83 124 83 86 105
;

param:   cost_bundl  marginal :=
1 121 134
2 71 67
3 149 80
4 131 134
5 96 112
6 142 21
7 111 126
8 115 149
9 137 128
10 126 125
11 89 136
12 147 112
13 126 98
14 107 121
15 100 126
16 86 99
17 87 114
18 133 102
19 34 109
20 134 122
21 157 127
22 97 127
23 123 61
24 110 66
25 151 84
;
param: buyer budget :=
  0 1645
  1 1631
  2 687
  3 442
  4 1642
  5 1415
  6 761
  7 1093
  8 1795
  9 577
  10 1579
  11 1219
  12 1559
  13 912
  14 1303
  15 1406
  16 888
  17 1734
  18 361
  19 966
;
param num_partition :=
3
;
param: item partition_index cardinality :=
0 0 9
1 0 8
2 0 14
3 0 8
4 0 12
5 0 2
6 0 8
7 0 13
8 0 1
9 0 1
10 0 19
11 0 10
12 0 3
13 0 10
14 0 1
15 0 5
16 0 5
17 0 17
18 0 12
19 0 14
20 0 12
21 0 1
22 0 2
23 1 7
24 1 11
