param num_bundles := 25;

param num_cust := 20;

param price_reserve :
   1 2 3 4 5 6 7 8 9 10 11 12 13 14 15 16 17 18 19 20 21 22 23 24 25 :=
1 602 813 342 733 377 817 654 436 506 703 544 802 327 372 404 616 826 164 782 782 408 203 593 674 788
2 267 251 121 275 317 365 175 422 358 249 286 416 12 315 357 322 315 417 251 340 379 354 381 229 281
3 680 567 282 653 487 444 655 531 650 197 214 573 129 159 559 522 608 688 432 453 117 595 347 631 502
4 331 62 348 357 316 231 404 354 409 351 350 158 246 271 401 334 159 288 370 314 397 386 344 279 354
5 282 545 654 141 492 619 632 495 513 598 582 219 645 566 528 327 343 337 474 649 520 219 540 217 230
6 249 323 532 71 542 408 488 489 409 357 482 278 529 368 533 544 327 382 488 409 346 503 384 406 514
7 504 755 502 713 777 796 695 528 535 805 583 731 825 509 654 787 213 651 703 397 553 742 654 835 555
8 353 482 211 541 562 521 326 276 419 381 405 437 558 519 477 360 229 569 548 436 401 472 450 297 484
9 375 468 531 356 428 271 215 464 229 581 421 305 453 204 479 509 576 576 296 573 410 403 393 78 524
10 683 546 523 553 202 783 740 315 778 565 308 791 556 624 843 813 821 522 146 401 163 766 310 678 693
11 404 629 854 516 673 357 396 827 421 599 246 24 759 229 567 692 610 876 458 551 441 549 824 661 697
12 418 294 492 347 579 504 309 397 569 484 580 273 516 515 398 564 567 390 340 401 419 545 580 333 389
13 595 790 431 527 801 514 410 680 450 144 792 488 746 788 670 660 467 705 507 630 714 16 473 654 487
14 740 740 792 305 800 815 561 685 536 340 877 616 769 811 647 695 778 907 598 821 620 217 834 823 823
15 258 621 704 836 534 558 628 512 548 805 373 612 647 742 480 755 665 406 730 880 330 824 359 619 754
16 502 446 57 166 165 206 509 380 401 45 328 123 624 582 545 456 441 629 505 512 581 302 436 388 559
17 429 221 349 445 466 212 351 245 241 288 112 447 149 450 405 238 423 345 387 220 360 244 324 484 318
18 380 847 740 785 266 420 443 872 466 812 714 307 912 167 458 751 431 824 808 790 616 824 547 909 850
19 673 202 291 79 165 138 570 498 345 588 560 656 379 439 627 606 656 611 613 542 554 687 294 629 629
20 333 224 183 269 333 296 265 224 189 373 456 472 360 397 354 298 266 263 457 123 229 471 234 352 349
;

param:   cost_bundl  marginal :=
1 155 90
2 146 151
3 155 119
4 91 152
5 144 65
6 105 53
7 156 114
8 136 83
9 121 125
10 48 143
11 114 149
12 140 101
13 135 100
14 97 149
15 136 141
16 104 137
17 61 148
18 140 155
19 46 99
20 103 145
21 90 43
22 126 83
23 145 128
24 127 153
25 133 61
;
param: buyer budget :=
  0 1592
  1 988
  2 1096
  3 1621
  4 109
  5 484
  6 1234
  7 950
  8 1585
  9 508
  10 1184
  11 628
  12 1556
  13 1315
  14 203
  15 1080
  16 779
  17 1776
  18 316
  19 264
;
param num_partition :=
3
;
param: item partition_index cardinality :=
0 0 10
1 0 15
2 0 19
3 0 14
4 0 9
5 0 3
6 0 3
7 0 12
8 0 4
9 1 6
10 1 15
11 1 3
12 1 5
13 1 18
14 1 18
15 1 4
16 1 7
17 1 4
18 1 17
19 1 10
20 1 2
21 1 3
22 1 11
23 1 2
24 1 4
