param num_bundles := 25;

param num_cust := 20;

param price_reserve :
   1 2 3 4 5 6 7 8 9 10 11 12 13 14 15 16 17 18 19 20 21 22 23 24 25 :=
1 167 137 36 291 263 249 215 237 118 261 200 295 241 126 297 123 313 273 186 255 176 239 290 237 302
2 607 767 770 677 494 786 749 841 180 583 794 602 490 704 805 719 585 517 172 625 338 659 775 608 481
3 140 79 43 127 37 97 121 49 128 141 132 152 141 20 46 61 116 47 129 86 128 153 94 116 106
4 178 878 642 508 367 103 133 784 857 651 415 474 585 697 80 475 756 561 425 752 71 812 616 789 778
5 578 307 577 553 655 698 503 663 410 670 470 252 645 516 540 590 188 255 516 252 432 201 462 594 307
6 711 799 661 787 354 352 596 119 633 811 311 715 786 223 748 610 665 614 531 162 341 389 701 827 688
7 692 858 564 112 834 719 828 127 541 536 510 804 747 898 260 833 675 814 849 692 764 526 768 609 716
8 242 485 230 670 694 642 670 748 648 152 458 433 774 732 593 611 545 373 436 762 183 661 337 741 358
9 153 316 79 561 497 233 438 506 407 269 674 300 105 425 454 578 673 523 283 246 594 668 451 91 467
10 367 372 263 414 237 382 276 141 420 525 324 495 452 283 425 335 197 364 179 49 376 544 206 491 345
11 156 117 61 87 137 28 117 144 153 98 43 107 23 113 115 62 121 143 71 95 131 58 30 61 107
12 682 732 253 622 452 758 262 281 713 340 207 718 257 318 494 469 551 783 822 691 820 373 798 800 652
13 458 574 428 525 349 717 224 625 630 593 580 266 897 763 487 818 820 895 768 707 859 633 601 777 598
14 687 248 427 661 638 273 712 473 341 644 394 381 482 89 618 646 645 343 80 418 720 364 502 594 525
15 40 63 43 138 105 145 154 118 102 39 107 73 111 118 118 122 111 76 40 105 134 143 112 150 134
16 539 320 363 398 558 296 153 502 585 589 179 392 397 505 486 549 288 203 286 524 365 101 388 486 452
17 61 160 158 262 231 267 295 250 281 129 79 197 226 207 251 214 186 265 224 173 311 240 112 188 294
18 694 433 611 581 341 419 314 577 707 693 445 705 618 448 407 215 708 648 423 607 496 298 89 614 313
19 606 622 610 698 446 512 668 564 301 549 546 710 653 316 581 531 614 677 777 636 717 494 628 716 569
20 680 835 223 507 320 627 794 637 683 796 886 306 225 841 472 773 869 237 710 393 800 885 755 106 875
;

param:   cost_bundl  marginal :=
1 156 111
2 126 115
3 104 73
4 95 70
5 113 83
6 72 151
7 145 51
8 134 79
9 149 61
10 120 103
11 110 108
12 108 151
13 133 116
14 126 132
15 73 96
16 133 49
17 55 76
18 140 155
19 119 101
20 104 80
21 13 143
22 147 85
23 135 24
24 157 105
25 107 77
;
param: buyer budget :=
  0 75
  1 967
  2 1051
  3 196
  4 1597
  5 1465
  6 1777
  7 1025
  8 620
  9 128
  10 1700
  11 664
  12 1793
  13 153
  14 1591
  15 228
  16 1650
  17 1052
  18 1378
  19 660
;
param num_partition :=
3
;
param: item partition_index cardinality :=
0 0 16
1 0 7
2 0 8
3 0 1
4 0 8
5 0 1
6 0 2
7 0 7
8 0 17
9 0 8
10 0 17
11 0 3
12 0 16
13 0 13
14 0 2
15 0 9
16 1 4
17 1 4
18 1 14
19 1 7
20 1 13
21 1 1
22 1 9
23 1 5
24 1 13
