param num_bundles := 25;

param num_cust := 20;

param price_reserve :
   1 2 3 4 5 6 7 8 9 10 11 12 13 14 15 16 17 18 19 20 21 22 23 24 25 :=
1 498 236 667 293 649 132 645 417 576 303 439 164 608 327 507 609 488 445 568 669 365 589 457 558 606
2 652 604 511 323 334 594 336 106 573 92 657 277 455 648 605 600 571 543 579 297 588 545 256 418 637
3 327 378 369 314 347 201 168 196 108 293 315 275 336 368 31 161 252 333 360 369 305 356 242 104 307
4 375 390 377 195 418 224 188 490 415 239 230 378 393 83 402 488 262 324 341 338 510 499 271 462 453
5 629 257 792 340 817 566 148 709 774 314 717 84 466 91 396 412 843 271 700 180 728 788 311 815 829
6 172 345 446 657 442 701 454 542 707 576 646 431 552 452 538 268 425 315 603 195 675 423 622 670 156
7 391 481 615 796 560 778 565 819 458 354 782 596 550 557 219 640 804 391 738 725 135 692 329 666 482
8 142 143 43 145 138 111 114 121 87 152 123 119 28 113 81 96 97 122 156 103 85 156 31 89 105
9 500 326 379 215 315 489 580 189 432 126 590 158 603 583 310 66 221 466 159 400 441 106 169 459 528
10 620 698 602 265 333 514 640 508 342 588 400 296 549 561 524 568 644 491 396 547 64 413 445 670 645
11 213 345 361 178 359 74 336 349 160 317 148 260 362 225 312 249 278 281 287 312 317 185 307 253 132
12 140 204 301 483 354 124 393 371 374 540 222 460 514 412 539 431 477 302 506 545 484 443 365 505 115
13 859 756 531 426 195 714 658 724 52 684 606 888 884 859 129 550 327 778 819 731 644 894 798 226 882
14 604 91 769 616 621 335 175 582 519 353 464 767 790 840 386 799 86 433 779 492 223 89 747 780 690
15 232 650 461 742 345 213 441 121 419 693 581 520 448 521 299 667 192 123 643 502 597 661 98 747 721
16 231 375 311 552 234 267 552 72 563 459 74 192 573 543 562 351 403 248 563 347 360 566 496 290 283
17 592 322 424 237 521 315 268 413 0 366 640 417 717 218 546 673 524 452 627 442 627 626 655 426 387
18 186 242 323 215 235 184 353 302 338 362 215 192 131 261 375 215 331 149 189 305 310 201 244 292 251
19 673 717 530 679 663 395 695 662 691 549 150 734 447 546 178 489 679 473 625 644 785 222 385 715 368
20 448 321 542 642 208 313 653 123 459 695 696 339 579 606 649 325 131 196 533 471 677 320 604 595 215
;

param:   cost_bundl  marginal :=
1 99 51
2 89 56
3 126 16
4 84 151
5 145 66
6 95 99
7 117 27
8 97 41
9 89 141
10 150 131
11 148 80
12 153 135
13 72 137
14 74 75
15 120 57
16 125 113
17 120 79
18 134 78
19 127 119
20 55 130
21 135 108
22 143 155
23 146 66
24 134 140
25 46 78
;
param: buyer budget :=
  0 579
  1 1354
  2 1135
  3 1043
  4 216
  5 1404
  6 522
  7 1368
  8 454
  9 1195
  10 728
  11 136
  12 1382
  13 1387
  14 213
  15 1002
  16 153
  17 1419
  18 482
  19 653
;
param num_partition :=
3
;
param: item partition_index cardinality :=
0 0 18
1 0 18
2 0 7
3 0 17
4 0 1
5 0 9
6 0 6
7 0 2
8 0 7
9 0 14
10 0 11
11 0 11
12 0 5
13 0 7
14 0 16
15 0 11
16 0 9
17 0 3
18 0 10
19 0 14
20 0 18
21 0 8
22 0 5
23 1 3
24 1 16
