param num_bundles := 25;

param num_cust := 20;

param price_reserve :
   1 2 3 4 5 6 7 8 9 10 11 12 13 14 15 16 17 18 19 20 21 22 23 24 25 :=
1 795 763 801 703 712 676 812 666 496 584 785 632 181 835 371 540 531 164 467 434 780 585 498 287 689
2 256 496 762 591 270 647 522 733 491 451 654 468 575 532 124 556 153 733 755 630 342 441 350 457 527
3 231 338 274 379 295 398 351 339 365 298 418 387 410 210 419 176 396 372 287 409 308 205 29 237 396
4 574 468 203 593 513 375 459 432 514 447 535 351 587 329 477 572 520 43 311 393 219 618 248 473 615
5 184 311 114 83 250 238 239 158 286 305 281 175 149 162 261 183 285 273 315 273 140 183 122 115 154
6 881 711 606 373 529 30 404 370 314 868 436 514 797 715 361 668 499 658 660 702 863 55 781 844 837
7 416 581 491 377 547 173 246 587 456 395 351 440 360 590 227 149 537 46 150 537 512 73 523 259 359
8 282 250 305 205 221 292 64 140 116 57 175 227 314 202 314 299 214 265 334 143 311 179 213 299 115
9 158 283 53 317 182 266 172 271 347 161 251 417 344 371 256 293 343 421 306 246 428 52 193 120 277
10 374 329 260 199 453 100 296 255 257 402 457 250 348 399 355 118 156 362 472 408 234 77 453 450 254
11 758 558 738 506 622 659 532 549 497 826 606 845 356 822 582 585 819 233 724 662 540 652 468 434 711
12 615 615 420 718 688 209 394 415 129 331 534 313 321 500 652 301 326 420 87 657 432 212 241 570 716
13 237 470 381 451 206 161 444 155 368 373 405 366 235 393 123 445 40 367 380 231 196 258 250 319 170
14 425 128 443 457 457 359 314 283 25 297 298 505 507 370 477 199 354 490 64 323 309 364 248 503 398
15 367 577 681 644 434 696 200 455 684 352 299 500 415 401 539 601 547 439 663 349 383 552 594 154 133
16 152 230 297 291 250 169 267 88 140 167 201 292 238 315 213 179 190 147 256 236 113 270 277 272 248
17 24 124 127 332 343 388 388 398 331 382 386 408 414 427 136 416 337 366 336 413 430 307 270 386 356
18 523 469 851 660 834 582 643 694 890 897 499 304 541 359 631 410 284 162 209 749 734 598 784 228 885
19 392 348 651 566 295 180 286 327 457 405 373 657 554 640 314 417 587 649 477 333 294 342 405 555 324
20 467 256 300 378 218 150 513 397 597 407 564 525 532 434 376 352 501 502 314 255 417 267 113 595 432
;

param:   cost_bundl  marginal :=
1 96 106
2 152 144
3 149 106
4 61 10
5 124 83
6 104 141
7 111 72
8 145 100
9 59 71
10 134 156
11 66 154
12 156 143
13 95 98
14 98 112
15 150 55
16 57 82
17 149 16
18 27 139
19 108 67
20 113 136
21 77 91
22 136 58
23 82 61
24 84 74
25 82 107
;
param: buyer budget :=
  0 725
  1 1273
  2 1245
  3 1240
  4 900
  5 1010
  6 1628
  7 1257
  8 799
  9 549
  10 1057
  11 995
  12 1381
  13 1471
  14 1277
  15 1045
  16 233
  17 53
  18 943
  19 1696
;
param num_partition :=
3
;
param: item partition_index cardinality :=
0 0 2
1 0 12
2 0 13
3 0 7
4 0 2
5 0 4
6 0 6
7 0 13
8 0 7
9 0 10
10 0 19
11 0 7
12 0 12
13 0 10
14 0 11
15 0 8
16 0 10
17 0 18
18 0 14
19 0 19
20 0 3
21 0 11
22 0 17
23 1 11
24 1 18
