param num_bundles := 25;

param num_cust := 20;

param price_reserve :
   1 2 3 4 5 6 7 8 9 10 11 12 13 14 15 16 17 18 19 20 21 22 23 24 25 :=
1 286 886 377 675 648 541 562 812 600 852 822 433 862 795 601 185 331 828 751 770 176 78 617 529 738
2 304 526 559 610 642 271 290 227 420 311 506 618 505 588 394 507 598 117 336 542 294 352 32 189 587
3 618 544 391 213 459 158 511 721 552 713 598 642 312 703 418 400 701 54 305 104 521 487 59 351 646
4 432 675 370 651 556 727 623 453 594 695 717 190 654 680 343 573 98 350 617 526 344 288 670 442 601
5 871 518 631 750 226 803 509 827 650 601 623 540 731 673 597 742 375 781 744 814 807 449 614 876 854
6 643 558 775 865 503 393 490 625 803 777 851 852 863 878 838 632 914 610 762 544 738 892 630 779 533
7 636 333 383 701 366 602 747 717 519 303 418 610 318 517 473 227 568 739 533 666 330 529 266 446 203
8 614 134 653 361 502 164 480 480 611 510 697 580 621 675 666 377 649 672 314 201 292 576 118 226 630
9 577 499 167 843 816 848 796 782 693 389 380 573 392 437 165 600 525 704 602 888 763 653 406 693 768
10 375 383 295 400 426 425 193 298 359 270 532 327 473 176 322 427 525 429 489 361 472 447 449 354 402
11 600 436 628 335 419 458 237 550 206 558 626 622 605 449 465 287 408 567 306 245 438 48 606 462 599
12 237 615 588 497 740 783 692 568 312 673 764 413 603 786 399 322 282 163 485 251 343 513 413 732 618
13 613 185 552 444 52 622 553 624 651 286 507 117 546 389 275 165 417 645 276 318 274 325 394 617 543
14 769 343 365 277 566 523 683 559 387 401 368 774 267 549 565 811 741 805 677 379 474 242 657 433 350
15 432 477 556 322 749 159 601 852 776 145 212 728 638 639 692 399 280 879 824 702 682 878 175 488 609
16 349 301 748 839 186 856 238 196 844 472 540 842 406 705 871 614 761 353 655 377 796 819 477 211 683
17 164 312 233 160 284 284 188 231 130 230 109 281 247 215 249 201 273 267 151 220 205 234 155 309 147
18 233 311 216 128 236 182 205 244 278 127 185 258 288 278 295 259 194 200 311 31 206 109 310 269 181
19 237 426 198 416 72 349 306 410 133 125 427 0 146 241 413 253 430 317 310 391 340 116 416 295 174
20 302 172 616 481 639 546 293 581 557 602 633 523 321 442 325 560 221 448 344 455 487 441 562 174 345
;

param:   cost_bundl  marginal :=
1 72 129
2 75 125
3 48 84
4 94 141
5 154 133
6 86 120
7 116 77
8 114 27
9 98 121
10 150 83
11 81 35
12 57 53
13 152 130
14 136 27
15 153 20
16 91 114
17 40 149
18 78 73
19 63 64
20 92 116
21 58 34
22 80 139
23 96 84
24 110 21
25 150 106
;
param: buyer budget :=
  0 170
  1 1277
  2 752
  3 1437
  4 104
  5 673
  6 1750
  7 740
  8 1425
  9 636
  10 7
  11 382
  12 154
  13 481
  14 800
  15 1529
  16 209
  17 1165
  18 1244
  19 1433
;
param num_partition :=
3
;
param: item partition_index cardinality :=
0 0 9
1 0 2
2 0 9
3 0 17
4 1 15
5 1 18
6 1 12
7 1 17
8 1 2
9 1 11
10 1 4
11 1 4
12 1 15
13 1 5
14 1 10
15 1 4
16 1 2
17 1 10
18 1 10
19 1 8
20 1 19
21 1 3
22 1 11
23 1 4
24 1 4
