param num_bundles := 25;

param num_cust := 20;

param price_reserve :
   1 2 3 4 5 6 7 8 9 10 11 12 13 14 15 16 17 18 19 20 21 22 23 24 25 :=
1 246 257 434 325 306 440 476 463 507 405 413 329 212 153 79 120 77 437 312 417 421 435 479 434 334
2 530 358 465 528 455 461 409 357 501 239 401 113 481 64 174 525 281 423 507 433 465 491 307 157 362
3 63 457 476 710 534 524 624 184 42 687 612 376 200 620 726 596 449 656 307 383 194 250 747 685 586
4 269 298 120 298 223 233 155 311 191 312 171 75 236 51 67 271 263 247 186 249 33 267 157 298 271
5 624 713 513 765 416 587 746 650 729 499 475 296 406 526 390 685 472 590 785 788 536 402 624 593 750
6 55 144 78 38 154 83 135 144 101 152 103 118 48 67 138 86 124 100 55 149 46 121 130 44 35
7 656 485 358 161 291 642 540 550 300 507 148 445 203 299 485 643 471 384 272 505 266 303 280 303 330
8 385 537 299 759 625 449 817 530 524 816 857 413 577 430 751 627 822 720 245 720 778 375 435 774 795
9 470 653 654 692 834 511 883 793 801 283 501 804 747 834 561 526 777 63 732 481 505 453 871 342 353
10 692 447 744 540 347 311 345 670 593 765 388 384 647 601 800 529 826 180 723 528 243 376 795 480 245
11 79 44 113 143 150 152 69 112 148 88 125 106 120 142 130 6 109 124 101 31 60 105 149 113 86
12 353 431 299 264 304 209 411 172 400 293 242 117 337 169 193 228 354 412 283 355 429 183 360 275 134
13 461 621 409 308 464 414 408 115 462 749 466 220 402 555 244 739 538 671 465 611 665 556 714 400 581
14 385 611 328 453 378 549 407 552 469 581 652 342 272 496 606 325 572 617 593 346 209 576 529 535 553
15 414 538 662 389 674 404 596 424 673 438 72 622 671 679 674 193 242 377 508 369 382 463 638 660 440
16 504 417 374 293 59 404 250 416 510 300 236 295 359 159 328 316 294 303 439 318 479 161 216 490 146
17 75 74 99 17 85 124 131 52 46 25 146 156 121 12 113 70 72 132 52 115 27 133 92 145 86
18 719 684 673 154 773 746 664 425 570 350 556 535 607 837 556 281 710 599 449 506 718 295 823 493 709
19 249 391 567 280 480 335 414 598 527 351 367 604 352 569 551 371 538 407 287 283 509 453 447 478 602
20 576 501 366 833 508 700 777 50 741 593 474 351 785 657 337 659 579 487 283 240 735 390 744 643 571
;

param:   cost_bundl  marginal :=
1 30 63
2 158 34
3 142 75
4 48 97
5 78 145
6 41 113
7 155 75
8 147 34
9 25 55
10 124 127
11 60 127
12 89 136
13 128 83
14 101 121
15 133 130
16 155 30
17 55 84
18 127 121
19 57 98
20 54 133
21 107 122
22 142 92
23 89 102
24 110 93
25 100 51
;
param: buyer budget :=
  0 383
  1 499
  2 40
  3 103
  4 479
  5 1621
  6 1527
  7 1191
  8 453
  9 318
  10 989
  11 355
  12 160
  13 1101
  14 103
  15 216
  16 843
  17 1386
  18 197
  19 1112
;
param num_partition :=
3
;
param: item partition_index cardinality :=
0 0 8
1 0 14
2 0 5
3 0 14
4 0 14
5 0 4
6 0 4
7 0 11
8 0 9
9 0 10
10 0 2
11 0 13
12 0 18
13 0 18
14 0 12
15 0 7
16 0 4
17 0 11
18 0 5
19 0 2
20 0 3
21 0 12
22 0 5
23 1 14
24 1 19
