param num_bundles := 25;

param num_cust := 20;

param price_reserve :
   1 2 3 4 5 6 7 8 9 10 11 12 13 14 15 16 17 18 19 20 21 22 23 24 25 :=
1 85 305 245 232 100 149 261 129 273 326 234 318 307 240 79 338 358 325 363 238 183 343 264 363 120
2 801 547 854 816 736 851 803 474 392 385 534 693 269 342 861 225 639 820 667 834 839 780 613 669 778
3 380 507 89 307 223 586 584 467 286 625 638 301 572 689 283 555 366 276 431 564 342 702 637 306 521
4 563 363 493 419 555 494 641 410 469 412 615 351 209 638 587 448 567 528 263 169 335 412 173 323 485
5 507 527 646 334 748 843 313 826 800 208 832 830 779 134 628 157 745 450 619 446 721 721 685 700 674
6 735 148 549 249 291 544 682 439 51 674 206 464 763 360 736 734 692 733 525 323 732 531 579 262 556
7 46 569 695 803 650 783 657 800 770 723 609 618 381 699 523 664 811 303 399 710 324 772 662 602 262
8 503 414 285 315 102 601 625 210 444 282 394 593 588 284 354 293 124 602 539 546 208 492 519 498 419
9 115 22 20 155 128 120 28 76 24 155 60 104 126 115 87 100 140 156 10 128 97 136 68 154 113
10 766 542 524 147 475 394 669 642 92 529 82 98 349 667 649 713 745 717 651 778 615 602 396 386 763
11 150 112 136 119 93 126 120 127 74 41 152 100 128 54 131 38 154 151 82 147 65 114 115 90 116
12 737 659 226 680 604 427 842 551 320 519 286 782 839 555 668 787 764 821 827 584 409 295 807 622 172
13 217 6 185 189 176 119 165 243 231 265 165 218 277 294 229 224 145 253 248 95 114 190 209 180 233
14 277 462 587 403 528 255 484 431 521 588 121 339 447 530 592 196 457 504 282 402 303 326 328 133 409
15 357 397 65 537 490 566 169 316 499 503 512 112 487 530 563 489 527 208 265 548 215 264 569 95 493
16 528 502 367 580 490 584 149 570 600 303 703 160 263 341 688 711 721 727 587 683 474 654 352 569 541
17 775 704 643 420 210 216 627 691 448 715 578 823 184 285 635 440 732 649 688 643 271 558 791 634 820
18 384 316 42 543 358 489 531 530 523 152 290 417 314 317 463 425 89 397 408 368 293 272 298 452 405
19 475 353 309 314 655 389 484 552 422 639 563 600 198 461 590 540 648 313 69 647 365 451 568 567 439
20 588 0 231 218 636 418 389 314 580 587 515 465 616 595 258 425 619 593 500 379 635 636 95 653 651
;

param:   cost_bundl  marginal :=
1 136 103
2 55 114
3 121 130
4 37 89
5 134 70
6 88 127
7 129 82
8 153 33
9 105 71
10 44 150
11 120 104
12 135 103
13 68 136
14 151 92
15 120 110
16 14 111
17 98 76
18 144 150
19 24 107
20 129 48
21 144 114
22 85 16
23 18 37
24 157 65
25 100 95
;
param: buyer budget :=
  0 1689
  1 2
  2 1016
  3 423
  4 1591
  5 1357
  6 1403
  7 517
  8 1715
  9 293
  10 1569
  11 395
  12 624
  13 990
  14 1643
  15 1198
  16 748
  17 136
  18 632
  19 1161
;
param num_partition :=
3
;
param: item partition_index cardinality :=
0 0 9
1 0 12
2 0 15
3 0 16
4 0 16
5 0 14
6 0 8
7 0 4
8 0 18
9 0 7
10 0 18
11 0 1
12 0 1
13 0 2
14 0 15
15 0 7
16 0 18
17 0 5
18 0 19
19 1 10
20 1 4
21 1 11
22 1 8
23 1 15
24 1 17
