param num_bundles := 25;

param num_cust := 20;

param price_reserve :
   1 2 3 4 5 6 7 8 9 10 11 12 13 14 15 16 17 18 19 20 21 22 23 24 25 :=
1 752 647 762 721 410 616 264 606 200 484 194 63 385 708 388 662 711 511 462 704 661 464 689 581 547
2 379 840 652 780 187 603 731 766 26 853 737 860 712 858 918 923 686 872 458 694 869 594 196 851 546
3 801 741 828 728 543 760 688 269 475 776 576 425 785 801 510 760 787 458 746 380 423 592 720 503 695
4 319 376 291 517 269 463 466 493 362 538 101 123 494 463 361 407 74 412 483 516 543 525 48 281 459
5 152 119 91 63 106 116 117 85 45 139 79 52 140 97 68 115 126 144 93 111 129 134 129 148 88
6 799 452 473 706 696 713 787 239 770 778 758 813 338 589 585 331 219 543 303 214 809 324 754 781 748
7 316 851 863 336 665 485 628 385 353 106 816 636 800 530 405 729 396 830 242 830 651 498 793 631 836
8 336 322 403 134 228 237 154 390 352 295 376 331 167 187 190 90 329 357 423 249 339 257 209 242 342
9 748 693 625 524 587 230 680 728 454 579 520 735 213 265 522 319 730 352 344 608 649 746 666 326 656
10 494 628 83 358 255 706 618 513 647 375 564 118 574 677 581 369 498 423 597 56 490 456 379 594 615
11 556 473 697 670 718 630 570 786 797 344 626 183 531 360 453 546 806 422 653 348 436 547 68 210 190
12 346 504 505 364 572 293 486 545 239 499 363 474 548 314 551 157 352 560 349 410 325 371 235 335 494
13 318 365 803 814 751 774 545 542 511 540 89 814 518 571 812 603 550 289 497 764 623 749 247 789 775
14 687 686 186 37 561 800 519 760 622 603 480 393 505 626 809 699 586 795 451 796 119 776 828 264 783
15 572 512 124 564 765 553 694 731 775 757 195 710 770 458 628 646 789 468 358 667 433 611 785 164 465
16 429 681 561 630 395 659 400 276 635 595 602 615 384 670 463 340 747 288 670 726 150 252 611 721 723
17 688 678 739 520 496 575 722 533 291 496 399 621 649 521 659 574 666 720 664 404 560 552 484 300 246
18 392 197 810 738 166 592 247 530 141 447 806 632 777 645 505 288 572 660 254 689 733 757 137 616 709
19 530 548 365 627 555 622 525 422 103 290 337 374 457 432 321 590 378 176 155 271 519 509 418 102 386
20 206 617 435 648 647 57 358 362 505 360 558 390 611 390 340 576 257 681 289 393 152 427 454 157 159
;

param:   cost_bundl  marginal :=
1 101 75
2 122 53
3 157 95
4 131 157
5 79 113
6 112 14
7 126 109
8 114 76
9 145 115
10 77 128
11 44 91
12 20 103
13 138 11
14 81 49
15 139 91
16 129 142
17 148 142
18 84 99
19 120 134
20 97 151
21 86 95
22 113 83
23 118 71
24 90 129
25 22 139
;
param: buyer budget :=
  0 657
  1 427
  2 589
  3 239
  4 846
  5 723
  6 729
  7 393
  8 855
  9 113
  10 114
  11 35
  12 66
  13 196
  14 150
  15 255
  16 324
  17 824
  18 38
  19 707
;
param num_partition :=
2
;
param: item partition_index cardinality :=
0 0 5
1 0 7
2 0 19
3 0 17
4 0 13
5 0 1
6 0 14
7 0 13
8 0 1
9 0 17
10 0 12
11 0 19
12 0 11
13 0 6
14 0 19
15 0 4
16 0 12
17 0 8
18 0 18
19 0 5
20 0 15
21 0 12
22 0 17
23 0 8
24 0 1
