param num_bundles := 25;

param num_cust := 20;

param price_reserve :
   1 2 3 4 5 6 7 8 9 10 11 12 13 14 15 16 17 18 19 20 21 22 23 24 25 :=
1 909 680 430 353 365 829 831 653 528 788 772 147 675 851 636 266 161 352 832 910 157 591 587 628 426
2 168 454 463 293 201 468 460 501 406 350 179 384 149 437 500 484 408 195 195 301 310 505 456 210 398
3 130 574 105 333 762 540 721 363 447 683 506 431 762 695 77 649 477 256 418 640 699 688 679 328 717
4 53 139 120 61 116 98 140 117 108 122 124 107 89 38 99 140 156 16 115 154 59 113 137 66 75
5 524 379 816 461 701 696 367 548 656 363 180 670 627 244 256 758 737 732 218 658 432 130 663 371 149
6 287 591 500 609 609 522 255 535 238 516 353 45 623 377 426 667 328 434 654 221 548 579 310 599 518
7 489 581 571 471 927 821 346 802 782 799 892 897 836 542 402 371 460 910 754 908 793 846 915 551 375
8 281 554 488 361 156 530 568 596 516 130 335 468 410 431 568 217 337 542 532 596 315 595 211 563 435
9 770 632 681 665 392 676 730 216 885 346 647 858 848 735 744 373 455 637 653 831 768 222 825 462 909
10 122 64 445 312 491 362 231 279 30 483 177 247 479 459 557 554 501 236 525 502 461 417 250 546 552
11 720 521 705 597 636 260 710 698 696 564 584 334 503 462 527 511 685 246 722 550 468 497 721 291 356
12 108 367 628 560 252 428 140 537 303 101 427 337 574 520 290 375 612 556 474 607 567 472 576 444 82
13 731 639 803 84 411 697 683 169 266 350 447 22 506 419 346 649 721 319 604 800 286 51 483 477 586
14 333 356 224 229 361 150 176 60 193 334 252 298 317 374 77 369 318 227 295 268 379 342 373 323 264
15 597 457 247 699 624 540 418 84 654 658 524 549 692 180 603 352 557 596 205 629 604 315 646 401 696
16 87 269 302 142 289 202 298 217 175 197 148 277 277 166 178 313 224 236 263 214 285 289 277 213 216
17 411 417 414 112 422 120 359 325 473 416 317 165 309 282 428 181 363 425 406 447 210 140 336 413 243
18 362 594 807 670 590 196 231 531 647 867 330 869 619 761 552 881 863 591 631 778 879 834 627 489 550
19 370 147 501 452 416 221 343 414 334 497 139 372 300 168 135 215 431 452 487 131 428 195 381 202 426
20 330 246 192 317 349 371 221 126 353 266 370 345 355 260 232 190 312 275 317 143 266 182 364 350 206
;

param:   cost_bundl  marginal :=
1 133 46
2 136 100
3 112 105
4 146 87
5 41 38
6 130 34
7 71 151
8 102 54
9 14 50
10 134 117
11 152 118
12 146 108
13 57 57
14 157 20
15 148 157
16 139 65
17 137 50
18 104 142
19 100 55
20 141 109
21 149 131
22 108 151
23 150 113
24 74 75
25 113 149
;
param: buyer budget :=
  0 905
  1 774
  2 99
  3 881
  4 181
  5 95
  6 130
  7 839
  8 301
  9 203
  10 662
  11 281
  12 723
  13 343
  14 814
  15 900
  16 372
  17 606
  18 599
  19 55
;
param num_partition :=
2
;
param: item partition_index cardinality :=
0 0 4
1 0 3
2 0 9
3 0 6
4 0 16
5 0 6
6 0 19
7 0 6
8 0 8
9 0 13
10 0 19
11 0 10
12 0 11
13 0 3
14 0 14
15 0 2
16 0 13
17 0 12
18 0 9
19 0 6
20 0 8
21 0 10
22 0 13
23 0 16
24 0 13
