param num_bundles := 25;

param num_cust := 20;

param price_reserve :
   1 2 3 4 5 6 7 8 9 10 11 12 13 14 15 16 17 18 19 20 21 22 23 24 25 :=
1 409 555 673 541 589 682 440 570 376 728 63 505 212 506 758 579 525 426 522 503 682 769 328 512 618
2 49 593 732 440 696 541 826 714 718 494 785 345 803 388 699 702 819 596 448 865 510 422 316 858 461
3 652 164 415 498 264 551 355 293 569 559 452 571 651 573 643 439 358 615 368 563 641 411 124 562 189
4 386 501 438 413 105 427 442 335 275 216 270 275 310 466 237 475 362 166 122 362 380 113 337 283 477
5 82 571 381 321 603 528 486 166 191 576 225 609 173 97 383 215 446 349 593 278 365 341 536 483 523
6 549 673 434 404 692 575 700 567 664 687 622 601 403 538 240 318 246 596 414 648 674 666 351 248 557
7 569 532 680 693 419 453 778 720 123 512 753 729 512 783 448 647 640 287 658 276 480 769 571 444 144
8 807 472 498 764 806 703 715 582 757 675 453 449 722 564 792 577 39 537 735 336 646 180 773 613 648
9 489 489 539 324 111 496 479 459 215 432 371 436 163 138 546 160 560 306 524 245 589 214 375 611 93
10 386 656 158 577 548 630 799 545 358 300 334 520 539 803 524 797 825 450 640 720 629 89 688 420 677
11 545 215 851 280 703 900 583 779 887 424 932 753 688 642 569 748 759 320 584 790 724 438 820 912 460
12 261 192 601 452 291 243 118 579 144 578 410 541 548 597 585 594 234 525 434 596 418 144 220 423 510
13 514 567 672 809 624 196 199 368 609 338 330 600 734 232 183 754 834 742 708 603 829 663 495 202 827
14 199 368 303 51 278 371 63 261 373 379 204 347 183 258 247 242 212 351 132 279 50 220 293 224 286
15 409 357 224 431 256 223 280 431 143 428 167 271 414 401 380 232 396 355 278 229 366 418 369 248 315
16 217 479 244 411 140 428 338 497 91 39 499 170 229 381 445 505 537 289 151 510 303 330 292 380 332
17 698 351 741 869 537 356 630 675 759 240 274 834 626 325 838 882 823 857 98 808 677 812 691 881 642
18 518 700 710 766 581 587 472 563 431 895 401 495 554 329 804 711 526 881 858 399 730 485 369 639 717
19 380 205 482 434 258 545 613 229 377 142 553 542 167 620 436 446 174 381 477 627 98 412 505 515 630
20 128 369 198 225 371 164 372 306 339 346 154 215 319 334 296 210 351 86 182 233 368 223 217 356 194
;

param:   cost_bundl  marginal :=
1 72 76
2 119 71
3 36 93
4 84 94
5 105 100
6 75 144
7 136 141
8 157 92
9 109 109
10 108 153
11 105 110
12 110 21
13 153 100
14 97 106
15 123 157
16 81 84
17 61 42
18 143 127
19 55 143
20 141 114
21 27 157
22 117 106
23 50 89
24 120 115
25 157 140
;
param: buyer budget :=
  0 573
  1 217
  2 345
  3 287
  4 811
  5 895
  6 379
  7 369
  8 227
  9 751
  10 441
  11 880
  12 393
  13 370
  14 247
  15 341
  16 302
  17 438
  18 376
  19 295
;
param num_partition :=
2
;
param: item partition_index cardinality :=
0 0 7
1 0 2
2 0 19
3 0 9
4 0 11
5 0 5
6 0 3
7 0 5
8 0 6
9 0 9
10 0 6
11 0 2
12 0 7
13 0 17
14 0 4
15 0 13
16 0 14
17 0 12
18 0 6
19 0 5
20 0 14
21 0 5
22 0 2
23 0 17
24 0 11
