param num_bundles := 25;

param num_cust := 20;

param price_reserve :
   1 2 3 4 5 6 7 8 9 10 11 12 13 14 15 16 17 18 19 20 21 22 23 24 25 :=
1 240 341 218 306 233 395 410 359 379 333 244 358 222 197 104 310 238 373 339 300 94 109 313 251 382
2 308 356 316 607 407 238 619 287 214 405 347 413 568 377 477 586 444 531 568 517 418 569 630 558 614
3 559 788 832 453 376 818 708 880 752 192 784 471 171 924 494 498 749 916 524 729 593 619 245 621 540
4 339 769 711 620 391 654 243 620 765 767 697 545 484 526 446 504 715 329 760 549 160 300 257 423 665
5 93 225 371 209 474 413 356 447 329 302 360 117 201 292 298 114 211 446 249 338 463 259 219 54 181
6 444 580 440 578 583 508 333 843 659 528 488 239 317 581 849 157 519 297 621 530 738 825 828 696 578
7 230 455 585 393 319 631 519 190 572 617 360 425 158 340 91 291 386 342 107 490 101 546 164 492 438
8 582 486 344 261 584 286 399 236 564 179 421 207 456 583 444 410 519 562 419 450 425 442 574 608 325
9 362 692 581 921 836 545 592 690 375 744 559 466 830 817 748 527 601 723 618 577 798 832 393 223 839
10 628 599 530 387 650 457 555 186 278 595 197 293 606 277 664 679 359 209 693 285 466 585 533 460 435
11 405 711 575 603 656 102 672 670 805 504 388 757 561 627 430 527 808 686 632 691 510 625 636 770 731
12 912 639 643 762 699 638 679 313 470 587 887 628 710 825 184 461 292 779 539 488 586 575 876 816 662
13 652 492 821 522 360 136 657 825 827 230 695 680 825 745 542 575 417 478 566 534 553 425 725 623 733
14 433 457 388 327 261 498 455 374 502 463 421 505 333 340 346 418 481 469 434 151 429 441 483 177 166
15 406 467 172 478 274 335 529 469 402 477 468 278 509 437 526 520 349 356 288 472 139 409 331 254 498
16 191 188 275 185 49 267 231 257 292 178 290 283 237 246 140 217 102 262 303 297 207 278 102 64 170
17 776 548 521 358 613 621 499 161 654 518 98 573 413 782 753 828 316 784 686 190 678 591 532 685 640
18 396 365 536 356 577 600 469 226 544 573 475 658 182 360 570 521 501 555 508 517 111 679 564 630 200
19 259 612 310 347 574 622 572 584 561 326 294 353 163 541 372 140 501 627 577 438 171 576 484 614 504
20 355 214 343 221 219 218 154 378 325 162 126 374 237 246 233 347 302 150 213 208 190 292 280 243 340
;

param:   cost_bundl  marginal :=
1 118 140
2 145 119
3 136 144
4 140 144
5 128 148
6 77 93
7 141 106
8 124 103
9 130 127
10 51 136
11 146 117
12 44 141
13 153 58
14 30 20
15 141 85
16 105 152
17 53 150
18 130 108
19 137 57
20 58 64
21 113 89
22 82 61
23 140 79
24 140 68
25 37 152
;
param: buyer budget :=
  0 200
  1 462
  2 516
  3 590
  4 686
  5 344
  6 136
  7 580
  8 891
  9 387
  10 659
  11 421
  12 384
  13 548
  14 411
  15 805
  16 556
  17 912
  18 537
  19 382
;
param num_partition :=
2
;
param: item partition_index cardinality :=
0 0 16
1 0 8
2 0 6
3 0 7
4 0 4
5 0 1
6 0 17
7 0 2
8 0 13
9 0 14
10 0 5
11 0 1
12 0 5
13 0 3
14 0 5
15 0 3
16 0 6
17 0 2
18 0 19
19 0 5
20 0 19
21 0 19
22 0 1
23 0 3
24 0 15
