param num_bundles := 25;

param num_cust := 20;

param price_reserve :
   1 2 3 4 5 6 7 8 9 10 11 12 13 14 15 16 17 18 19 20 21 22 23 24 25 :=
1 484 505 263 524 478 489 108 389 413 243 447 527 52 516 429 322 239 541 391 430 508 543 475 221 436
2 266 239 162 278 268 158 176 160 133 300 87 200 115 159 237 124 292 307 215 83 126 298 307 256 273
3 181 509 521 810 560 704 781 705 878 573 491 879 503 439 306 557 874 721 582 642 911 395 578 458 640
4 92 312 304 305 244 307 275 219 304 263 297 247 247 262 226 111 151 236 91 283 232 171 244 129 174
5 51 36 155 129 126 136 128 87 121 73 100 144 144 78 76 148 126 124 156 70 133 90 96 92 50
6 218 584 379 633 35 93 297 704 617 622 671 662 263 414 302 510 437 422 527 363 542 684 369 569 432
7 521 905 584 490 777 18 759 727 236 558 197 746 630 368 346 891 910 746 453 623 871 395 489 783 530
8 568 467 489 538 585 877 508 730 717 180 868 450 637 880 612 295 692 716 802 420 638 693 569 242 139
9 310 452 533 350 442 248 183 92 330 375 236 353 369 492 541 477 460 231 265 57 502 529 223 343 456
10 101 472 208 242 463 304 385 196 389 426 387 341 292 362 398 289 385 337 445 198 298 292 368 412 386
11 703 587 585 205 745 597 507 406 637 552 130 451 404 683 277 797 237 649 535 472 306 696 336 599 465
12 297 542 599 543 367 408 443 286 578 342 533 404 511 523 532 451 142 301 497 79 399 156 432 567 492
13 297 181 297 375 343 197 351 361 366 287 243 352 272 331 285 306 283 107 318 190 257 298 376 333 375
14 591 674 230 431 481 563 492 588 603 633 542 300 644 674 649 677 194 408 381 250 384 308 445 492 575
15 638 462 573 768 369 718 515 789 489 270 576 663 445 417 502 449 684 731 579 781 252 287 634 750 379
16 129 48 134 114 44 72 138 147 148 151 24 126 38 57 108 126 131 139 136 109 134 131 83 133 146
17 721 859 455 704 717 467 428 310 654 665 802 386 614 269 653 597 124 765 639 405 380 478 656 754 346
18 498 526 476 322 538 343 244 539 595 416 435 473 572 555 499 232 495 294 394 277 603 553 306 173 569
19 661 144 241 688 457 214 640 653 472 549 324 667 252 559 686 234 225 116 569 485 439 85 639 579 224
20 569 364 691 564 339 717 715 172 566 712 619 187 682 362 337 430 696 751 431 555 604 437 352 675 504
;

param:   cost_bundl  marginal :=
1 58 147
2 104 140
3 106 67
4 129 138
5 151 55
6 141 134
7 151 89
8 155 115
9 145 157
10 156 106
11 141 135
12 136 149
13 141 75
14 105 65
15 61 126
16 27 117
17 150 145
18 123 52
19 122 97
20 145 78
21 34 148
22 141 97
23 132 141
24 75 139
25 75 59
;
param: buyer budget :=
  0 42
  1 275
  2 477
  3 124
  4 704
  5 77
  6 152
  7 317
  8 584
  9 478
  10 884
  11 671
  12 196
  13 795
  14 62
  15 657
  16 533
  17 137
  18 506
  19 137
;
param num_partition :=
2
;
param: item partition_index cardinality :=
0 0 6
1 0 7
2 0 14
3 0 18
4 0 8
5 0 15
6 0 17
7 0 8
8 0 7
9 0 19
10 0 16
11 0 4
12 0 9
13 0 6
14 0 3
15 0 17
16 0 14
17 0 3
18 0 7
19 0 13
20 0 9
21 0 12
22 0 16
23 0 9
24 0 1
