param num_bundles := 25;

param num_cust := 20;

param price_reserve :
   1 2 3 4 5 6 7 8 9 10 11 12 13 14 15 16 17 18 19 20 21 22 23 24 25 :=
1 166 650 401 503 537 291 783 511 777 687 499 815 811 527 328 495 740 375 330 277 509 487 804 722 483
2 340 650 721 576 632 623 397 675 587 916 703 652 473 171 521 720 882 599 657 906 898 815 768 265 144
3 457 523 272 580 516 543 432 517 500 358 74 126 292 481 521 392 604 361 202 566 184 545 531 230 229
4 231 263 273 318 243 164 65 374 258 299 302 276 286 282 337 279 285 210 372 379 330 248 223 296 321
5 236 443 612 79 847 624 567 334 704 766 125 851 915 330 635 599 729 731 765 314 584 663 799 247 595
6 387 172 391 514 418 466 505 436 383 335 105 273 353 372 408 472 207 417 308 248 396 315 82 378 364
7 176 212 651 677 351 516 515 566 350 221 476 415 606 413 456 420 440 202 477 244 518 501 676 383 240
8 247 48 225 211 254 334 248 294 0 363 364 181 291 155 107 325 326 162 286 298 317 116 312 351 119
9 637 827 780 471 912 812 646 746 117 885 822 276 66 680 564 291 170 915 436 882 834 498 870 819 838
10 246 703 614 244 302 486 503 516 611 298 606 399 470 560 641 584 561 250 400 567 260 599 573 619 550
11 796 457 502 555 576 835 553 819 331 533 706 684 856 804 346 632 691 634 596 676 799 787 751 782 407
12 436 516 391 643 448 509 632 182 390 228 586 623 640 393 420 513 293 475 612 121 354 651 581 527 442
13 150 144 59 153 105 88 47 115 124 127 157 97 32 151 136 117 153 117 76 80 60 61 154 31 87
14 646 528 726 635 169 469 218 460 635 626 360 432 515 292 536 321 58 663 521 247 475 210 705 252 245
15 86 82 322 29 203 66 110 367 373 177 338 261 375 303 346 238 99 429 268 315 304 231 354 258 345
16 276 372 408 105 253 281 434 307 507 406 494 140 165 182 378 496 158 507 176 366 376 220 328 506 30
17 613 296 381 370 405 151 614 0 300 516 345 649 81 562 462 633 574 417 495 482 283 527 183 492 392
18 803 775 525 406 358 734 708 527 633 321 781 621 662 467 746 538 390 638 540 390 599 761 663 809 277
19 340 140 416 438 384 409 147 120 404 476 466 391 484 509 316 403 158 291 428 379 262 415 371 465 497
20 346 504 161 230 502 188 472 0 468 182 93 323 275 525 561 378 549 497 252 224 566 483 334 328 205
;

param:   cost_bundl  marginal :=
1 55 91
2 102 131
3 41 96
4 144 154
5 133 124
6 103 136
7 141 135
8 94 123
9 119 22
10 138 62
11 98 129
12 56 141
13 89 143
14 53 42
15 54 144
16 136 153
17 146 60
18 80 63
19 105 63
20 105 145
21 98 137
22 152 27
23 71 116
24 136 143
25 57 153
;
param: buyer budget :=
  0 807
  1 368
  2 721
  3 807
  4 825
  5 659
  6 349
  7 410
  8 887
  9 854
  10 778
  11 287
  12 41
  13 215
  14 899
  15 440
  16 501
  17 609
  18 162
  19 287
;
param num_partition :=
2
;
param: item partition_index cardinality :=
0 0 18
1 0 13
2 0 19
3 0 8
4 0 4
5 0 17
6 0 18
7 0 6
8 0 12
9 0 12
10 0 1
11 0 8
12 0 15
13 0 8
14 0 18
15 0 1
16 0 10
17 0 5
18 0 11
19 0 5
20 0 2
21 0 15
22 0 17
23 0 18
24 0 12
