param num_bundles := 25;

param num_cust := 20;

param price_reserve :
   1 2 3 4 5 6 7 8 9 10 11 12 13 14 15 16 17 18 19 20 21 22 23 24 25 :=
1 780 572 735 864 833 410 287 156 306 615 254 835 751 586 441 381 614 319 758 811 847 781 132 154 822
2 149 904 833 595 403 784 402 799 391 693 467 336 795 543 434 904 774 807 764 769 734 311 670 707 151
3 212 366 529 544 262 472 341 495 495 264 316 307 332 327 204 514 405 455 387 339 486 292 541 422 317
4 402 806 704 870 453 468 172 348 266 587 460 414 495 514 749 224 706 852 676 499 390 862 845 345 874
5 397 763 720 111 689 486 291 786 684 484 646 642 528 326 790 702 626 485 584 618 606 537 350 557 316
6 158 16 74 139 128 137 103 137 124 125 156 77 103 120 61 130 104 58 140 113 50 135 69 138 14
7 605 270 553 544 639 320 260 349 569 202 401 184 468 596 708 371 617 316 451 540 358 234 576 389 410
8 701 744 588 824 722 644 559 777 716 587 589 835 699 724 661 673 843 180 105 326 579 402 781 847 506
9 60 514 567 356 634 599 477 255 611 487 579 197 653 153 615 169 639 644 462 134 406 200 118 455 611
10 565 340 650 478 536 642 617 595 210 656 173 438 335 504 528 432 571 237 354 554 522 169 459 649 179
11 437 495 218 475 352 508 213 541 159 328 339 63 0 491 208 459 467 443 301 78 316 428 380 432 494
12 807 698 599 598 820 847 545 152 812 582 763 843 806 620 842 725 711 723 738 857 568 845 615 512 509
13 272 280 331 277 282 342 111 375 305 249 94 54 319 267 119 146 219 362 345 323 191 342 195 67 287
14 146 53 144 114 73 65 104 39 49 142 113 73 107 115 45 31 138 125 149 90 130 137 137 76 155
15 453 807 715 255 842 650 462 632 829 874 381 820 172 712 867 568 473 747 482 585 117 665 449 846 800
16 379 309 498 423 352 199 232 455 373 416 490 524 421 532 459 422 205 341 396 137 421 436 232 55 449
17 542 433 806 742 509 641 699 525 176 684 800 674 299 274 526 777 280 643 344 384 375 789 326 580 658
18 565 772 782 663 406 177 728 324 405 449 344 313 773 708 581 242 465 653 392 744 786 318 589 292 397
19 844 849 291 470 612 221 774 621 691 432 118 722 693 305 758 482 420 369 666 594 446 438 590 730 682
20 307 674 783 758 365 836 118 848 357 240 588 807 756 707 445 403 615 151 577 470 346 786 800 205 723
;

param:   cost_bundl  marginal :=
1 88 118
2 58 88
3 119 97
4 144 76
5 145 141
6 75 76
7 153 119
8 93 116
9 92 115
10 128 86
11 120 98
12 96 145
13 63 90
14 69 125
15 131 96
16 135 94
17 99 123
18 117 63
19 151 108
20 117 124
21 113 130
22 147 105
23 150 36
24 115 109
25 149 134
;
param: buyer budget :=
  0 745
  1 537
  2 350
  3 397
  4 422
  5 199
  6 448
  7 877
  8 465
  9 475
  10 504
  11 671
  12 380
  13 881
  14 717
  15 230
  16 885
  17 854
  18 669
  19 285
;
param num_partition :=
2
;
param: item partition_index cardinality :=
0 0 18
1 0 10
2 0 17
3 0 2
4 0 17
5 0 5
6 0 10
7 0 12
8 0 7
9 0 13
10 0 18
11 0 6
12 0 17
13 0 7
14 0 8
15 0 18
16 0 5
17 0 18
18 0 12
19 0 9
20 0 19
21 0 15
22 0 7
23 0 8
24 0 17
