param num_bundles := 25;

param num_cust := 20;

param price_reserve :
   1 2 3 4 5 6 7 8 9 10 11 12 13 14 15 16 17 18 19 20 21 22 23 24 25 :=
1 435 410 780 793 533 603 549 697 240 784 668 396 765 274 527 381 431 832 706 605 219 226 572 850 742
2 888 581 931 297 801 523 365 760 831 672 883 786 713 219 648 759 506 665 257 771 766 667 756 454 394
3 696 806 713 371 818 524 547 432 753 260 609 337 753 754 673 601 725 771 645 464 602 719 778 566 557
4 666 737 684 122 785 699 638 191 858 677 500 906 880 559 781 130 169 807 325 875 905 556 565 509 814
5 403 479 470 526 756 613 640 457 849 111 486 541 807 624 322 892 708 912 339 898 676 911 568 716 780
6 419 840 808 742 502 675 390 423 845 588 349 878 798 867 706 73 746 859 429 633 205 770 860 274 656
7 566 312 43 201 539 276 571 427 351 204 305 426 276 327 142 268 412 486 365 530 534 432 117 432 472
8 142 155 47 105 38 37 60 154 109 125 37 114 117 143 114 157 62 80 142 98 137 85 92 148 83
9 431 240 518 433 412 468 546 365 153 255 272 500 174 368 187 486 132 211 424 302 495 145 522 503 458
10 671 709 738 368 438 350 268 528 705 577 292 481 526 577 253 382 630 624 434 384 335 734 560 367 287
11 708 165 362 419 554 835 630 432 566 631 403 379 640 816 685 342 703 390 127 280 823 462 110 463 551
12 657 343 381 509 319 482 612 683 59 717 512 662 633 348 552 566 678 675 526 736 669 73 481 402 618
13 317 629 242 213 436 486 504 541 573 502 372 621 643 518 123 575 656 541 589 281 404 521 387 162 565
14 430 511 413 168 289 424 562 556 357 477 259 245 535 288 531 506 200 346 477 408 481 497 402 530 473
15 562 667 664 735 202 680 599 640 734 341 646 432 473 482 759 701 663 667 707 46 606 191 536 433 732
16 258 97 146 164 302 166 239 314 153 126 204 307 158 185 262 293 141 266 116 149 215 246 198 171 185
17 732 842 515 253 737 680 494 619 286 802 834 224 604 799 370 779 500 838 830 242 548 831 542 463 689
18 319 401 372 347 246 344 104 542 353 332 530 459 192 370 476 215 389 190 412 242 316 372 134 194 504
19 475 354 405 585 463 559 353 436 249 452 347 464 489 635 545 584 649 243 167 422 524 615 398 619 379
20 280 179 304 160 185 212 278 223 312 187 138 52 193 263 204 77 148 77 86 299 314 263 254 194 154
;

param:   cost_bundl  marginal :=
1 64 20
2 57 146
3 78 87
4 42 57
5 112 51
6 142 122
7 146 130
8 97 90
9 151 148
10 150 84
11 90 75
12 94 147
13 120 154
14 65 54
15 104 71
16 52 118
17 121 129
18 61 103
19 70 145
20 126 127
21 144 144
22 108 80
23 128 117
24 100 59
25 78 112
;
param: buyer budget :=
  0 211
  1 647
  2 112
  3 297
  4 619
  5 499
  6 811
  7 832
  8 138
  9 652
  10 768
  11 759
  12 844
  13 219
  14 97
  15 347
  16 720
  17 836
  18 782
  19 194
;
param num_partition :=
2
;
param: item partition_index cardinality :=
0 0 10
1 0 17
2 0 10
3 0 4
4 0 5
5 0 18
6 0 2
7 0 9
8 0 4
9 0 14
10 0 10
11 0 16
12 0 18
13 0 11
14 0 18
15 0 13
16 0 19
17 0 10
18 0 18
19 0 3
20 0 6
21 0 9
22 0 8
23 0 17
24 0 15
