param num_bundles := 25;

param num_cust := 20;

param price_reserve :
   1 2 3 4 5 6 7 8 9 10 11 12 13 14 15 16 17 18 19 20 21 22 23 24 25 :=
1 213 610 401 235 415 640 656 415 546 293 596 656 417 623 431 197 487 651 626 521 571 654 296 449 614
2 659 627 460 376 585 403 615 601 289 83 402 598 137 607 129 465 678 283 599 211 371 695 472 682 202
3 20 601 600 558 297 458 481 530 391 534 303 549 285 526 505 442 591 530 244 582 266 357 324 465 79
4 291 721 684 520 448 563 532 66 236 345 399 583 809 630 427 781 445 151 635 599 341 756 658 544 615
5 686 538 819 524 836 708 255 434 215 928 873 585 769 533 407 367 654 267 902 880 518 354 528 183 435
6 724 326 51 193 618 547 219 740 687 497 606 648 255 728 727 723 625 445 660 634 667 718 604 127 577
7 519 643 647 634 614 533 688 339 571 401 602 331 240 376 750 601 763 708 748 46 541 142 406 268 650
8 348 140 108 316 202 416 402 154 416 339 265 295 326 341 388 430 387 296 428 302 382 301 326 327 422
9 353 682 556 738 635 678 427 669 631 344 687 425 309 737 799 361 707 663 330 659 850 619 388 505 733
10 250 601 477 802 506 711 377 630 841 869 690 647 762 685 705 689 596 396 809 672 797 263 683 466 786
11 512 465 116 131 536 303 136 625 482 130 329 505 261 614 587 143 595 372 485 617 361 628 405 296 524
12 791 207 541 355 78 601 502 275 614 602 897 777 472 268 823 465 229 475 31 824 847 296 776 593 674
13 88 560 569 460 110 167 571 145 506 594 452 98 189 536 362 316 217 456 436 580 322 450 258 319 323
14 778 758 660 740 667 665 442 617 327 607 636 389 516 463 466 751 706 214 751 644 221 163 256 772 264
15 504 645 576 430 596 557 328 646 592 575 530 576 596 110 666 450 69 384 204 662 662 418 441 268 625
16 316 310 459 437 433 433 22 366 422 171 420 452 318 105 390 342 261 254 246 293 458 419 148 293 138
17 559 227 502 569 473 516 364 517 604 356 306 482 480 423 583 449 368 572 365 353 372 470 479 406 604
18 373 601 310 342 378 558 174 279 259 558 544 237 419 613 518 176 68 506 401 488 496 283 314 604 235
19 638 573 498 579 630 47 596 458 579 107 594 318 404 270 524 616 648 611 470 485 633 435 425 604 532
20 265 361 290 424 299 283 312 300 121 318 281 416 386 122 351 422 158 214 278 408 237 200 137 228 373
;

param:   cost_bundl  marginal :=
1 88 87
2 99 130
3 69 82
4 125 109
5 85 85
6 133 151
7 66 124
8 109 104
9 116 42
10 114 126
11 123 127
12 138 112
13 88 30
14 145 31
15 112 128
16 95 40
17 80 107
18 73 56
19 64 134
20 83 107
21 84 154
22 155 99
23 120 83
24 10 142
25 102 80
;
param: buyer budget :=
  0 863
  1 702
  2 793
  3 859
  4 863
  5 672
  6 381
  7 257
  8 680
  9 272
  10 303
  11 750
  12 428
  13 173
  14 337
  15 848
  16 844
  17 712
  18 173
  19 178
;
param num_partition :=
2
;
param: item partition_index cardinality :=
0 0 10
1 0 1
2 0 7
3 0 2
4 0 8
5 0 18
6 0 10
7 0 4
8 0 5
9 0 9
10 0 19
11 0 19
12 0 17
13 0 15
14 0 1
15 0 18
16 0 10
17 0 9
18 0 6
19 0 1
20 0 5
21 0 3
22 0 7
23 0 10
24 0 7
