param num_bundles := 25;

param num_cust := 20;

param price_reserve :
   1 2 3 4 5 6 7 8 9 10 11 12 13 14 15 16 17 18 19 20 21 22 23 24 25 :=
1 398 73 610 195 380 527 584 569 534 612 658 650 249 555 618 627 320 321 87 478 548 435 472 637 614
2 663 315 410 608 343 400 262 713 631 476 323 671 788 424 743 665 784 749 694 586 656 332 351 790 385
3 507 446 298 434 670 769 440 242 410 675 415 612 791 648 545 436 798 118 150 731 351 487 571 775 767
4 606 629 632 357 663 578 488 224 210 394 290 620 483 371 630 655 435 627 568 418 624 658 166 469 406
5 112 454 250 161 417 270 132 575 293 368 347 304 141 464 537 233 536 559 124 442 283 399 92 558 210
6 569 390 460 529 355 427 551 537 380 442 481 234 447 267 459 431 565 63 542 394 555 419 504 280 180
7 51 318 444 428 300 406 298 441 134 233 274 234 356 214 312 271 436 363 428 118 422 355 138 187 102
8 67 414 92 358 464 616 560 208 180 187 408 165 533 343 340 389 228 468 378 312 597 589 610 566 439
9 908 823 145 858 889 573 857 300 767 334 891 166 635 567 509 907 625 280 319 679 669 697 599 823 326
10 347 459 348 241 216 527 471 415 367 504 461 241 320 516 413 458 305 540 324 143 401 415 410 296 388
11 348 230 458 240 353 357 307 242 302 368 268 470 326 320 354 254 306 422 363 351 423 451 80 272 380
12 251 566 771 756 482 645 597 643 664 508 703 712 720 641 786 218 411 304 425 762 451 624 453 366 628
13 342 678 367 784 503 701 553 809 509 737 210 756 400 699 713 745 653 284 477 294 834 704 780 613 616
14 290 279 302 119 203 300 151 171 129 119 105 128 303 243 123 57 307 302 297 292 311 310 95 252 315
15 117 577 461 728 625 764 254 324 255 194 611 543 793 640 528 126 739 267 252 584 446 412 728 463 360
16 733 665 636 603 401 621 666 554 362 374 685 446 422 592 567 490 329 713 410 363 587 576 352 763 582
17 533 757 463 472 746 117 350 429 858 806 574 799 259 846 756 798 573 815 322 307 818 349 471 691 815
18 779 780 493 776 358 299 780 293 465 487 675 497 713 708 603 148 687 819 343 770 660 559 708 339 741
19 53 117 110 82 156 149 141 118 150 121 78 51 70 111 55 12 92 40 10 100 84 74 131 113 157
20 575 377 518 284 71 485 66 262 310 520 524 571 435 383 611 386 443 61 43 234 596 610 617 529 260
;

param:   cost_bundl  marginal :=
1 108 123
2 93 134
3 157 70
4 119 53
5 98 144
6 135 106
7 117 41
8 145 123
9 115 38
10 103 31
11 88 83
12 66 91
13 31 88
14 129 126
15 143 155
16 120 140
17 83 144
18 112 95
19 153 115
20 157 149
21 55 62
22 88 115
23 14 43
24 143 51
25 119 13
;
param: buyer budget :=
  0 660
  1 258
  2 61
  3 282
  4 316
  5 119
  6 319
  7 431
  8 406
  9 667
  10 513
  11 41
  12 101
  13 530
  14 185
  15 546
  16 241
  17 397
  18 529
  19 272
;
param num_partition :=
2
;
param: item partition_index cardinality :=
0 0 14
1 0 11
2 0 7
3 0 11
4 0 16
5 0 10
6 0 15
7 0 11
8 0 5
9 0 1
10 0 8
11 0 17
12 0 5
13 0 4
14 0 11
15 0 5
16 0 5
17 0 4
18 0 16
19 0 19
20 0 5
21 0 8
22 0 12
23 0 15
24 0 8
