param num_bundles := 25;

param num_cust := 30;

param price_reserve :
   1 2 3 4 5 6 7 8 9 10 11 12 13 14 15 16 17 18 19 20 21 22 23 24 25 :=
1 535 342 514 417 609 459 591 393 666 312 620 207 512 520 311 599 639 609 509 263 374 95 637 471 304
2 113 79 149 67 143 85 121 148 69 90 134 73 110 128 78 151 112 144 48 41 30 146 100 155 157
3 647 733 675 744 708 511 886 794 750 365 818 370 507 452 451 346 426 749 569 789 738 779 695 762 695
4 225 219 250 243 353 220 245 143 247 158 310 334 105 313 144 243 256 298 146 102 312 172 136 375 277
5 245 407 160 567 418 597 510 363 514 421 413 410 378 434 589 536 416 403 627 375 583 144 307 377 269
6 898 927 578 774 419 717 780 471 610 564 520 458 762 878 695 697 302 417 650 509 794 868 918 590 773
7 265 472 68 86 394 298 292 187 466 121 67 287 485 299 451 455 404 304 249 477 478 457 454 391 343
8 388 369 509 439 225 233 430 59 271 399 214 419 340 234 307 196 139 509 306 436 332 105 312 234 502
9 610 674 132 625 184 557 523 558 579 261 145 345 368 565 452 648 448 256 91 439 539 395 475 651 161
10 306 822 760 384 728 841 402 554 896 799 212 825 342 843 864 812 278 820 344 548 881 829 525 506 675
11 332 614 367 567 310 536 370 410 600 348 284 452 167 152 651 436 221 279 641 577 344 561 535 553 479
12 417 408 811 389 799 491 541 825 77 235 463 718 570 703 726 368 786 800 768 512 593 376 665 469 718
13 239 207 269 211 284 358 361 419 445 342 457 204 39 186 295 281 284 182 193 463 47 367 367 267 461
14 789 387 352 244 200 395 477 464 742 50 783 730 302 439 618 576 302 772 513 275 162 181 362 491 389
15 307 449 311 420 507 497 135 428 344 143 387 492 340 286 285 302 359 438 334 382 502 257 477 277 468
16 187 149 103 150 118 204 307 292 378 299 212 326 366 234 298 144 352 243 302 230 261 178 173 106 104
17 331 486 212 402 409 54 516 511 394 452 501 204 134 382 345 460 602 365 380 294 543 446 248 362 589
18 519 233 451 679 406 669 441 407 585 255 771 545 745 557 782 516 793 803 788 795 807 625 642 456 773
19 649 460 238 520 717 767 834 676 447 748 237 292 589 915 240 843 841 412 456 751 431 448 395 796 460
20 627 247 323 442 566 690 628 318 466 346 712 475 246 745 664 559 757 762 620 215 200 276 285 726 677
21 423 256 198 306 365 404 392 240 331 284 309 468 464 270 244 222 281 300 222 235 404 146 427 317 384
22 356 33 266 748 606 746 450 664 581 575 633 749 745 637 347 718 375 164 505 577 575 503 266 414 738
23 282 44 294 86 209 102 236 168 273 185 314 296 286 154 263 115 87 108 123 295 187 202 225 266 175
24 674 510 706 705 691 385 122 357 325 477 644 437 511 471 453 666 708 225 298 724 406 731 443 88 497
25 512 91 656 668 463 611 326 506 551 125 490 529 556 358 679 399 612 356 211 371 403 491 620 523 438
26 486 640 473 725 244 685 691 273 494 641 531 468 108 337 710 353 427 419 548 744 573 654 527 405 563
27 66 89 38 100 132 75 151 137 100 126 151 135 133 51 70 25 129 135 143 134 118 16 139 155 145
28 261 192 652 414 411 705 498 663 417 635 515 360 581 516 428 298 339 295 664 692 721 558 454 621 716
29 503 458 544 651 716 668 724 446 452 689 630 514 360 791 826 353 426 840 819 808 284 398 327 603 176
30 280 226 69 57 254 182 307 71 250 103 94 224 200 296 312 194 149 309 82 189 293 213 270 88 306
;

param:   cost_bundl  marginal :=
1 147 144
2 134 121
3 153 53
4 106 75
5 137 119
6 107 117
7 148 85
8 37 33
9 76 155
10 137 141
11 154 145
12 147 79
13 88 98
14 61 112
15 69 126
16 148 77
17 89 109
18 126 69
19 96 131
20 65 131
21 56 97
22 118 113
23 90 136
24 120 76
25 125 66
;
param: buyer budget :=
  0 1452
  1 2399
  2 1138
  3 1642
  4 1982
  5 385
  6 1348
  7 1564
  8 243
  9 1210
  10 273
  11 163
  12 364
  13 528
  14 515
  15 2406
  16 924
  17 67
  18 1071
  19 607
  20 1573
  21 682
  22 2099
  23 2304
  24 686
  25 194
  26 349
  27 743
  28 523
  29 658
;
param num_partition :=
4
;
param: item partition_index cardinality :=
0 0 24
1 0 25
2 0 9
3 0 15
4 0 11
5 0 27
6 0 17
7 0 19
8 0 20
9 0 29
10 0 19
11 0 4
12 0 10
13 0 21
14 0 11
15 0 13
16 0 25
17 0 10
18 0 17
17 2 10
18 2 17
19 2 28
20 2 16
21 2 16
22 2 6
23 2 25
24 2 15
