param num_bundles := 25;

param num_cust := 30;

param price_reserve :
   1 2 3 4 5 6 7 8 9 10 11 12 13 14 15 16 17 18 19 20 21 22 23 24 25 :=
1 315 174 275 316 285 300 225 378 259 159 374 309 339 256 268 379 338 235 277 374 343 283 228 357 326
2 156 93 130 126 86 118 46 132 51 92 40 90 107 49 55 123 122 90 139 107 157 102 120 151 115
3 811 574 788 745 807 843 546 659 531 843 754 721 828 197 546 541 280 428 756 588 732 813 836 693 791
4 286 741 142 643 678 249 315 396 720 549 744 405 225 83 283 463 702 716 465 620 552 284 540 689 545
5 320 414 596 373 190 296 186 467 192 533 441 163 238 197 419 369 203 325 112 490 564 494 506 577 341
6 526 850 885 779 59 790 614 782 847 902 738 732 807 604 773 201 830 552 770 758 821 336 913 444 874
7 344 355 382 101 174 219 300 401 279 251 274 120 173 334 400 420 428 279 311 368 174 312 336 427 362
8 435 676 398 555 526 706 546 667 295 576 620 577 439 505 680 579 339 587 296 479 349 573 720 357 223
9 256 365 307 331 333 296 215 191 412 406 309 426 182 341 422 324 372 404 327 154 41 274 297 397 252
10 476 536 198 352 544 491 410 536 462 548 310 552 417 501 536 512 503 530 511 326 184 201 354 286 169
11 376 150 325 230 359 262 288 95 318 301 270 351 342 298 367 266 278 376 185 321 308 269 163 127 336
12 413 587 145 575 598 541 360 382 428 581 467 349 396 392 362 540 347 189 96 464 517 605 269 591 426
13 266 242 527 474 285 393 342 399 394 175 151 539 536 505 134 521 414 455 403 517 241 463 313 198 190
14 332 379 700 428 313 680 689 243 712 312 690 628 757 763 753 576 449 363 655 770 264 679 203 645 457
15 139 210 270 371 352 388 207 320 139 409 384 119 390 188 245 265 236 113 185 384 298 84 311 368 424
16 679 723 410 333 327 216 543 660 571 708 627 455 489 690 593 678 605 554 629 455 675 413 482 325 570
17 707 495 189 234 674 822 633 794 440 561 305 738 848 818 721 470 188 480 843 187 836 812 742 198 554
18 418 681 424 676 474 443 632 677 250 178 382 506 439 382 444 161 337 697 657 222 598 555 701 422 300
19 765 764 776 434 595 618 279 805 522 511 586 917 18 671 824 309 628 855 614 676 824 418 227 857 833
20 481 80 275 557 361 207 410 292 664 446 262 429 558 564 655 220 380 553 429 658 532 648 384 384 504
21 405 204 220 207 385 257 357 340 309 357 44 201 387 333 224 281 265 396 383 181 427 254 413 187 400
22 415 847 842 856 492 535 543 610 554 784 436 709 540 710 503 123 485 159 870 290 364 862 496 700 649
23 559 823 692 298 205 477 331 592 556 493 628 837 527 797 799 669 148 533 662 275 528 304 723 133 495
24 370 329 509 477 823 697 507 475 650 881 690 663 719 520 632 843 819 281 914 837 263 690 54 843 737
25 783 639 606 838 853 863 693 738 638 483 865 669 406 777 870 561 474 336 350 865 799 519 314 807 427
26 619 542 488 570 77 334 233 232 448 469 300 246 381 350 661 387 269 298 452 267 500 191 785 222 185
27 532 535 320 396 381 429 310 452 389 198 248 304 244 505 477 206 200 344 187 163 538 223 566 373 505
28 103 422 165 416 223 305 190 381 363 432 468 421 25 427 433 388 169 369 309 458 410 445 172 321 407
29 646 531 360 503 484 353 392 186 369 409 632 626 246 279 655 491 306 635 354 495 633 479 244 594 93
30 462 671 317 826 523 574 473 825 827 869 141 478 884 789 887 188 841 288 818 420 696 773 764 831 912
;

param:   cost_bundl  marginal :=
1 149 122
2 136 151
3 156 109
4 127 128
5 36 79
6 149 151
7 158 136
8 62 153
9 53 133
10 122 124
11 44 124
12 13 144
13 156 120
14 118 89
15 136 156
16 38 120
17 71 150
18 143 87
19 119 113
20 82 117
21 150 132
22 148 138
23 103 113
24 42 120
25 25 152
;
param: buyer budget :=
  0 376
  1 701
  2 1316
  3 2083
  4 1939
  5 2455
  6 1674
  7 1740
  8 289
  9 895
  10 729
  11 2293
  12 2670
  13 1308
  14 2622
  15 878
  16 546
  17 225
  18 2402
  19 1894
  20 2400
  21 1432
  22 602
  23 1675
  24 2732
  25 1605
  26 2319
  27 174
  28 2280
  29 189
;
param num_partition :=
4
;
param: item partition_index cardinality :=
0 0 26
1 0 5
2 0 3
3 0 20
4 0 15
5 0 6
6 0 21
7 0 10
8 0 17
9 1 26
10 1 26
11 1 15
12 1 29
13 1 7
14 1 27
15 1 3
16 2 11
17 2 26
18 2 10
19 2 18
20 2 18
21 2 11
22 2 4
23 2 12
24 2 19
