param num_bundles := 25;

param num_cust := 30;

param price_reserve :
   1 2 3 4 5 6 7 8 9 10 11 12 13 14 15 16 17 18 19 20 21 22 23 24 25 :=
1 118 103 197 377 510 350 633 648 486 576 585 200 313 464 61 450 539 396 370 551 307 375 646 447 114
2 314 623 599 363 166 640 351 365 636 133 597 563 212 644 620 509 155 505 441 392 680 510 307 217 620
3 160 96 288 204 187 199 91 254 197 48 222 86 283 314 129 164 238 171 182 294 204 306 64 214 174
4 224 484 368 346 126 512 558 187 580 419 268 486 260 331 315 465 220 220 68 495 378 369 485 534 501
5 658 327 549 700 699 176 269 493 517 475 561 278 546 593 675 583 663 380 506 553 643 278 701 605 215
6 524 535 651 603 552 574 661 691 302 516 534 565 300 543 583 559 353 408 495 325 471 283 340 653 330
7 192 155 232 122 226 191 276 247 305 199 252 261 169 380 285 250 248 266 255 245 316 168 195 377 341
8 677 661 449 119 327 574 745 523 670 457 686 610 720 619 775 411 662 543 752 548 516 538 261 594 725
9 294 241 266 172 49 255 237 197 239 108 232 279 307 296 230 99 258 248 170 248 238 71 57 292 81
10 312 296 297 213 144 148 352 367 96 374 261 343 268 345 334 55 318 46 241 269 353 348 128 240 195
11 427 678 265 314 605 499 231 669 428 609 568 147 494 676 240 296 155 537 131 670 273 342 347 576 680
12 295 479 409 568 266 452 191 319 292 289 531 610 678 148 282 710 603 429 679 726 538 613 697 420 708
13 382 557 304 281 323 503 487 224 556 524 277 507 558 156 539 559 213 419 390 555 171 486 482 233 226
14 645 793 880 571 768 201 760 772 870 707 270 548 581 704 696 303 293 790 827 627 464 717 370 751 289
15 614 608 285 302 785 545 523 804 565 181 126 788 580 239 233 189 745 587 599 547 769 655 740 362 639
16 819 363 530 690 644 817 787 676 633 548 804 810 516 719 790 579 512 673 464 679 252 776 658 187 650
17 194 355 435 585 697 726 557 422 304 433 650 460 604 523 535 220 316 757 533 161 674 754 453 625 689
18 232 466 384 0 439 249 654 487 569 611 589 596 573 594 512 550 632 351 640 638 519 577 306 529 591
19 191 499 530 302 476 221 489 677 469 387 599 382 161 410 364 430 601 670 238 391 343 412 618 715 654
20 425 330 429 390 464 86 321 239 269 364 474 507 503 272 155 343 464 61 258 311 480 419 477 474 461
21 570 563 246 560 423 484 337 459 330 191 177 411 424 346 162 431 553 472 182 529 508 236 383 515 349
22 643 428 731 655 579 665 629 217 568 299 713 593 383 687 397 620 705 238 277 729 371 573 274 350 613
23 722 504 443 886 497 566 164 737 351 634 508 874 804 689 884 402 803 658 797 621 579 271 766 837 103
24 246 456 259 128 291 241 532 514 304 357 253 441 462 396 302 307 515 202 508 378 412 323 332 286 351
25 585 431 291 389 386 447 219 244 478 45 217 148 603 209 287 503 235 420 299 326 595 276 325 157 169
26 539 479 608 252 568 197 506 383 562 483 440 651 536 549 262 310 607 481 600 550 118 243 545 506 544
27 135 114 147 150 135 108 109 126 125 138 117 117 75 93 143 131 152 67 143 59 103 148 68 82 56
28 412 342 404 484 364 460 465 534 415 291 158 525 541 437 319 331 271 190 307 527 537 361 324 171 386
29 491 357 534 545 475 606 527 377 394 536 263 647 538 355 549 498 232 591 480 390 597 553 559 408 421
30 643 726 744 400 391 599 775 686 671 540 403 568 162 658 486 786 390 160 415 316 591 440 641 372 569
;

param:   cost_bundl  marginal :=
1 112 76
2 85 118
3 82 114
4 149 113
5 115 100
6 145 70
7 54 90
8 149 70
9 123 109
10 110 140
11 147 79
12 137 153
13 134 84
14 81 26
15 99 53
16 133 44
17 96 122
18 27 120
19 51 18
20 116 75
21 149 147
22 138 144
23 85 84
24 121 157
25 44 120
;
param: buyer budget :=
  0 2639
  1 2605
  2 2218
  3 1017
  4 2194
  5 118
  6 1234
  7 2305
  8 2130
  9 2370
  10 145
  11 1131
  12 2159
  13 1810
  14 1269
  15 385
  16 1629
  17 1511
  18 2619
  19 2046
  20 706
  21 1191
  22 451
  23 1693
  24 974
  25 73
  26 150
  27 133
  28 816
  29 1430
;
param num_partition :=
4
;
param: item partition_index cardinality :=
0 0 25
1 0 29
2 1 9
3 1 4
4 1 10
5 1 7
6 1 19
7 1 28
8 1 11
9 1 4
10 1 19
11 1 16
12 1 24
13 1 15
14 1 2
15 1 26
16 1 14
17 1 22
18 1 16
19 1 2
20 1 4
21 1 5
22 1 25
23 1 24
24 2 22
