param num_bundles := 25;

param num_cust := 30;

param price_reserve :
   1 2 3 4 5 6 7 8 9 10 11 12 13 14 15 16 17 18 19 20 21 22 23 24 25 :=
1 394 665 177 600 247 641 38 524 431 675 241 202 456 405 700 298 531 599 258 341 274 609 431 502 259
2 304 155 310 166 293 88 367 276 199 345 160 218 379 336 305 202 309 326 125 213 281 316 101 319 318
3 321 208 293 384 218 338 234 414 193 263 369 399 403 164 133 423 248 409 322 187 406 360 251 184 348
4 478 433 452 353 635 407 425 236 233 411 384 580 897 293 470 801 337 371 721 715 493 430 63 180 721
5 302 359 210 201 268 252 141 206 237 70 17 321 218 346 159 347 301 279 163 271 301 69 271 241 86
6 532 204 552 187 559 679 355 601 334 650 617 513 378 211 430 688 408 555 346 109 516 417 123 692 537
7 457 505 219 401 382 102 192 484 524 426 452 530 494 91 207 383 235 529 247 496 369 465 308 451 525
8 480 343 730 595 673 522 718 448 183 559 605 567 324 400 788 713 794 587 713 719 707 207 668 307 194
9 321 745 239 583 814 681 819 797 555 737 207 669 381 779 781 810 656 759 757 537 250 613 642 531 458
10 698 797 718 589 179 826 379 617 502 755 688 754 754 560 752 454 96 721 770 791 376 140 594 545 646
11 593 747 816 540 552 257 542 415 845 773 709 511 273 478 169 430 358 844 571 628 826 675 589 512 561
12 595 232 543 651 632 199 654 610 208 452 425 299 537 555 606 466 261 332 407 428 305 458 354 448 582
13 764 395 481 768 615 552 336 728 583 744 229 545 586 787 785 806 124 101 323 79 783 741 491 619 379
14 741 729 776 659 723 439 697 428 733 403 162 769 766 355 384 671 698 661 126 685 730 488 346 797 284
15 344 570 472 490 195 281 420 572 473 131 461 431 441 678 579 483 537 550 467 622 277 577 508 546 108
16 36 83 155 141 133 69 132 99 85 91 96 56 124 102 26 89 100 134 135 154 156 53 139 152 133
17 58 141 387 398 352 382 450 359 486 176 543 417 488 396 463 278 18 415 295 103 159 296 465 504 543
18 441 211 249 558 563 347 428 370 348 332 250 310 466 518 529 455 212 427 347 431 493 324 401 338 317
19 292 131 168 281 298 55 218 239 58 286 148 189 173 274 211 137 288 134 161 180 140 256 263 32 309
20 642 668 314 679 431 573 648 494 650 466 512 255 400 470 348 193 651 147 678 451 574 518 370 638 309
21 818 704 731 706 628 693 719 177 724 574 425 780 662 497 645 245 760 403 581 416 636 811 690 784 488
22 108 208 510 502 447 389 403 202 153 510 338 201 310 352 355 428 463 197 361 137 212 418 492 343 390
23 209 298 392 475 601 511 345 520 435 169 559 444 378 235 532 398 381 532 185 575 517 499 75 497 441
24 711 723 430 247 578 717 689 403 640 676 715 493 489 434 734 636 505 617 631 198 693 563 574 628 610
25 517 834 353 847 798 771 738 584 707 657 805 415 351 536 578 522 778 338 679 839 616 754 762 747 372
26 187 516 433 602 399 695 340 258 569 260 484 708 205 273 641 638 694 323 705 363 471 218 560 518 566
27 222 700 585 577 181 243 806 249 705 576 544 480 563 625 803 395 829 844 540 374 717 802 624 619 763
28 340 339 372 358 273 103 149 297 352 255 347 332 179 207 126 265 334 334 216 336 349 53 339 130 100
29 433 165 306 550 662 658 554 659 525 691 691 709 406 439 158 301 504 222 651 530 540 125 583 685 518
30 876 606 149 354 309 513 775 844 428 579 552 822 598 722 683 542 351 895 386 301 835 786 574 148 809
;

param:   cost_bundl  marginal :=
1 71 46
2 151 133
3 136 139
4 129 155
5 135 81
6 58 104
7 133 85
8 141 80
9 93 154
10 29 38
11 17 151
12 118 87
13 96 154
14 29 109
15 20 83
16 153 121
17 36 145
18 124 93
19 154 145
20 104 125
21 78 102
22 121 83
23 131 38
24 137 102
25 81 130
;
param: buyer budget :=
  0 563
  1 2261
  2 2338
  3 995
  4 1820
  5 2671
  6 2563
  7 937
  8 2115
  9 349
  10 915
  11 920
  12 1345
  13 1749
  14 601
  15 2457
  16 1976
  17 2010
  18 1020
  19 2489
  20 2550
  21 1381
  22 2276
  23 2487
  24 112
  25 2346
  26 2061
  27 1566
  28 720
  29 1707
;
param num_partition :=
4
;
param: item partition_index cardinality :=
0 0 4
1 0 8
2 0 16
3 0 6
4 0 11
5 0 20
6 0 25
7 1 8
8 1 2
9 1 24
10 1 8
11 1 14
12 1 9
13 1 25
14 1 7
15 1 11
16 1 3
17 1 5
18 1 6
19 1 9
20 1 27
21 2 25
22 2 5
23 2 6
24 2 18
