param num_bundles := 25;

param num_cust := 30;

param price_reserve :
   1 2 3 4 5 6 7 8 9 10 11 12 13 14 15 16 17 18 19 20 21 22 23 24 25 :=
1 113 403 121 381 196 863 595 702 484 616 700 421 204 696 606 624 613 428 652 75 587 601 272 579 597
2 669 736 642 723 454 595 428 788 367 651 491 374 697 759 740 660 726 586 738 548 630 659 385 268 629
3 191 760 192 236 411 775 879 526 853 687 781 572 701 634 413 151 214 845 906 689 697 778 449 396 484
4 355 490 457 243 563 280 387 660 578 510 640 321 325 376 431 539 493 372 499 624 78 597 352 385 465
5 399 220 520 562 201 342 416 157 352 239 478 249 309 504 268 489 401 369 531 365 497 163 525 377 252
6 660 694 401 246 420 155 556 466 664 677 691 409 485 184 619 227 703 493 635 558 301 454 645 672 521
7 474 281 427 287 647 138 498 317 347 384 566 517 438 52 116 383 312 172 26 389 457 312 195 581 437
8 495 228 468 383 326 503 524 100 444 379 189 425 370 361 211 282 217 525 131 244 480 456 317 478 223
9 228 175 302 164 223 240 288 269 178 216 91 187 236 246 216 244 230 197 293 172 181 247 52 209 235
10 606 780 593 541 590 419 705 661 564 651 714 743 651 701 696 514 296 601 323 460 35 526 741 428 307
11 894 843 435 487 865 881 433 733 780 531 699 666 911 691 239 372 784 426 569 265 781 527 833 901 825
12 75 497 330 432 266 294 708 718 766 436 515 742 52 672 749 703 783 124 246 223 470 757 445 536 411
13 180 198 336 224 186 260 163 358 216 310 331 240 263 88 73 272 50 329 315 318 185 35 267 225 230
14 791 192 832 618 263 685 398 247 461 168 206 412 413 491 671 510 808 351 185 394 820 498 809 499 236
15 732 443 70 447 446 587 766 474 755 483 605 413 676 559 575 605 445 680 543 609 449 800 669 677 795
16 96 219 428 452 479 305 99 485 302 503 210 510 291 543 492 272 248 466 450 244 472 423 508 322 369
17 438 220 129 319 470 325 271 333 366 334 415 110 447 468 379 299 77 231 23 419 465 252 393 433 434
18 490 413 697 420 395 768 601 454 615 674 333 535 667 375 572 580 168 508 647 230 430 485 447 428 126
19 233 174 317 330 183 184 281 260 311 196 261 307 293 361 62 298 254 206 362 376 181 352 221 295 146
20 268 314 241 332 179 266 352 406 37 359 160 334 287 357 332 46 284 369 120 389 200 367 326 163 80
21 336 498 431 212 716 715 755 823 802 172 743 305 690 609 558 796 391 803 571 583 586 209 395 743 377
22 368 888 868 275 374 858 426 451 329 785 744 107 691 650 706 505 791 535 752 720 802 704 519 822 851
23 565 242 631 405 248 544 519 433 362 564 385 519 278 409 609 416 569 622 434 333 584 550 492 487 509
24 162 283 523 440 403 198 512 414 123 392 521 308 297 499 380 166 426 375 412 525 253 304 336 486 346
25 381 432 333 203 601 301 569 299 424 597 300 453 625 554 75 520 544 369 191 547 243 247 615 200 522
26 148 125 61 66 118 88 34 51 72 71 109 145 147 62 103 84 101 89 74 62 144 130 134 122 45
27 463 455 270 395 296 457 297 452 345 270 274 382 379 381 441 403 456 362 455 311 381 154 416 395 215
28 225 121 93 397 149 210 129 223 431 395 298 132 377 393 279 418 392 333 288 378 300 302 320 385 383
29 849 483 783 671 780 196 506 774 879 818 865 527 899 305 642 424 766 721 556 595 916 801 365 620 745
30 543 443 350 417 581 75 338 378 393 527 495 576 435 71 225 367 408 547 557 579 552 503 589 518 415
;

param:   cost_bundl  marginal :=
1 156 142
2 33 146
3 156 86
4 45 128
5 112 153
6 116 117
7 100 34
8 102 54
9 92 92
10 76 154
11 95 134
12 157 90
13 68 154
14 108 85
15 157 110
16 59 104
17 107 84
18 89 147
19 83 122
20 75 149
21 90 133
22 86 120
23 149 104
24 94 136
25 74 100
;
param: buyer budget :=
  0 2657
  1 155
  2 1158
  3 529
  4 1099
  5 1027
  6 751
  7 1434
  8 1816
  9 1095
  10 2415
  11 257
  12 400
  13 1314
  14 2383
  15 347
  16 2335
  17 1320
  18 1731
  19 2446
  20 924
  21 936
  22 160
  23 1209
  24 2161
  25 1237
  26 507
  27 227
  28 472
  29 340
;
param num_partition :=
4
;
param: item partition_index cardinality :=
0 0 26
1 0 26
2 0 15
3 0 12
4 0 29
5 0 23
6 0 13
7 0 13
8 0 2
9 0 3
10 0 28
11 0 17
12 0 21
13 0 29
14 0 26
15 0 20
16 0 29
17 0 22
18 0 24
19 0 13
20 0 7
21 0 20
22 0 18
23 0 21
9 2 3
10 2 28
11 2 17
12 2 21
13 2 29
14 2 26
15 2 20
16 2 29
17 2 22
18 2 24
19 2 13
20 2 7
21 2 20
22 2 18
23 2 21
24 2 14
