param num_bundles := 25;

param num_cust := 30;

param price_reserve :
   1 2 3 4 5 6 7 8 9 10 11 12 13 14 15 16 17 18 19 20 21 22 23 24 25 :=
1 339 201 750 643 551 773 584 611 772 275 709 610 824 579 625 698 468 430 410 676 658 743 506 824 255
2 126 190 309 89 236 252 68 248 291 285 82 279 300 244 289 184 234 164 226 255 156 160 261 272 219
3 56 85 96 126 26 64 126 138 81 94 84 77 135 41 119 138 88 108 71 116 91 103 114 70 137
4 691 746 538 402 791 804 647 356 519 594 826 767 487 522 699 462 821 106 645 787 742 775 548 670 202
5 283 571 574 398 461 474 405 419 407 575 485 615 650 646 561 303 611 193 409 577 332 372 358 495 679
6 451 229 746 508 625 441 139 911 591 810 911 335 546 100 835 756 617 434 360 771 785 761 691 706 840
7 740 534 455 368 554 329 256 373 448 660 761 765 816 569 104 787 516 502 460 583 608 642 399 656 562
8 309 381 226 739 290 508 484 639 688 623 360 782 240 338 711 536 463 295 452 779 821 739 179 93 863
9 435 553 470 235 248 182 829 825 888 878 789 865 497 696 534 766 848 172 867 785 564 806 686 750 151
10 635 65 354 504 258 519 647 642 680 648 316 316 433 629 594 252 371 639 479 269 542 658 512 578 36
11 499 91 537 723 489 526 681 590 710 315 599 820 726 591 811 342 757 540 769 739 845 680 841 652 504
12 450 429 254 411 471 305 161 461 308 278 456 368 437 365 456 99 167 345 463 416 370 410 163 120 457
13 841 308 528 873 857 496 654 449 446 834 594 470 749 176 729 171 867 179 708 563 761 717 395 776 764
14 727 652 586 724 429 846 787 261 758 735 738 390 809 791 544 568 388 670 644 375 515 628 139 616 638
15 429 397 304 93 393 383 411 316 347 279 365 400 236 412 256 272 286 122 272 179 393 223 252 421 371
16 121 140 126 144 133 93 40 105 147 129 83 146 113 135 138 144 139 51 148 99 112 136 95 102 148
17 312 164 261 127 164 259 207 284 150 137 285 314 188 168 244 232 272 184 267 305 168 313 194 285 192
18 798 533 140 529 850 668 311 861 573 781 907 615 770 798 87 726 604 751 569 407 316 578 836 791 532
19 141 229 464 435 369 428 421 358 433 421 90 141 309 419 389 477 112 356 195 270 411 453 199 57 259
20 600 494 420 122 101 150 652 562 221 297 74 738 610 684 304 486 672 296 219 674 472 658 575 737 362
21 154 100 85 129 115 102 137 108 124 144 127 133 134 76 95 98 142 23 103 128 87 72 118 130 126
22 387 664 649 479 257 701 310 549 248 591 600 396 139 331 499 251 463 362 482 601 225 426 747 261 744
23 775 560 656 343 821 508 615 831 380 854 838 866 634 329 133 258 606 699 126 162 761 252 691 794 423
24 156 625 657 423 548 391 440 404 541 443 271 654 421 533 592 532 678 610 259 643 108 462 588 624 354
25 851 443 206 158 797 572 707 711 634 595 811 812 869 704 888 664 36 818 640 199 452 299 816 321 627
26 471 241 411 113 327 451 499 408 450 542 474 443 394 397 493 466 242 537 416 296 349 262 488 275 367
27 901 910 70 529 157 718 788 665 105 889 694 646 319 522 887 683 642 417 578 393 620 888 649 384 352
28 679 135 486 383 654 743 748 496 795 633 279 477 718 719 476 655 752 640 731 697 573 774 438 480 490
29 384 316 790 201 795 652 596 621 784 653 710 426 602 742 772 339 472 676 644 796 727 596 698 567 246
30 876 539 387 704 868 800 619 634 463 631 675 822 735 879 826 887 833 722 386 887 797 656 177 580 438
;

param:   cost_bundl  marginal :=
1 95 63
2 121 98
3 102 99
4 126 48
5 158 22
6 85 54
7 85 106
8 155 114
9 120 127
10 120 95
11 155 120
12 126 110
13 109 155
14 127 98
15 27 100
16 101 134
17 111 140
18 25 145
19 152 141
20 120 28
21 38 121
22 90 72
23 108 121
24 53 151
25 11 87
;
param: buyer budget :=
  0 425
  1 1817
  2 1934
  3 801
  4 1804
  5 883
  6 2018
  7 612
  8 472
  9 981
  10 1603
  11 1560
  12 190
  13 1886
  14 831
  15 208
  16 814
  17 1781
  18 1001
  19 1109
  20 865
  21 1784
  22 870
  23 631
  24 1982
  25 150
  26 2068
  27 485
  28 1556
  29 1059
;
param num_partition :=
4
;
param: item partition_index cardinality :=
0 0 7
1 0 14
2 0 9
3 0 29
4 0 17
5 0 6
6 0 14
7 0 2
8 0 27
9 0 22
10 0 19
11 0 2
12 0 9
13 0 7
14 0 8
15 0 6
16 0 9
17 1 5
18 1 19
19 1 22
20 1 14
21 1 27
22 2 9
23 2 23
24 2 18
