param num_bundles := 25;

param num_cust := 30;

param price_reserve :
   1 2 3 4 5 6 7 8 9 10 11 12 13 14 15 16 17 18 19 20 21 22 23 24 25 :=
1 112 343 326 157 366 205 241 109 270 321 307 359 341 377 183 203 179 45 257 122 242 120 246 204 323
2 691 773 862 744 164 550 527 852 756 738 578 673 608 855 593 463 620 596 891 396 196 703 761 772 584
3 541 535 634 212 704 645 311 661 460 317 589 224 588 246 337 692 458 428 262 683 122 366 676 412 572
4 286 518 347 497 174 479 381 228 279 365 39 312 338 497 419 506 575 439 422 176 544 454 521 529 432
5 320 491 170 450 536 632 560 87 407 229 528 164 502 457 480 555 311 476 555 576 353 579 549 463 495
6 898 357 620 158 650 873 555 707 298 757 887 692 745 145 884 772 716 879 391 814 912 769 726 683 475
7 180 314 55 308 133 236 267 288 243 148 37 250 239 136 172 223 178 282 75 228 181 216 204 105 306
8 265 726 583 609 666 612 558 567 608 570 171 263 664 354 289 690 619 631 432 671 586 714 313 607 206
9 117 123 156 101 133 114 85 136 87 134 140 19 92 113 142 119 101 26 152 90 95 137 147 140 69
10 318 410 686 774 532 761 583 791 768 338 599 514 562 601 801 595 744 791 654 645 304 684 552 266 790
11 881 648 669 233 759 418 820 154 565 210 253 179 799 877 251 396 508 599 709 570 71 746 122 597 499
12 720 411 487 530 554 630 714 785 505 428 42 499 505 395 504 767 409 601 779 246 689 752 796 181 595
13 76 102 123 65 112 124 155 140 91 126 68 133 74 104 108 55 112 139 79 99 9 136 120 89 126
14 237 324 450 409 348 400 144 273 330 399 421 296 439 409 189 369 332 349 74 388 393 196 265 292 429
15 395 379 362 198 507 463 503 422 222 285 146 374 424 350 333 147 423 456 477 150 256 449 243 350 426
16 117 7 97 124 72 114 94 119 113 62 82 134 59 96 54 108 126 157 121 155 108 131 73 80 147
17 405 459 292 586 391 364 623 421 471 565 624 232 206 453 234 454 61 347 406 461 369 558 593 229 355
18 569 277 395 416 317 526 550 295 605 367 99 513 494 594 537 488 578 285 300 355 576 438 485 519 170
19 808 642 296 772 666 405 479 722 740 307 402 363 347 644 685 546 342 607 748 360 673 642 767 739 740
20 300 534 543 322 470 567 358 99 30 310 234 302 148 444 429 411 170 241 616 608 554 508 200 565 474
21 332 321 312 182 17 419 235 296 163 362 291 171 318 309 296 397 422 312 367 399 220 384 127 394 322
22 328 424 709 722 476 575 582 754 523 462 598 757 748 729 528 505 459 591 637 262 236 755 127 693 667
23 554 754 741 485 380 309 809 552 605 503 805 860 70 574 596 855 821 265 758 472 873 760 533 575 387
24 460 416 340 463 254 418 422 218 457 240 459 317 100 453 439 165 238 357 441 415 251 262 252 373 398
25 562 341 545 578 230 611 341 587 659 429 356 645 597 381 457 667 334 688 697 338 508 162 590 141 529
26 165 520 514 490 504 475 434 452 586 489 532 527 271 526 198 189 364 45 535 534 197 509 332 450 624
27 321 244 280 417 373 163 287 405 357 319 226 409 410 373 99 401 289 426 96 231 320 394 99 343 391
28 141 155 187 55 126 120 116 117 265 236 142 179 240 161 281 315 260 218 214 38 296 253 217 215 8
29 65 122 127 135 146 140 133 138 49 80 133 154 110 123 114 148 93 87 138 107 155 49 118 129 128
30 738 240 153 477 877 870 667 714 590 726 598 372 256 671 777 384 764 842 832 792 571 669 694 765 879
;

param:   cost_bundl  marginal :=
1 44 136
2 75 71
3 29 154
4 98 141
5 76 95
6 63 156
7 142 149
8 63 134
9 143 152
10 142 140
11 109 103
12 121 129
13 25 61
14 81 93
15 42 156
16 105 57
17 141 152
18 132 153
19 123 101
20 123 149
21 72 132
22 118 104
23 109 74
24 151 114
25 74 108
;
param: buyer budget :=
  0 1845
  1 2471
  2 1906
  3 1443
  4 913
  5 1193
  6 2316
  7 896
  8 2426
  9 287
  10 1351
  11 2137
  12 475
  13 2322
  14 2168
  15 1090
  16 756
  17 1070
  18 1950
  19 1412
  20 586
  21 560
  22 98
  23 1909
  24 1311
  25 2118
  26 230
  27 2184
  28 44
  29 1816
;
param num_partition :=
4
;
param: item partition_index cardinality :=
0 0 1
1 0 28
2 0 27
3 0 25
4 0 9
5 0 10
6 0 25
7 0 18
8 0 29
9 0 17
10 0 12
11 0 27
12 0 3
13 0 28
14 0 19
15 0 27
3 2 25
4 2 9
5 2 10
6 2 25
7 2 18
8 2 29
9 2 17
10 2 12
11 2 27
12 2 3
13 2 28
14 2 19
15 2 27
16 2 1
17 2 13
18 2 26
19 2 21
20 2 12
21 2 22
22 2 7
23 2 26
24 2 5
