param num_bundles := 25;

param num_cust := 30;

param price_reserve :
   1 2 3 4 5 6 7 8 9 10 11 12 13 14 15 16 17 18 19 20 21 22 23 24 25 :=
1 30 105 619 639 669 292 520 573 577 650 416 481 185 228 247 604 166 368 125 263 447 668 262 552 337
2 373 521 754 203 535 752 757 759 235 478 293 769 722 654 546 653 454 585 624 671 763 486 704 383 644
3 346 394 390 431 137 416 356 322 182 194 364 267 149 247 386 158 275 187 300 175 431 107 218 170 406
4 341 241 102 414 391 221 190 297 321 477 418 428 496 347 395 439 416 491 290 373 343 112 166 227 501
5 246 414 425 225 530 450 415 327 467 476 131 481 421 424 569 509 177 470 409 443 400 421 55 379 419
6 643 301 411 85 130 589 370 699 505 715 671 768 324 229 413 712 344 757 605 653 615 660 547 557 530
7 768 801 408 518 669 700 747 232 459 627 273 601 716 518 636 688 237 737 303 161 782 509 823 408 337
8 293 469 389 434 417 489 500 323 72 368 57 418 327 476 409 267 114 107 361 420 419 307 428 44 400
9 468 548 353 751 340 240 282 700 480 792 655 218 682 602 490 412 694 633 809 385 423 641 559 425 363
10 624 452 603 169 215 210 427 595 395 492 557 469 650 555 639 476 353 527 559 477 549 137 575 543 97
11 714 433 760 472 659 197 489 802 689 256 570 667 355 300 249 799 652 594 783 414 549 837 563 639 821
12 225 379 454 331 290 387 475 324 421 398 110 252 132 524 517 301 541 162 447 544 391 312 187 193 513
13 627 720 481 773 757 618 431 294 808 402 555 267 697 479 624 804 653 793 447 732 686 216 391 415 588
14 522 508 390 412 532 548 555 575 370 447 168 398 379 473 428 337 507 566 546 530 558 301 542 499 338
15 645 705 824 725 769 116 319 699 778 500 774 276 605 780 376 452 558 694 360 848 855 226 697 653 494
16 144 125 124 64 77 146 112 152 133 145 152 71 130 68 141 11 43 86 61 131 69 25 149 76 86
17 115 681 312 726 730 515 748 616 617 692 286 612 407 730 494 64 362 701 397 341 541 732 613 365 293
18 475 653 917 780 467 428 721 635 486 457 403 615 840 785 820 595 669 587 691 335 255 452 877 175 884
19 773 771 360 552 658 659 616 514 495 739 855 723 235 624 686 650 597 840 644 788 670 715 863 306 394
20 418 601 705 702 828 189 475 732 691 247 471 768 658 762 716 532 483 619 642 799 274 243 649 87 695
21 223 351 387 463 454 128 383 414 452 303 284 385 381 407 195 466 341 416 194 471 96 291 459 177 28
22 595 174 112 611 374 103 483 256 605 340 638 76 157 91 695 165 337 382 705 674 437 366 701 303 110
23 422 319 425 541 377 509 342 576 395 523 350 564 132 337 185 225 499 575 469 114 542 265 288 576 393
24 597 332 393 471 121 302 175 104 455 380 580 565 247 397 557 335 323 570 356 548 476 319 559 331 512
25 200 334 228 246 186 491 371 346 233 559 396 371 409 531 516 404 212 575 540 462 263 524 354 192 457
26 712 598 556 700 536 621 721 616 226 676 525 285 550 338 470 587 420 572 542 235 557 288 25 429 524
27 453 282 604 92 448 465 516 489 603 435 348 571 283 342 209 258 257 475 563 590 351 546 602 192 349
28 439 539 150 459 425 488 509 436 322 325 144 516 597 403 186 287 346 572 467 275 370 457 545 530 324
29 397 162 683 399 722 587 398 707 616 759 523 743 581 426 675 787 370 307 535 651 500 270 771 481 424
30 309 506 404 437 528 56 301 488 422 183 425 114 527 443 445 384 251 488 448 435 163 502 488 461 335
;

param:   cost_bundl  marginal :=
1 101 153
2 104 144
3 146 138
4 156 146
5 10 135
6 36 119
7 117 88
8 112 109
9 142 153
10 49 134
11 142 62
12 50 18
13 85 153
14 125 132
15 154 96
16 111 135
17 146 44
18 157 37
19 65 48
20 109 72
21 94 149
22 115 122
23 140 157
24 81 106
25 138 98
;
param: buyer budget :=
  0 434
  1 1356
  2 698
  3 2494
  4 2011
  5 577
  6 2297
  7 2131
  8 974
  9 2621
  10 1569
  11 1457
  12 809
  13 499
  14 1506
  15 1452
  16 681
  17 1554
  18 2039
  19 1307
  20 2485
  21 2657
  22 1282
  23 2065
  24 1094
  25 1501
  26 1138
  27 2145
  28 1033
  29 1157
;
param num_partition :=
4
;
param: item partition_index cardinality :=
0 0 3
1 0 17
2 0 20
3 0 3
4 0 10
5 0 1
6 0 24
7 0 21
8 0 13
9 0 29
10 0 11
11 0 4
12 0 6
13 0 14
14 0 3
15 0 8
16 0 11
17 0 4
18 0 23
1 2 17
2 2 20
3 2 3
4 2 10
5 2 1
6 2 24
7 2 21
8 2 13
9 2 29
10 2 11
11 2 4
12 2 6
13 2 14
14 2 3
15 2 8
16 2 11
17 2 4
18 2 23
19 2 25
20 2 22
21 2 8
22 2 5
23 2 1
24 2 24
