param num_bundles := 25;

param num_cust := 30;

param price_reserve :
   1 2 3 4 5 6 7 8 9 10 11 12 13 14 15 16 17 18 19 20 21 22 23 24 25 :=
1 510 224 62 400 298 575 382 487 498 534 528 252 68 556 412 505 402 424 572 253 457 571 443 395 491
2 437 770 371 649 855 732 658 807 511 552 880 611 498 792 808 817 424 137 295 899 423 863 758 699 683
3 248 527 638 231 684 640 607 498 345 374 698 565 715 443 531 372 346 618 546 639 610 445 681 703 727
4 479 443 436 340 454 397 499 647 376 459 440 580 295 539 182 489 477 74 581 518 595 490 311 353 651
5 618 392 618 185 576 287 620 144 122 627 592 557 621 526 333 540 241 637 251 584 587 310 604 353 599
6 842 521 618 805 534 596 809 325 771 522 524 748 216 397 608 526 681 609 402 834 800 597 615 621 825
7 884 510 558 754 560 835 770 505 738 848 323 906 789 117 350 403 865 452 621 255 837 815 774 753 860
8 481 451 755 577 475 636 681 619 611 105 166 152 790 849 625 379 830 309 702 239 443 790 162 365 763
9 495 492 358 447 128 464 285 471 532 503 362 462 374 306 556 375 199 315 160 573 439 218 541 402 496
10 648 546 244 328 587 471 609 303 413 687 521 502 105 404 416 174 625 646 287 341 487 597 498 447 489
11 508 300 271 639 365 405 261 173 383 644 601 311 57 198 359 316 565 367 533 650 607 77 240 473 651
12 768 452 459 728 714 484 521 744 735 744 682 361 393 437 704 483 549 268 713 644 545 600 718 218 329
13 268 285 296 226 35 196 282 86 126 229 262 201 230 208 231 275 216 93 281 215 235 310 173 146 307
14 657 263 649 409 741 313 784 802 797 889 852 633 677 139 623 282 626 800 731 645 719 651 789 783 561
15 357 559 318 332 582 683 453 540 296 363 584 670 710 157 269 284 739 209 588 380 631 702 562 683 231
16 535 15 760 563 365 717 504 653 502 357 768 656 553 550 385 374 731 577 415 655 239 583 734 408 644
17 584 522 608 863 631 183 881 337 705 873 442 545 769 683 623 539 542 693 175 438 561 529 395 561 513
18 377 357 359 209 377 330 413 420 379 507 292 238 491 449 425 453 501 323 465 132 338 211 413 84 440
19 255 270 206 335 470 211 432 135 277 386 130 410 160 311 445 495 272 112 275 416 371 321 402 483 119
20 704 541 568 554 671 276 530 314 476 384 448 731 437 645 399 343 448 582 606 705 520 532 582 580 695
21 331 245 452 208 409 220 397 401 195 509 213 446 242 347 185 204 354 208 363 364 339 321 453 99 503
22 379 545 446 606 260 432 616 599 547 538 677 534 354 398 460 431 491 269 630 657 428 646 251 643 532
23 592 532 656 95 692 227 264 471 558 444 270 862 586 334 278 478 590 670 846 692 737 826 364 760 852
24 532 632 353 311 695 526 252 375 607 117 411 366 379 704 586 307 602 586 520 526 279 351 586 513 410
25 789 404 782 429 754 413 580 439 635 226 333 441 805 610 627 801 798 239 613 465 774 565 594 220 715
26 306 261 339 332 142 394 300 472 212 317 539 539 262 560 356 107 193 255 523 83 486 249 316 202 576
27 372 659 664 655 207 333 267 93 502 187 671 518 760 410 611 309 654 743 770 537 652 538 356 324 689
28 558 369 593 449 448 528 423 409 544 504 232 300 374 549 506 484 604 355 358 377 223 318 570 596 292
29 630 292 363 509 421 333 272 192 127 655 145 218 422 656 725 439 635 162 596 324 620 214 216 456 625
30 122 737 517 644 608 698 703 491 462 229 524 268 388 734 400 638 606 713 452 517 435 250 599 721 349
;

param:   cost_bundl  marginal :=
1 106 154
2 130 26
3 83 27
4 107 53
5 121 155
6 156 108
7 123 35
8 72 98
9 142 147
10 149 136
11 151 153
12 136 148
13 111 88
14 80 104
15 139 127
16 152 91
17 99 71
18 86 134
19 100 132
20 70 154
21 143 116
22 104 117
23 123 69
24 148 104
25 115 142
;
param: buyer budget :=
  0 1844
  1 1009
  2 163
  3 1544
  4 1802
  5 2008
  6 168
  7 1218
  8 1869
  9 1544
  10 1867
  11 2017
  12 1536
  13 1233
  14 1365
  15 2487
  16 137
  17 609
  18 1217
  19 1630
  20 632
  21 1745
  22 1610
  23 1890
  24 1457
  25 1608
  26 1912
  27 838
  28 962
  29 1186
;
param num_partition :=
4
;
param: item partition_index cardinality :=
0 0 22
1 0 10
2 0 25
3 0 19
4 0 9
5 0 16
6 0 29
7 0 2
8 0 19
9 0 29
10 0 29
11 0 14
12 0 19
13 0 3
14 0 9
15 0 6
16 1 22
17 1 20
18 1 13
19 1 17
20 1 18
21 2 19
22 2 28
23 2 25
24 2 25
