param num_bundles := 25;

param num_cust := 30;

param price_reserve :
   1 2 3 4 5 6 7 8 9 10 11 12 13 14 15 16 17 18 19 20 21 22 23 24 25 :=
1 680 216 670 735 362 594 729 754 666 332 601 170 132 350 676 744 602 521 421 732 635 581 618 576 524
2 616 701 396 608 703 460 879 851 428 168 460 793 290 753 629 601 670 537 340 805 844 572 833 204 477
3 507 901 833 893 662 344 769 638 618 684 642 759 802 522 656 833 824 401 509 456 698 523 616 569 643
4 419 445 150 283 505 232 557 352 66 576 515 553 216 336 516 383 458 423 263 551 484 304 357 297 441
5 530 255 343 152 656 286 298 353 590 681 125 588 44 728 759 706 387 547 347 723 679 739 237 281 653
6 93 371 151 327 189 169 468 421 58 247 339 268 162 283 250 115 205 191 449 317 451 279 389 441 259
7 636 351 752 877 334 411 574 772 396 400 682 579 595 854 406 156 890 679 780 173 788 506 589 598 212
8 681 821 810 285 301 571 44 783 683 700 890 824 613 730 754 839 880 457 788 476 857 671 390 56 481
9 375 30 369 445 234 249 445 419 300 467 141 352 212 293 406 302 452 236 446 142 159 228 195 174 345
10 341 543 552 136 550 307 508 574 549 426 274 539 407 315 492 453 192 527 270 367 327 279 257 74 293
11 285 444 366 599 159 157 451 582 288 375 502 402 429 626 455 306 333 309 591 492 384 475 505 603 598
12 242 372 79 354 268 277 320 189 309 349 135 354 226 175 352 317 374 182 251 228 271 260 163 126 257
13 296 61 263 114 203 315 227 194 221 281 215 126 306 315 305 208 281 308 289 245 154 219 228 308 270
14 550 734 595 902 436 731 775 838 331 787 504 798 674 872 606 771 456 364 564 799 842 847 632 357 653
15 713 359 784 830 304 782 447 774 832 728 602 648 344 462 620 527 437 385 797 852 309 380 413 549 243
16 272 378 468 390 487 312 272 483 149 121 450 465 413 459 444 397 380 507 451 375 124 449 423 445 412
17 466 781 513 750 438 839 719 296 649 73 860 550 841 728 808 176 731 379 146 413 560 587 850 387 415
18 640 821 385 98 378 803 807 493 434 532 589 699 621 745 339 546 283 768 745 813 525 707 568 578 677
19 617 711 756 725 659 78 528 538 874 509 792 651 846 787 875 263 868 772 615 429 532 396 605 630 659
20 627 558 608 153 640 630 638 333 619 636 691 725 656 237 733 117 158 504 671 163 804 326 784 706 580
21 731 384 367 761 426 747 608 747 297 769 711 546 721 460 756 232 671 350 710 468 564 581 213 475 750
22 497 483 712 637 650 659 163 506 129 532 444 649 723 554 608 575 609 200 617 750 706 615 724 542 753
23 344 425 428 372 67 298 334 498 460 313 325 146 107 426 336 510 291 268 156 489 106 415 382 312 318
24 308 635 200 557 328 407 329 500 535 471 257 697 753 569 521 607 710 113 647 183 654 560 480 699 623
25 825 850 435 865 753 484 747 69 842 701 765 840 779 720 640 196 633 226 842 535 455 700 519 522 397
26 110 347 231 456 176 416 399 528 307 533 343 299 475 635 389 460 216 537 595 623 356 313 41 508 522
27 260 255 250 647 453 838 648 722 801 561 865 123 589 400 681 814 856 826 875 651 863 731 848 676 738
28 336 328 137 328 455 500 298 521 406 508 527 523 400 439 166 293 347 293 362 524 328 313 354 293 452
29 363 59 879 843 456 872 866 341 508 544 898 878 779 752 839 839 585 372 600 813 575 797 582 868 641
30 248 344 295 312 120 337 305 358 477 460 194 352 418 390 467 502 222 343 396 290 365 459 178 130 156
;

param:   cost_bundl  marginal :=
1 8 24
2 81 154
3 132 50
4 53 106
5 94 143
6 57 157
7 129 114
8 29 42
9 128 141
10 127 114
11 110 117
12 81 126
13 103 103
14 125 73
15 129 86
16 111 17
17 155 155
18 144 142
19 109 129
20 87 68
21 140 129
22 156 61
23 73 146
24 100 137
25 139 92
;
param: buyer budget :=
  0 351
  1 2503
  2 209
  3 891
  4 360
  5 1649
  6 1662
  7 2542
  8 288
  9 1500
  10 218
  11 1455
  12 1222
  13 2014
  14 1263
  15 1725
  16 1294
  17 577
  18 823
  19 2333
  20 2487
  21 234
  22 2141
  23 682
  24 1741
  25 2356
  26 2460
  27 1066
  28 960
  29 1089
;
param num_partition :=
4
;
param: item partition_index cardinality :=
0 0 8
1 0 19
2 0 14
3 0 1
4 0 20
5 0 1
6 0 27
7 0 16
8 0 20
9 0 22
10 0 2
11 0 3
12 0 23
13 1 28
14 1 23
15 2 8
16 2 3
17 2 11
18 2 8
19 2 20
20 2 23
21 2 9
22 2 8
23 2 18
24 2 28
