param num_bundles := 35;

param num_cust := 30;

param price_reserve :
   1 2 3 4 5 6 7 8 9 10 11 12 13 14 15 16 17 18 19 20 21 22 23 24 25 26 27 28 29 30 31 32 33 34 35 :=
1 853 879 300 800 988 1031 636 739 876 676 778 383 748 865 275 390 466 571 806 719 573 641 533 844 978 1024 863 809 549 445 326 708 973 955 544
2 700 727 377 693 589 479 462 601 703 670 310 610 743 289 60 413 574 631 180 485 404 657 447 470 409 717 417 712 487 553 227 413 609 458 570
3 727 625 438 338 458 447 246 654 708 589 545 97 235 350 588 714 296 472 628 630 191 467 426 701 696 288 567 457 696 437 629 713 448 689 259
4 753 583 837 399 703 1016 478 743 453 478 909 74 1042 1023 432 642 439 674 718 757 989 491 1012 1056 1039 739 1072 673 216 704 656 856 912 734 667
5 63 639 659 587 1045 871 360 1058 118 933 1038 1062 744 1102 690 592 931 165 209 271 938 803 880 333 644 950 247 969 430 540 349 1054 1097 1082 599
6 210 625 253 482 219 612 427 153 615 458 461 295 491 451 383 578 134 162 418 433 549 456 510 610 368 343 294 104 535 151 581 639 283 199 535
7 654 590 418 736 269 515 750 745 363 466 778 874 382 816 600 891 799 547 770 575 512 534 925 431 407 845 583 399 681 607 680 850 591 527 827
8 180 163 132 105 134 119 60 157 183 136 158 45 163 146 116 92 149 144 184 179 129 126 123 115 148 121 154 25 86 51 77 156 131 120 171
9 576 437 238 140 366 446 501 480 251 479 365 696 650 702 499 504 255 636 232 509 516 348 666 600 70 675 401 621 628 87 352 121 694 689 664
10 48 302 980 797 651 685 378 613 588 700 752 991 754 809 358 151 705 909 521 637 623 353 461 374 1008 634 660 634 409 835 638 620 1016 541 919
11 378 534 591 473 559 105 462 484 304 484 472 128 100 301 418 71 397 587 430 86 260 318 446 177 537 506 389 437 560 322 587 286 301 536 363
12 729 1028 909 464 437 1041 976 595 958 774 581 1085 483 1097 732 458 884 992 130 1068 750 892 616 917 586 412 653 680 589 964 563 692 1086 929 1101
13 1088 515 474 1011 726 846 345 434 932 1074 849 897 315 884 459 971 976 959 1048 1102 1056 977 1083 405 668 703 840 298 1101 877 597 986 816 1030 984
14 729 1165 1162 847 1089 796 298 1109 1085 455 512 422 909 1180 562 561 1096 1118 376 651 1071 1172 625 1093 870 771 1013 366 239 1073 140 353 835 809 735
15 174 232 373 368 328 44 101 256 406 130 229 444 355 316 415 485 475 276 316 419 490 226 249 242 202 430 504 281 472 196 107 228 494 469 417
16 602 281 612 701 900 818 303 295 683 163 587 870 688 947 707 748 721 635 953 556 805 585 301 944 809 574 902 817 838 523 342 437 821 778 284
17 716 347 473 530 572 628 512 197 401 295 265 435 414 424 395 379 156 721 184 587 490 635 704 675 485 587 745 140 407 338 324 181 620 278 614
18 187 264 162 259 258 111 362 293 217 372 363 145 179 51 152 270 164 344 311 296 186 361 267 324 177 175 152 322 310 182 139 313 293 297 299
19 308 718 1069 300 630 695 797 1052 1021 785 1018 1069 1049 1039 596 710 575 977 427 438 717 709 904 579 694 745 481 1013 825 409 855 923 515 857 1059
20 112 481 302 835 802 512 780 482 623 713 732 730 795 857 653 418 866 792 126 760 684 807 880 686 779 681 879 259 619 833 649 541 200 826 566
21 403 223 121 378 392 249 445 337 323 472 501 309 244 489 273 332 245 200 293 220 178 457 378 316 216 408 409 283 341 194 471 187 290 315 442
22 717 649 745 110 650 587 547 715 658 706 447 647 534 725 612 613 655 737 672 540 514 506 68 326 283 159 732 748 542 611 588 572 90 358 435
23 683 748 416 527 418 614 817 789 695 600 691 815 745 529 712 612 617 831 796 268 298 434 489 309 449 769 676 519 517 859 471 247 845 783 854
24 597 492 579 768 457 248 711 502 681 274 340 756 594 484 306 646 696 731 485 625 563 759 770 534 583 462 310 382 497 798 668 344 795 209 665
25 401 285 304 329 404 219 323 90 247 273 325 369 411 131 378 183 206 197 221 247 397 227 419 298 323 442 193 251 316 165 434 290 196 338 219
26 417 678 692 971 846 696 162 519 330 468 627 909 503 589 598 882 414 455 554 789 287 766 401 334 542 495 794 719 189 492 889 722 605 942 986
27 488 574 109 765 958 836 625 613 386 865 370 785 677 290 809 884 998 520 989 956 713 762 972 314 842 94 16 797 866 680 892 738 564 639 288
28 310 350 345 299 158 369 296 237 274 366 264 25 316 281 98 304 372 371 259 94 259 238 304 71 166 211 288 242 342 341 152 263 253 273 164
29 203 547 681 355 506 665 523 525 413 473 542 672 510 540 415 151 378 562 571 497 301 697 608 678 508 278 640 655 585 649 570 409 132 339 715
30 483 602 411 211 451 311 363 281 397 664 262 560 647 228 677 348 475 272 119 360 237 458 556 206 388 277 466 604 609 413 281 524 639 387 242
;

param:   cost_bundl  marginal :=
1 90 135
2 143 71
3 176 148
4 134 140
5 80 126
6 93 154
7 156 132
8 21 133
9 164 158
10 118 150
11 114 109
12 167 149
13 101 108
14 162 172
15 182 72
16 139 178
17 146 128
18 173 145
19 142 178
20 173 109
21 126 142
22 174 99
23 144 83
24 179 181
25 89 159
26 181 176
27 153 183
28 130 169
29 131 61
30 163 72
31 183 103
32 176 145
33 113 155
34 142 176
35 186 81
;
param: buyer budget :=
  0 2347
  1 271
  2 863
  3 1920
  4 2010
  5 793
  6 1839
  7 1367
  8 1955
  9 207
  10 80
  11 996
  12 1882
  13 888
  14 430
  15 1224
  16 1388
  17 1485
  18 449
  19 452
  20 1675
  21 348
  22 850
  23 1955
  24 950
  25 548
  26 1438
  27 1252
  28 866
  29 1163
;
param num_partition :=
3
;
param: item partition_index cardinality :=
0 0 9
1 0 6
2 0 7
3 0 4
4 0 8
5 0 7
6 0 29
7 0 8
8 0 27
9 0 11
10 0 24
11 0 4
12 0 20
13 0 12
14 0 24
15 0 23
16 0 14
17 0 11
18 0 2
19 0 1
20 0 10
21 0 21
22 0 7
23 0 11
24 0 1
25 0 14
26 0 10
27 0 2
28 0 8
29 0 5
30 0 26
31 0 19
32 0 29
33 0 25
34 1 28
