param num_bundles := 35;

param num_cust := 30;

param price_reserve :
   1 2 3 4 5 6 7 8 9 10 11 12 13 14 15 16 17 18 19 20 21 22 23 24 25 26 27 28 29 30 31 32 33 34 35 :=
1 288 118 194 231 201 280 330 260 98 288 270 241 134 132 158 67 148 308 343 132 323 191 252 253 330 151 95 206 277 324 306 358 325 263 359
2 679 364 193 347 754 251 216 407 748 787 828 763 780 581 481 426 748 298 358 515 381 625 779 386 418 573 484 498 489 259 238 637 532 829 402
3 454 374 454 320 468 453 291 461 303 327 494 402 250 341 119 435 470 463 482 100 193 500 279 160 176 120 340 360 207 471 450 312 503 182 113
4 332 798 373 1191 1019 985 1114 924 1026 610 520 621 966 1225 1199 809 149 932 359 456 819 1140 935 1072 534 736 1162 1204 636 389 359 549 809 151 1174
5 230 775 633 614 610 871 287 887 950 813 497 239 87 824 881 678 686 459 400 803 446 631 151 407 521 953 740 471 843 791 469 364 626 316 374
6 935 785 949 870 803 885 248 748 914 401 899 924 501 776 790 357 597 297 814 772 956 589 767 524 715 601 649 353 791 879 873 366 703 365 259
7 349 575 718 905 548 440 782 292 707 711 1032 742 495 825 679 910 1084 1048 709 570 672 655 994 408 882 605 919 200 889 831 1047 906 429 1061 644
8 590 881 575 733 768 106 445 380 737 790 877 875 758 763 533 797 463 632 763 466 849 844 908 528 635 823 439 884 496 750 663 683 766 625 927
9 521 424 646 1077 578 27 925 230 521 1077 950 924 625 1040 753 1133 815 1064 1079 363 364 942 851 1063 596 281 1029 583 318 908 130 1056 325 642 986
10 951 539 396 850 873 912 280 942 404 856 471 590 425 941 1083 655 1019 1064 878 779 775 894 430 921 993 411 764 969 1074 403 945 1038 976 365 981
11 830 250 447 633 638 678 460 210 904 897 679 424 868 693 661 202 678 632 302 487 590 854 633 364 859 744 313 525 889 526 765 731 645 901 703
12 888 786 580 727 405 545 871 119 869 943 962 916 955 614 767 965 501 612 876 702 812 670 747 950 537 312 946 643 648 838 403 74 609 887 464
13 103 422 203 1087 884 622 1156 1081 1109 312 1190 899 245 791 890 730 1034 847 914 877 589 950 981 356 105 441 684 979 973 752 1067 855 1129 751 1182
14 530 535 694 726 405 422 636 517 577 483 232 729 748 783 402 587 465 84 447 506 639 654 300 756 373 804 703 221 624 641 429 309 462 721 489
15 534 318 603 414 657 680 586 623 560 587 541 552 553 504 625 533 675 267 644 186 621 339 262 464 195 436 668 236 665 352 647 317 624 282 541
16 334 718 1224 1208 934 914 988 944 830 828 616 264 390 1079 539 360 412 612 646 547 323 1208 1076 1140 1013 1176 1233 893 1046 131 660 891 788 953 686
17 434 535 468 275 235 503 441 424 604 471 525 282 532 494 445 169 340 389 527 388 530 532 589 564 326 386 139 373 588 249 561 534 467 390 343
18 791 1059 435 920 722 799 769 732 553 674 238 733 682 857 412 803 420 1057 976 656 540 841 758 1012 911 1030 249 276 746 816 1038 610 1102 762 649
19 954 708 502 450 571 505 453 253 215 271 664 635 563 208 473 687 913 748 892 945 431 716 956 747 816 535 746 254 643 828 759 972 646 769 288
20 409 449 522 686 571 52 233 639 804 135 776 783 709 688 662 209 610 568 274 0 524 578 597 749 367 768 777 455 782 632 558 650 530 647 664
21 544 609 332 336 518 553 299 714 260 231 305 351 601 248 361 583 418 144 741 445 734 391 194 453 329 588 625 764 365 597 771 550 656 625 18
22 591 323 469 267 406 162 570 427 447 540 366 238 575 539 493 173 553 406 463 585 521 370 563 288 600 379 370 87 499 409 119 349 280 595 364
23 452 422 1174 288 555 334 596 819 745 696 662 1110 1020 1199 1200 624 279 1166 592 725 669 1140 1093 894 974 648 1152 1036 656 559 995 940 671 1146 1055
24 945 536 292 922 901 944 957 117 745 1025 561 720 506 968 737 699 187 862 787 607 652 922 542 516 271 959 98 824 817 657 377 758 310 737 579
25 208 633 668 307 569 875 535 559 1176 267 639 1153 1195 1089 244 614 1197 916 150 347 377 320 839 985 805 826 1137 915 983 609 1195 197 913 580 850
26 691 633 967 551 520 944 439 406 709 895 885 555 139 294 177 898 826 888 577 600 533 962 962 884 512 935 971 279 937 805 260 553 735 779 968
27 678 1039 1202 873 1223 580 1163 1089 1205 1183 491 1065 506 1177 891 673 1185 562 1197 788 887 833 668 1063 725 815 520 958 705 891 107 1180 1162 731 519
28 598 445 681 397 731 475 518 684 567 731 142 506 626 250 474 446 482 676 506 715 746 482 37 731 354 709 718 672 550 618 647 144 574 596 529
29 813 725 270 601 640 396 823 731 733 531 827 616 886 734 484 392 634 710 923 890 925 137 706 758 409 527 458 468 879 770 364 457 431 687 530
30 917 686 589 849 630 174 997 860 889 692 762 920 652 607 649 981 734 674 983 246 799 1020 959 494 899 489 566 1004 696 846 834 955 857 903 642
;

param:   cost_bundl  marginal :=
1 187 32
2 166 164
3 77 69
4 95 162
5 108 109
6 125 32
7 160 166
8 139 118
9 147 60
10 160 158
11 162 73
12 37 144
13 24 135
14 105 129
15 107 52
16 151 122
17 114 174
18 181 103
19 170 125
20 140 124
21 149 157
22 61 184
23 183 187
24 144 150
25 142 177
26 122 71
27 180 64
28 156 91
29 174 77
30 127 185
31 132 98
32 184 130
33 65 82
34 84 166
35 58 100
;
param: buyer budget :=
  0 1146
  1 2159
  2 1467
  3 1013
  4 1798
  5 907
  6 1738
  7 1118
  8 900
  9 497
  10 161
  11 349
  12 472
  13 225
  14 1263
  15 2060
  16 2088
  17 468
  18 1242
  19 859
  20 817
  21 63
  22 1875
  23 1420
  24 323
  25 1437
  26 766
  27 1818
  28 1441
  29 1360
;
param num_partition :=
3
;
param: item partition_index cardinality :=
0 0 16
1 0 28
2 0 12
3 0 6
4 0 1
5 0 15
6 0 21
7 0 16
8 0 7
9 0 9
10 0 29
11 0 3
12 0 17
13 0 16
14 0 15
15 1 14
16 1 23
17 1 19
18 1 6
19 1 13
20 1 12
21 1 11
22 1 7
23 1 2
24 1 26
25 1 17
26 1 8
27 1 12
28 1 16
29 1 5
30 1 10
31 1 3
32 1 5
33 1 16
34 1 16
