param num_bundles := 35;

param num_cust := 30;

param price_reserve :
   1 2 3 4 5 6 7 8 9 10 11 12 13 14 15 16 17 18 19 20 21 22 23 24 25 26 27 28 29 30 31 32 33 34 35 :=
1 774 436 744 698 723 481 719 733 804 599 617 173 794 690 763 789 682 636 238 701 239 518 655 647 259 764 668 509 354 209 714 729 381 778 715
2 473 492 252 430 98 365 453 329 272 256 213 274 348 393 501 523 424 394 167 428 447 274 555 242 364 332 496 512 357 558 505 523 474 226 547
3 707 1046 979 696 360 900 1133 563 138 700 1089 595 565 484 708 1058 864 449 813 1044 569 783 809 262 891 839 1149 1193 1212 1086 429 636 548 711 1105
4 562 360 883 225 647 330 881 522 857 190 626 560 723 831 551 282 667 671 649 855 742 727 686 511 748 260 874 514 676 206 538 401 749 479 740
5 243 328 359 108 321 324 269 281 127 298 296 217 344 312 138 234 219 191 217 75 222 312 341 225 296 114 285 100 128 296 313 279 373 274 332
6 743 589 470 472 616 556 887 453 862 641 476 139 583 412 510 908 490 836 326 141 875 768 884 238 408 339 884 884 567 292 614 755 801 543 493
7 224 352 318 492 399 225 233 222 447 410 381 268 130 248 298 0 57 499 435 468 186 398 174 396 224 38 481 405 485 343 246 392 36 310 204
8 1120 152 1086 1180 543 1005 895 1027 981 480 1174 942 1134 815 1000 650 96 1007 993 688 655 560 535 1146 1036 790 741 617 1063 885 862 1027 1127 684 1068
9 491 604 553 519 345 560 534 283 418 693 859 769 608 502 830 533 861 819 800 723 827 741 777 699 630 650 576 814 573 690 725 528 796 385 829
10 548 1134 721 1058 946 1052 651 729 386 1027 738 915 888 947 1026 977 961 667 953 737 431 863 1112 1051 479 424 1124 1148 911 1151 1094 873 585 633 937
11 443 524 157 271 533 203 393 146 537 192 378 164 340 446 349 202 438 500 144 253 515 364 191 135 516 548 342 473 336 502 479 454 202 379 391
12 655 330 878 356 1078 703 1028 934 976 607 865 1055 1043 695 765 785 203 510 839 1024 900 988 603 439 724 885 893 810 787 766 671 985 525 691 336
13 189 529 425 207 510 455 820 582 710 971 798 353 914 966 834 344 530 932 595 253 635 751 197 536 784 774 689 731 750 606 598 773 483 963 102
14 482 801 622 841 393 787 848 565 786 781 737 857 491 839 42 841 723 612 865 623 814 166 615 474 823 388 777 863 458 457 817 481 821 769 648
15 525 319 325 75 420 460 515 353 533 289 530 535 559 545 360 390 460 451 462 472 277 513 481 495 289 142 534 124 491 384 358 338 362 445 415
16 982 396 755 696 1039 650 221 1066 764 767 921 237 873 885 822 1079 920 941 444 204 930 366 1052 151 777 950 705 1072 846 269 326 1024 651 622 1076
17 397 380 460 608 736 509 425 882 481 499 403 545 119 903 976 635 927 907 586 623 698 583 877 63 890 822 648 377 505 981 797 525 998 730 829
18 990 359 1015 862 647 642 989 287 482 975 340 865 704 1027 888 892 904 100 1087 1044 782 656 1050 295 765 1000 722 778 612 982 375 1097 1082 1040 357
19 310 413 373 166 388 268 373 350 365 244 438 392 260 205 182 243 246 432 93 358 346 70 255 100 449 174 398 447 228 372 110 349 373 322 295
20 325 783 1066 871 355 498 749 635 1071 732 494 449 599 780 986 1039 523 902 822 358 824 851 1033 1025 981 344 474 1010 1071 420 906 1033 523 632 955
21 164 63 146 164 168 182 123 166 137 174 139 139 145 159 83 87 153 170 114 146 135 173 148 161 74 161 155 105 100 158 135 186 34 173 131
22 435 284 265 491 320 451 502 321 410 331 117 279 150 234 309 258 134 405 475 469 228 326 240 148 378 384 478 469 303 164 410 250 422 340 296
23 666 974 894 669 539 782 791 938 802 420 524 588 321 499 672 766 969 947 827 811 500 895 304 942 310 859 219 511 431 943 692 699 808 922 438
24 354 587 607 497 249 64 580 627 489 220 566 629 426 391 539 615 536 503 537 239 297 292 284 388 568 311 510 393 410 554 573 271 558 124 225
25 595 701 243 668 220 814 355 635 743 190 410 389 777 638 690 653 609 460 210 417 456 348 107 371 200 611 664 825 588 536 513 834 266 760 578
26 987 397 338 444 750 998 691 726 792 579 948 1033 980 700 861 1084 253 411 653 1073 595 912 759 954 280 940 760 1023 929 825 811 895 864 939 836
27 581 762 830 799 641 603 414 829 602 695 708 756 439 851 601 475 330 396 777 474 766 351 582 545 756 622 521 254 102 741 821 266 152 556 429
28 670 191 410 570 989 327 303 994 735 1036 577 550 949 735 297 553 1110 232 1038 978 1068 811 960 1025 1162 1168 526 654 463 773 846 772 1032 847 921
29 455 286 468 565 463 191 261 512 533 550 564 560 287 128 488 575 416 291 543 303 598 83 492 447 102 454 547 220 244 412 592 569 205 150 471
30 529 204 509 416 421 569 642 382 296 633 366 467 602 324 100 401 383 386 153 236 375 562 623 514 360 90 222 438 394 641 419 301 494 624 545
;

param:   cost_bundl  marginal :=
1 144 107
2 142 55
3 66 126
4 163 142
5 182 145
6 105 184
7 133 163
8 107 145
9 179 116
10 157 148
11 27 108
12 167 108
13 72 59
14 97 135
15 87 124
16 124 170
17 137 180
18 122 144
19 128 125
20 57 96
21 183 165
22 113 53
23 152 152
24 130 173
25 125 91
26 183 186
27 168 127
28 166 73
29 131 164
30 82 77
31 175 113
32 177 181
33 137 155
34 113 89
35 161 161
;
param: buyer budget :=
  0 1458
  1 667
  2 668
  3 1626
  4 1050
  5 1091
  6 1547
  7 1873
  8 1714
  9 940
  10 81
  11 1898
  12 879
  13 2218
  14 2180
  15 1824
  16 1483
  17 1650
  18 1292
  19 1068
  20 1021
  21 1014
  22 2247
  23 1024
  24 704
  25 1222
  26 1368
  27 1435
  28 2028
  29 2049
;
param num_partition :=
3
;
param: item partition_index cardinality :=
0 0 19
1 0 8
2 0 14
3 0 27
4 0 3
5 0 8
6 0 20
7 0 16
8 0 14
9 0 25
10 0 5
11 0 9
12 0 24
13 0 5
14 0 29
15 0 6
16 0 23
17 0 7
18 0 23
19 0 29
20 0 26
21 0 6
22 0 7
23 0 14
24 0 11
25 0 14
26 0 2
27 0 14
28 0 3
29 0 13
30 0 26
31 0 19
32 0 23
33 1 29
34 1 26
