param num_bundles := 35;

param num_cust := 30;

param price_reserve :
   1 2 3 4 5 6 7 8 9 10 11 12 13 14 15 16 17 18 19 20 21 22 23 24 25 26 27 28 29 30 31 32 33 34 35 :=
1 994 942 857 755 793 193 707 884 923 424 953 790 987 959 728 654 828 656 719 754 883 612 748 621 895 973 640 907 938 626 898 468 907 405 1022
2 1125 354 435 1101 669 997 497 946 768 1113 489 1085 1137 1093 1057 560 1013 821 1086 874 1132 976 909 1072 986 1098 821 697 1000 764 859 931 640 898 597
3 1095 487 1059 756 862 761 895 1108 1104 1101 952 1111 460 991 770 902 680 627 1128 451 272 882 315 359 931 814 698 977 833 776 1103 1073 797 251 330
4 430 124 467 428 432 373 412 420 423 498 139 204 471 292 486 487 467 190 388 464 67 227 432 170 287 265 165 113 497 436 183 229 276 480 395
5 338 757 678 567 517 777 551 377 635 761 770 742 541 592 464 675 722 327 739 346 746 440 592 414 688 477 292 614 661 754 408 366 585 761 259
6 334 445 444 394 414 330 406 64 618 652 166 318 145 624 451 408 677 382 372 579 661 190 290 643 375 143 590 528 457 259 246 343 103 270 349
7 574 115 791 852 829 833 697 843 641 619 642 654 573 879 866 748 664 892 906 636 610 709 662 490 738 737 653 832 393 743 681 582 908 693 787
8 630 453 777 491 463 793 515 671 659 767 611 804 668 767 389 139 772 693 193 714 525 765 638 522 796 433 617 593 742 260 289 348 482 611 702
9 528 867 289 857 489 833 1010 968 748 851 935 1017 691 819 595 610 335 713 991 726 906 575 904 794 725 703 520 803 972 600 863 1019 596 948 212
10 1030 600 909 359 1127 765 761 602 1112 933 1000 1022 926 677 1024 994 764 1092 1090 778 1050 1104 904 940 815 1150 898 774 943 941 534 1176 997 1148 1124
11 700 341 227 859 720 608 713 818 371 695 519 388 871 876 325 325 862 856 456 660 785 303 601 811 633 250 717 367 703 378 165 812 264 239 837
12 777 793 792 23 464 728 387 630 765 364 463 294 714 262 447 458 662 759 287 679 49 620 630 198 772 654 739 522 727 788 264 726 773 166 690
13 62 128 159 162 184 184 176 89 180 162 102 114 164 101 159 122 100 108 62 90 99 139 85 126 181 127 164 54 83 169 185 145 158 157 137
14 337 527 520 570 347 326 140 543 556 525 482 399 590 373 304 265 591 212 447 532 458 50 225 499 446 266 226 310 431 417 285 393 125 548 444
15 634 752 857 704 515 595 394 618 444 276 796 817 727 840 509 730 707 621 462 848 392 328 82 705 544 470 861 492 514 304 751 729 627 228 353
16 532 342 479 63 537 543 323 457 513 556 580 452 139 122 455 455 369 344 393 515 367 301 299 116 432 459 531 443 202 565 477 457 424 366 468
17 1054 868 761 1033 785 860 824 381 351 1097 1122 969 1113 862 394 1176 782 499 549 540 1156 1130 1162 1076 579 518 902 480 463 1030 336 965 1119 1183 894
18 130 850 793 549 357 573 908 771 658 289 728 364 219 850 164 520 695 368 652 749 770 481 243 808 555 329 322 824 405 281 911 637 194 666 562
19 933 534 372 786 815 415 761 717 770 431 970 863 791 865 757 570 236 380 492 775 740 533 637 324 236 630 879 755 954 144 462 805 488 848 691
20 842 1223 973 945 148 370 797 859 548 1092 385 388 994 945 960 713 701 1095 273 904 901 380 812 555 806 974 861 1089 306 1094 846 836 1197 508 1001
21 88 441 367 64 432 310 56 176 123 244 337 313 379 432 367 324 416 257 240 69 304 197 403 427 272 198 263 320 247 370 448 381 220 442 419
22 834 1038 1019 110 1051 716 1066 618 1021 584 1066 496 491 1102 767 293 609 376 921 897 547 214 1044 150 916 883 1076 734 316 431 301 516 772 657 969
23 508 709 750 585 166 625 463 707 419 584 423 415 785 560 611 683 217 545 793 740 798 199 311 584 797 780 686 570 657 778 712 537 507 340 272
24 681 553 646 310 463 435 209 137 501 518 377 609 638 178 515 487 571 289 488 653 52 654 637 362 444 82 39 575 612 675 571 612 580 613 445
25 584 1143 853 878 919 0 1051 523 984 1007 1031 387 1011 1036 900 1138 854 859 774 1170 1025 699 974 913 977 952 1033 839 804 1122 890 984 806 117 483
26 653 584 272 606 110 382 799 650 344 487 706 494 256 557 606 603 673 693 411 731 630 140 395 343 688 668 118 470 738 194 637 371 520 565 592
27 40 176 186 171 107 86 63 104 47 22 87 144 138 139 166 169 118 124 173 80 185 55 120 166 148 158 126 172 42 38 40 165 34 31 38
28 750 878 745 304 495 581 542 864 601 996 1009 999 285 215 628 941 992 961 1005 754 1046 786 1033 914 879 728 709 666 421 400 1026 978 828 904 697
29 441 918 759 127 807 818 988 443 772 679 873 574 467 569 855 827 559 789 464 927 853 398 651 742 387 836 823 830 859 731 694 470 744 328 635
30 968 854 774 576 812 506 1028 501 879 461 568 325 797 959 886 748 442 312 339 648 571 218 567 517 832 815 887 862 893 515 894 482 529 873 554
;

param:   cost_bundl  marginal :=
1 123 76
2 66 157
3 73 130
4 47 104
5 83 135
6 124 168
7 142 174
8 108 46
9 63 154
10 168 184
11 35 112
12 110 170
13 110 140
14 174 28
15 176 112
16 62 170
17 175 165
18 108 128
19 180 85
20 183 132
21 108 113
22 134 168
23 174 63
24 172 159
25 48 122
26 163 110
27 172 180
28 122 122
29 132 148
30 162 180
31 107 159
32 74 151
33 119 154
34 167 136
35 149 79
;
param: buyer budget :=
  0 2440
  1 606
  2 1473
  3 2371
  4 909
  5 984
  6 702
  7 1906
  8 269
  9 519
  10 2240
  11 1447
  12 938
  13 1944
  14 598
  15 2326
  16 2199
  17 2285
  18 418
  19 1981
  20 2187
  21 803
  22 1991
  23 462
  24 1312
  25 2135
  26 1403
  27 193
  28 2245
  29 953
;
param num_partition :=
3
;
param: item partition_index cardinality :=
0 0 25
1 0 7
2 0 10
3 0 15
4 0 14
5 0 4
6 0 9
7 0 12
8 0 9
9 0 12
10 0 12
11 0 7
12 0 4
13 0 23
14 0 19
15 0 4
16 0 15
17 0 24
18 0 29
19 0 10
20 0 11
21 0 25
22 0 19
23 0 9
24 0 5
25 0 23
26 0 28
27 1 14
28 1 21
29 1 4
30 1 9
31 1 15
32 1 15
33 1 21
34 1 19
