param num_bundles := 35;

param num_cust := 30;

param price_reserve :
   1 2 3 4 5 6 7 8 9 10 11 12 13 14 15 16 17 18 19 20 21 22 23 24 25 26 27 28 29 30 31 32 33 34 35 :=
1 468 320 488 750 792 589 331 158 780 45 575 579 669 728 341 550 594 559 472 794 784 299 756 338 446 433 429 797 164 726 593 757 705 620 768
2 672 606 525 267 684 224 700 543 397 476 614 282 559 427 691 549 206 463 542 289 532 666 676 435 619 587 501 502 366 681 313 399 605 347 618
3 390 486 515 541 274 491 471 593 621 111 116 570 586 588 535 350 543 77 375 469 448 380 300 520 374 255 424 446 639 586 640 516 577 203 606
4 540 392 478 637 523 335 843 920 653 578 439 544 578 755 391 430 236 707 437 333 601 336 434 671 592 891 314 696 477 777 475 821 892 749 563
5 735 849 579 212 330 517 362 636 840 156 423 856 464 288 690 559 442 822 854 588 647 299 731 754 691 555 814 823 539 525 426 305 745 679 273
6 354 865 618 670 775 597 806 468 591 681 823 782 900 801 523 652 849 287 350 861 730 874 632 882 395 809 584 790 849 154 464 826 783 769 818
7 989 665 1022 266 659 775 63 916 701 1033 1190 925 961 1076 21 1235 784 728 902 1134 981 1232 1103 1105 1137 1145 828 769 1081 1039 685 1067 823 1259 934
8 416 314 632 466 288 525 637 841 724 568 836 814 864 305 608 560 490 730 495 652 724 469 716 266 655 841 680 260 874 871 715 702 372 767 205
9 602 765 343 232 726 650 673 938 466 719 620 436 721 616 864 767 884 459 479 837 967 873 836 700 944 418 612 685 895 89 862 806 191 635 603
10 428 351 84 205 359 500 165 464 506 299 391 498 470 499 292 19 492 497 287 449 217 398 370 509 494 246 296 131 441 288 465 411 411 88 497
11 843 744 329 579 590 441 1090 889 462 830 1109 770 374 882 1003 979 1065 78 911 821 945 355 1047 103 503 482 965 938 749 968 456 912 900 652 929
12 556 843 765 844 732 781 843 453 296 763 839 578 338 115 820 808 712 524 501 415 468 487 838 862 96 431 746 281 547 622 624 367 462 881 500
13 1058 856 908 977 923 623 745 1166 889 1205 655 1025 486 981 899 598 1030 569 579 819 532 643 748 668 1170 694 396 745 528 960 407 664 1043 1155 99
14 795 875 1054 708 1147 504 909 758 765 827 543 428 373 903 1132 922 795 782 600 298 665 987 355 507 1065 878 654 446 1117 1033 1021 767 526 1088 887
15 530 764 312 968 931 91 501 808 683 793 783 860 736 499 989 898 873 845 713 772 934 607 536 980 431 781 649 644 475 496 966 860 245 467 774
16 1035 559 1051 995 927 860 713 823 1019 956 811 975 1024 748 720 514 693 875 1043 885 948 577 588 1008 224 818 377 880 722 1025 966 924 591 714 687
17 482 867 1146 1013 652 808 1208 406 689 1071 1175 992 1013 1102 1075 541 823 798 808 616 648 799 1031 327 285 650 613 1039 902 172 312 994 395 336 534
18 149 186 89 92 139 27 63 127 164 145 163 154 171 83 3 168 173 24 180 166 152 122 178 105 174 77 155 129 147 38 187 64 110 63 101
19 376 250 584 632 525 242 281 151 404 623 237 546 396 359 512 397 434 605 562 572 582 327 286 410 476 553 411 351 293 480 466 415 200 597 601
20 114 186 50 148 126 78 185 179 183 38 140 112 173 104 185 41 180 162 136 119 160 175 86 128 100 36 113 97 106 90 51 126 113 146 52
21 612 389 898 226 474 692 828 730 485 455 794 127 1000 779 612 941 887 880 973 916 629 320 393 566 861 610 674 1002 302 828 821 493 666 853 674
22 669 239 830 628 625 913 858 794 989 709 1086 865 1082 250 984 449 613 1070 511 920 830 678 754 348 269 796 576 871 1041 297 994 246 908 836 784
23 854 842 822 577 976 941 734 980 521 785 439 365 448 775 576 494 610 494 988 795 412 716 670 706 973 952 840 725 723 588 966 671 769 557 675
24 644 599 827 845 397 974 906 356 541 550 687 648 200 500 760 256 442 728 983 581 994 553 577 901 735 439 620 959 985 563 163 972 866 571 377
25 854 711 378 729 387 869 837 790 856 784 601 810 478 485 732 512 258 813 442 803 581 186 644 876 778 828 189 356 375 351 831 169 190 839 833
26 743 233 518 496 537 519 285 642 473 768 629 529 628 362 33 724 773 352 463 515 686 527 564 592 728 108 752 689 421 110 265 805 770 728 563
27 663 377 806 759 667 921 792 477 912 930 457 372 557 972 726 574 1000 652 894 240 680 516 937 825 961 913 585 479 538 570 295 144 578 677 553
28 526 220 589 460 448 166 247 573 451 569 470 460 212 599 500 553 420 363 508 459 469 478 586 559 342 583 407 358 585 468 534 243 266 603 433
29 596 352 19 467 823 958 888 937 922 1072 705 824 840 424 408 664 1032 979 936 1094 713 904 1035 880 381 1129 1139 972 874 458 675 656 883 1104 709
30 772 437 827 341 535 589 658 746 766 706 909 725 910 658 677 837 802 855 901 123 613 360 200 498 411 540 906 99 486 680 580 777 447 201 833
;

param:   cost_bundl  marginal :=
1 91 149
2 126 106
3 77 63
4 184 149
5 157 84
6 179 143
7 171 176
8 101 133
9 91 100
10 61 110
11 92 154
12 150 126
13 142 23
14 131 80
15 105 145
16 169 184
17 116 180
18 184 139
19 28 80
20 25 166
21 164 96
22 122 18
23 81 47
24 182 96
25 154 146
26 135 120
27 85 53
28 103 154
29 140 108
30 134 112
31 100 134
32 163 175
33 130 165
34 129 130
35 107 125
;
param: buyer budget :=
  0 24
  1 1766
  2 2256
  3 245
  4 1820
  5 582
  6 2409
  7 1157
  8 2241
  9 1890
  10 2368
  11 1127
  12 2351
  13 757
  14 1807
  15 2404
  16 1899
  17 1732
  18 1504
  19 790
  20 2435
  21 1221
  22 1335
  23 271
  24 1960
  25 452
  26 319
  27 239
  28 2234
  29 731
;
param num_partition :=
3
;
param: item partition_index cardinality :=
0 0 26
1 0 28
2 0 2
3 0 29
4 0 13
5 0 4
6 0 27
7 0 10
8 0 6
9 0 27
10 0 3
11 0 10
12 0 21
13 0 26
14 0 1
15 0 4
16 0 25
17 0 11
18 0 6
19 0 10
20 0 18
21 0 11
22 0 7
23 0 23
24 0 18
25 0 7
26 1 8
27 1 26
28 1 22
29 1 19
30 1 7
31 1 6
32 1 23
33 1 2
34 1 1
