param num_bundles := 35;

param num_cust := 30;

param price_reserve :
   1 2 3 4 5 6 7 8 9 10 11 12 13 14 15 16 17 18 19 20 21 22 23 24 25 26 27 28 29 30 31 32 33 34 35 :=
1 863 725 931 690 734 1115 607 1126 732 1100 473 792 1015 878 1009 758 742 788 595 877 872 748 597 559 1034 1007 1054 1037 799 644 828 743 447 267 781
2 357 1054 186 534 845 327 55 832 291 320 796 613 829 972 918 373 149 868 1094 332 224 849 594 670 1072 293 1039 526 877 1047 989 813 986 255 599
3 764 670 755 604 162 241 569 640 747 733 354 268 171 776 706 433 419 564 313 413 501 423 491 316 665 365 784 489 805 352 297 484 251 164 795
4 405 408 639 569 538 740 389 390 411 126 639 551 704 101 737 708 303 520 651 385 530 664 706 478 667 272 152 116 546 732 631 140 663 629 154
5 131 364 335 121 308 406 211 285 128 215 148 366 406 248 362 116 400 220 356 78 375 264 25 442 159 336 52 276 88 417 426 446 294 416 426
6 379 131 348 207 190 407 167 458 241 504 211 230 484 267 366 352 447 210 323 411 465 313 165 242 275 241 392 94 442 292 422 46 503 240 356
7 129 155 134 184 86 152 162 144 122 133 81 101 144 59 132 150 106 175 149 159 111 164 128 168 173 94 165 135 177 30 184 89 145 183 95
8 598 603 422 311 257 531 639 327 587 464 516 179 97 152 337 172 415 460 427 333 274 382 669 291 346 641 155 531 415 619 125 502 362 437 254
9 726 524 954 848 688 909 239 591 543 979 885 854 924 433 950 885 937 463 778 780 521 628 862 151 821 739 816 282 532 388 858 411 276 471 934
10 440 365 884 606 412 657 310 406 671 622 620 711 888 859 437 294 896 284 881 472 899 491 318 360 320 879 822 418 565 328 398 571 870 383 688
11 282 244 539 483 174 545 551 193 533 252 357 349 550 302 142 233 538 390 468 253 416 215 494 236 272 451 150 219 460 390 411 519 533 536 537
12 1005 913 807 443 588 456 429 845 190 1076 734 640 130 769 631 759 836 701 665 1042 638 639 368 362 477 1018 439 469 135 186 674 778 509 918 508
13 620 457 705 152 738 686 740 490 412 278 279 624 313 435 697 339 452 732 539 359 640 706 277 550 611 724 641 452 320 575 517 729 393 355 703
14 888 968 737 534 502 1141 1229 760 825 76 570 614 1155 1134 1042 1259 650 1130 484 945 1214 290 685 471 1167 819 608 712 90 1127 131 1010 1258 1091 1037
15 657 669 721 388 499 617 188 441 744 543 561 439 742 658 694 340 614 407 718 543 683 743 542 137 516 667 162 725 700 514 733 606 576 422 722
16 658 537 522 645 137 775 545 166 418 160 654 646 874 393 315 652 530 423 400 822 204 416 351 416 347 701 708 550 793 479 654 732 465 719 751
17 655 1048 682 1042 836 959 1132 283 432 1154 753 1011 1059 960 643 940 1150 1029 137 622 1185 1166 1042 821 381 165 443 1197 696 755 618 927 855 659 730
18 510 1002 837 864 468 545 719 457 971 197 938 390 288 170 817 864 447 702 142 694 596 772 897 855 591 440 832 685 780 995 892 584 988 872 764
19 716 1146 1261 876 1087 215 964 869 754 901 1034 1166 690 92 1081 775 650 1198 1101 1241 139 998 989 872 813 827 1198 975 1007 745 1005 144 497 522 998
20 687 92 339 484 384 307 361 675 678 107 697 503 293 313 612 461 646 176 517 469 549 632 130 673 511 178 510 524 552 315 357 686 416 622 328
21 198 642 1137 1220 922 1174 1258 1094 1259 1095 1057 163 1074 1013 979 1153 337 970 862 1188 598 973 1011 1149 575 1106 1051 1214 1206 1175 932 1044 824 979 404
22 1046 917 1085 1139 706 1147 616 908 479 292 1001 701 795 883 899 894 712 516 932 1168 588 1095 855 630 491 1056 934 811 910 1053 1030 1169 917 812 1094
23 781 613 359 486 806 201 449 563 587 463 709 524 825 823 186 788 602 578 426 548 752 796 232 461 809 737 250 734 573 388 629 717 587 398 238
24 882 761 545 905 659 371 850 320 604 998 269 945 387 794 951 971 636 1005 764 71 674 320 965 263 38 527 639 998 538 803 528 730 888 639 595
25 451 625 532 627 370 403 272 264 611 742 678 574 308 580 617 642 508 712 718 106 494 708 593 640 113 723 428 388 305 473 421 734 459 474 103
26 301 113 794 640 369 708 467 106 379 594 587 319 428 799 644 829 740 495 771 719 497 472 473 396 692 800 331 599 696 427 600 610 759 770 542
27 620 878 674 802 555 424 787 539 436 897 748 857 628 775 804 856 393 212 557 736 613 404 693 427 814 171 925 536 803 506 401 806 789 531 794
28 202 559 1145 825 1154 1009 1026 1031 629 147 1084 997 1101 1135 741 667 1153 128 733 330 842 652 336 530 682 250 144 981 301 357 277 644 1126 697 971
29 85 161 72 99 109 120 163 125 124 172 172 149 153 162 111 146 73 56 120 185 93 124 170 129 160 166 123 154 108 180 159 119 122 39 81
30 942 675 803 320 966 859 833 780 897 603 749 735 421 989 833 535 525 535 831 962 983 792 736 363 233 914 956 882 363 634 581 934 705 507 502
;

param:   cost_bundl  marginal :=
1 125 105
2 142 158
3 82 176
4 138 109
5 116 88
6 149 181
7 118 172
8 136 181
9 121 73
10 35 53
11 186 106
12 65 157
13 12 170
14 40 154
15 135 145
16 88 147
17 178 124
18 131 88
19 166 163
20 139 151
21 134 161
22 104 44
23 184 42
24 123 161
25 67 179
26 167 149
27 101 130
28 175 70
29 97 154
30 125 64
31 168 160
32 113 115
33 127 164
34 87 85
35 151 136
;
param: buyer budget :=
  0 465
  1 1136
  2 1731
  3 2221
  4 2155
  5 2205
  6 1687
  7 840
  8 155
  9 1526
  10 166
  11 1548
  12 1034
  13 354
  14 451
  15 2484
  16 2499
  17 815
  18 1057
  19 1519
  20 1679
  21 1582
  22 204
  23 2484
  24 2054
  25 2260
  26 617
  27 2292
  28 1179
  29 227
;
param num_partition :=
3
;
param: item partition_index cardinality :=
0 0 27
1 0 3
2 0 9
3 0 25
4 0 6
5 0 11
6 0 27
7 0 23
8 0 8
9 0 13
10 0 10
11 0 13
12 0 12
13 0 24
14 0 23
15 0 27
16 0 28
17 0 22
18 0 29
19 0 7
20 0 23
21 0 6
22 0 26
23 1 20
24 1 16
25 1 21
26 1 22
27 1 3
28 1 8
29 1 13
30 1 21
31 1 27
32 1 2
33 1 8
34 1 4
