param num_bundles := 35;

param num_cust := 30;

param price_reserve :
   1 2 3 4 5 6 7 8 9 10 11 12 13 14 15 16 17 18 19 20 21 22 23 24 25 26 27 28 29 30 31 32 33 34 35 :=
1 411 591 732 777 943 676 224 373 345 1020 938 1008 863 122 690 1028 875 764 922 884 1094 844 1080 1059 624 756 385 1004 935 924 260 439 1015 679 903
2 213 262 109 351 344 326 74 330 80 126 172 75 313 94 374 193 189 147 191 275 311 237 314 215 339 303 61 339 127 360 368 188 178 329 275
3 280 346 244 391 75 376 97 210 444 298 430 235 159 302 414 441 55 253 262 231 440 368 415 400 116 354 400 114 334 418 294 355 373 375 427
4 656 350 608 519 275 560 620 209 443 626 253 738 327 715 745 442 326 667 347 738 488 465 268 473 665 394 195 222 654 544 364 646 283 405 345
5 678 730 682 866 660 560 727 685 587 665 545 299 883 810 402 721 890 584 148 782 112 326 845 789 845 694 580 841 691 817 591 658 898 34 349
6 1057 924 333 301 925 840 880 44 1046 872 657 353 550 299 778 692 481 947 223 1041 727 813 258 795 547 674 294 129 1068 779 830 622 585 460 1015
7 368 263 570 538 640 295 358 772 342 651 687 749 433 561 583 769 766 106 688 505 579 754 279 286 276 532 658 428 632 714 334 306 524 758 638
8 725 833 927 1134 922 1126 863 881 752 133 524 799 301 488 926 1135 776 272 149 676 444 727 1118 879 960 560 379 1137 1020 991 736 566 787 899 452
9 635 779 694 589 463 773 744 584 406 273 640 702 837 846 272 469 621 319 339 201 618 885 863 686 332 928 501 374 773 562 772 932 730 777 657
10 183 833 604 808 508 135 923 514 859 803 425 897 443 478 799 101 815 167 734 740 797 734 256 710 487 483 665 542 758 556 849 572 397 546 905
11 468 559 557 411 0 500 257 510 519 9 421 469 503 491 225 351 554 286 485 511 287 292 458 358 487 32 448 476 530 368 454 65 382 536 465
12 518 55 442 579 603 577 205 225 190 613 282 421 355 578 540 349 306 556 440 303 145 298 281 516 450 467 540 128 433 443 238 536 613 401 590
13 351 447 336 614 445 560 619 211 597 511 300 461 628 521 447 480 509 130 631 585 618 339 554 635 474 596 393 405 290 522 622 262 476 502 127
14 699 840 777 314 848 629 440 924 817 812 600 923 829 597 750 917 836 755 189 688 748 495 562 831 332 747 827 332 935 689 926 814 864 119 459
15 272 210 507 495 384 51 365 151 411 403 462 473 492 135 493 90 331 388 489 497 477 389 241 510 360 187 296 42 97 278 349 364 215 496 233
16 663 1003 296 653 386 910 1186 874 1145 682 944 1184 1058 435 868 1032 1040 1078 414 1021 762 1095 1048 947 1177 652 937 956 1054 508 1177 1172 427 1155 1046
17 454 695 616 519 557 315 458 626 345 355 431 594 500 580 134 721 195 295 318 726 678 464 52 770 521 441 442 547 591 558 233 681 748 454 436
18 147 494 513 467 105 304 508 267 536 437 352 559 258 468 534 142 331 292 386 505 361 223 512 520 200 423 509 464 517 398 183 457 552 550 304
19 1135 1068 812 843 470 1208 542 857 282 524 664 212 1096 721 729 396 1128 315 1164 772 431 1178 1259 913 942 391 1230 324 1220 409 1165 799 1251 869 515
20 797 613 827 1178 681 787 907 525 1073 430 623 705 216 490 865 995 982 841 312 776 389 908 874 1127 1106 710 1012 964 1150 955 363 938 469 562 264
21 784 310 899 838 170 870 557 635 905 176 479 393 500 619 756 544 270 711 82 874 557 826 638 321 612 732 845 363 232 684 147 146 98 545 560
22 404 486 250 123 495 387 500 417 181 391 403 382 478 369 250 482 114 489 336 324 341 413 384 412 396 212 348 189 235 492 126 298 419 496 187
23 945 115 311 568 861 852 544 789 499 969 564 523 817 748 381 808 465 997 995 794 346 70 886 1035 758 622 505 833 457 433 1072 869 396 814 554
24 558 897 651 620 558 752 781 782 971 574 617 398 503 939 481 461 972 795 857 791 165 474 796 887 569 226 508 149 718 394 882 899 918 786 583
25 468 399 572 535 204 482 466 627 410 460 177 581 124 575 200 639 621 437 474 398 498 643 342 630 325 618 136 146 639 492 507 580 607 530 602
26 733 392 643 292 506 384 633 500 477 544 492 636 552 625 529 627 344 536 253 621 262 219 310 589 678 620 462 156 373 522 732 394 450 400 489
27 624 179 885 506 296 446 212 17 939 560 931 788 370 848 1008 574 686 837 553 992 439 501 713 744 464 766 47 997 888 1031 774 432 984 880 1058
28 239 383 267 848 661 1070 1008 717 1068 838 1005 802 563 524 841 998 1018 907 794 1065 868 455 908 174 357 357 1013 297 575 1085 48 823 1023 631 782
29 447 542 267 643 847 852 829 871 693 412 794 470 858 720 675 742 835 481 423 211 736 788 757 834 138 564 794 324 877 336 214 763 661 488 645
30 234 368 313 226 318 239 303 170 110 255 111 261 338 215 355 358 263 346 345 345 357 157 336 347 72 251 308 156 213 51 238 259 349 215 335
;

param:   cost_bundl  marginal :=
1 183 184
2 161 100
3 123 8
4 179 64
5 177 20
6 16 117
7 49 98
8 163 101
9 183 46
10 57 128
11 147 58
12 91 165
13 141 178
14 99 184
15 177 186
16 101 112
17 163 176
18 94 185
19 24 101
20 166 159
21 5 127
22 116 155
23 151 179
24 133 147
25 174 154
26 127 154
27 110 106
28 114 82
29 130 131
30 153 48
31 109 93
32 180 64
33 104 113
34 147 150
35 150 112
;
param: buyer budget :=
  0 923
  1 1018
  2 234
  3 452
  4 641
  5 1063
  6 1778
  7 1216
  8 1504
  9 1650
  10 334
  11 2512
  12 937
  13 833
  14 2358
  15 144
  16 2471
  17 1261
  18 930
  19 1506
  20 1408
  21 2374
  22 1011
  23 2049
  24 1609
  25 323
  26 1812
  27 589
  28 2505
  29 1932
;
param num_partition :=
3
;
param: item partition_index cardinality :=
0 0 5
1 0 29
2 0 24
3 0 12
4 0 17
5 0 13
6 0 20
7 0 6
8 0 11
9 0 7
10 0 1
11 0 8
12 0 22
13 0 2
14 0 15
15 0 25
16 0 2
17 0 7
18 1 14
19 1 27
20 1 29
21 1 19
22 1 6
23 1 26
24 1 12
25 1 27
26 1 23
27 1 16
28 1 6
29 1 17
30 1 1
31 1 28
32 1 13
33 1 8
34 1 4
