param num_bundles := 35;

param num_cust := 30;

param price_reserve :
   1 2 3 4 5 6 7 8 9 10 11 12 13 14 15 16 17 18 19 20 21 22 23 24 25 26 27 28 29 30 31 32 33 34 35 :=
1 758 981 983 647 1018 685 899 465 1043 89 373 700 910 735 513 588 959 774 881 581 1086 390 1070 461 582 888 1064 1024 393 666 934 1061 804 1071 1095
2 660 357 667 714 720 621 688 517 647 253 693 549 504 557 282 667 289 648 650 125 426 734 723 737 677 562 391 743 679 696 508 420 174 69 682
3 701 468 1029 752 1160 872 976 697 1153 195 827 855 838 690 617 689 604 894 1146 1033 129 703 820 720 619 1211 923 832 1109 725 1036 1243 878 468 938
4 310 649 406 212 191 271 414 722 300 711 673 550 497 746 684 218 670 447 503 396 673 601 181 655 132 718 709 404 316 515 606 589 338 659 593
5 1082 729 598 685 839 707 1062 824 884 583 563 132 585 992 653 709 1015 1053 1018 486 806 1063 380 159 922 498 296 722 763 1069 1001 832 845 798 474
6 123 392 56 573 834 607 530 670 589 520 508 409 557 563 516 286 550 490 607 556 698 771 661 767 746 322 492 305 843 739 726 500 400 809 141
7 1014 976 818 843 713 1031 934 677 830 902 722 301 533 203 582 306 506 1015 552 383 523 716 788 518 132 126 1032 703 1020 154 1014 783 321 436 659
8 108 450 176 304 212 335 556 627 359 469 628 414 467 336 566 570 289 305 201 100 598 634 291 139 245 518 225 305 324 633 267 503 591 597 272
9 702 1087 101 810 1015 741 559 1089 1152 975 1149 767 175 745 667 828 739 678 390 753 1028 1096 475 1042 728 405 668 532 598 1139 995 926 853 1021 940
10 943 792 957 236 692 839 998 445 503 928 380 1081 317 112 891 867 1189 250 446 846 1067 937 594 1104 601 1149 742 862 690 1007 1112 1042 1038 1121 747
11 1090 686 867 548 1108 1094 94 1012 1020 1006 1070 837 1121 864 248 877 899 1053 862 371 399 276 1067 984 1106 658 662 1084 456 748 651 652 1113 1058 488
12 946 490 940 658 873 452 585 562 434 264 385 594 245 593 925 229 48 444 892 736 741 862 293 569 667 901 441 689 648 902 747 146 613 543 719
13 831 757 993 832 340 968 909 768 952 652 699 393 706 499 179 846 756 16 940 824 741 694 705 826 807 968 835 420 894 805 752 852 899 1000 542
14 122 309 175 310 440 306 258 242 305 181 133 411 157 203 155 371 322 74 399 191 237 443 411 306 417 303 328 441 99 448 398 353 363 358 294
15 1020 688 487 1050 701 538 986 459 785 1037 991 879 646 273 666 1040 864 573 499 1063 700 641 974 982 17 477 931 418 924 706 883 573 526 815 808
16 1050 1018 872 589 254 894 320 897 1134 1146 1054 661 1012 793 867 357 1003 1047 1127 985 941 1097 659 767 553 994 861 1128 1030 678 1090 908 876 977 1033
17 348 448 125 329 1021 952 686 1007 628 1031 272 633 605 710 907 81 590 800 525 429 809 568 1007 670 625 404 874 991 737 954 642 393 1044 703 843
18 367 573 746 600 805 643 836 777 428 441 590 666 593 619 604 843 449 541 288 648 731 460 688 566 531 858 828 391 514 854 360 790 643 852 447
19 337 900 416 707 879 204 644 496 1009 714 154 721 723 998 842 652 567 984 720 605 413 907 652 609 309 1017 879 772 377 1021 704 990 636 999 520
20 1017 755 871 1068 997 930 871 904 933 846 357 697 850 911 702 470 986 837 484 903 658 896 1104 1067 1001 517 1030 662 828 136 761 1165 568 951 749
21 372 144 167 431 78 167 312 157 419 299 436 156 359 251 132 280 307 232 193 449 359 337 278 382 394 187 213 164 112 332 216 445 350 402 282
22 661 914 896 834 952 1054 1070 912 875 883 347 589 964 1093 1014 837 815 881 668 271 72 662 649 887 738 519 1034 874 822 960 550 1027 1043 603 1085
23 846 926 706 514 399 635 478 760 967 972 970 376 909 142 991 445 457 696 388 110 306 214 643 1019 205 820 436 421 478 882 402 487 789 690 597
24 814 722 538 680 848 713 463 840 657 564 425 468 616 819 153 95 752 420 610 642 849 668 340 677 339 817 620 860 696 786 705 617 724 850 158
25 692 807 551 827 394 344 433 302 566 763 428 832 599 313 837 843 393 828 814 627 500 694 348 508 589 536 760 826 400 885 412 505 436 809 458
26 573 769 855 903 783 864 163 635 790 786 816 558 525 887 605 827 781 816 532 301 896 80 567 737 795 835 899 528 763 830 636 814 424 83 682
27 669 569 594 628 324 429 626 592 505 457 571 659 83 148 104 437 405 801 716 777 427 306 704 220 289 664 702 644 807 703 577 273 637 599 351
28 538 1059 751 1022 498 795 180 819 522 731 383 800 110 526 797 749 1130 660 425 613 581 1188 680 821 765 491 1184 629 522 958 909 918 251 655 798
29 552 1119 1033 846 779 616 835 1131 732 1168 963 1116 1191 978 1113 1110 270 1192 28 784 713 937 1070 1086 183 887 456 1082 716 599 936 693 765 968 702
30 966 775 1090 988 905 569 426 340 894 1097 831 598 392 543 1116 297 449 671 898 448 599 1045 1055 1134 438 327 938 1108 920 956 323 977 1006 947 396
;

param:   cost_bundl  marginal :=
1 170 61
2 56 182
3 92 50
4 61 174
5 177 128
6 41 130
7 124 43
8 181 150
9 149 120
10 181 144
11 79 177
12 142 110
13 154 103
14 174 45
15 101 170
16 149 161
17 99 32
18 103 172
19 132 171
20 85 147
21 149 18
22 173 75
23 140 85
24 157 169
25 117 9
26 161 73
27 171 175
28 115 71
29 138 94
30 57 102
31 152 127
32 177 18
33 181 118
34 122 77
35 101 185
;
param: buyer budget :=
  0 1830
  1 131
  2 840
  3 691
  4 1175
  5 1281
  6 1325
  7 995
  8 1451
  9 478
  10 1053
  11 1101
  12 1865
  13 1176
  14 923
  15 740
  16 901
  17 1647
  18 2284
  19 1870
  20 1951
  21 1019
  22 2157
  23 2031
  24 2275
  25 1722
  26 1354
  27 133
  28 1368
  29 688
;
param num_partition :=
3
;
param: item partition_index cardinality :=
0 0 9
1 0 3
2 0 11
3 0 21
4 0 6
5 0 17
6 0 9
7 0 16
8 0 6
9 0 5
10 0 10
11 0 26
12 0 4
13 0 23
14 0 6
15 0 18
16 0 25
17 0 2
18 0 11
19 0 25
20 0 26
21 0 20
22 1 9
23 1 27
24 1 4
25 1 15
26 1 28
27 1 24
28 1 28
29 1 2
30 1 29
31 1 26
32 1 9
33 1 24
34 1 5
