param num_bundles := 35;

param num_cust := 30;

param price_reserve :
   1 2 3 4 5 6 7 8 9 10 11 12 13 14 15 16 17 18 19 20 21 22 23 24 25 26 27 28 29 30 31 32 33 34 35 :=
1 436 274 788 736 934 706 865 605 234 281 159 893 556 169 750 807 675 772 570 797 396 393 555 935 780 650 666 582 718 745 207 230 109 911 944
2 1087 901 1022 236 836 950 39 736 781 254 935 1131 812 1072 1005 847 537 854 370 1074 864 449 976 1105 1090 710 1089 432 463 652 1077 966 411 1022 886
3 367 214 155 249 515 488 178 470 479 545 353 493 303 479 554 533 554 533 479 415 137 537 462 300 89 433 537 313 442 504 362 522 399 218 430
4 802 819 819 616 278 476 181 499 1066 144 704 982 521 288 944 939 268 935 1147 708 1113 1038 981 489 1111 780 605 1157 655 415 472 1153 750 200 1148
5 323 518 725 638 618 281 563 291 523 277 724 762 240 355 331 547 538 775 490 628 477 749 587 435 335 564 513 198 653 553 366 757 601 721 766
6 587 481 183 584 368 526 571 183 618 416 433 440 397 472 468 379 249 547 461 461 448 523 518 389 678 471 523 415 584 639 477 137 654 637 681
7 340 199 323 309 114 361 355 227 236 95 344 134 155 357 328 152 373 268 296 111 344 332 209 352 101 134 365 226 329 187 269 331 364 340 76
8 334 892 856 400 491 775 1018 807 836 929 995 953 682 843 628 759 767 488 376 764 974 880 911 403 705 919 1005 449 735 403 849 317 691 204 764
9 275 383 662 627 660 246 212 257 642 513 70 565 268 450 647 455 552 487 641 422 179 181 677 602 399 594 359 436 47 192 617 300 529 367 209
10 653 866 544 852 235 955 494 874 782 816 909 875 894 522 815 657 900 458 436 797 609 152 837 339 850 853 350 160 770 430 631 551 903 872 744
11 820 197 696 854 761 796 535 509 893 342 880 863 112 919 346 438 560 579 744 307 769 652 481 907 612 807 671 330 922 931 578 857 932 710 842
12 471 710 784 659 802 1005 1070 1020 455 663 422 378 235 937 501 539 515 891 523 858 1081 972 1091 970 1030 1081 1038 779 688 771 415 591 769 784 281
13 176 642 530 657 132 282 673 690 433 420 706 503 606 700 437 734 622 633 559 617 458 564 700 413 609 682 586 729 458 557 380 617 391 657 542
14 284 615 137 435 346 635 862 449 900 915 914 730 849 888 837 616 788 596 478 912 395 546 338 699 676 810 258 790 925 583 555 889 659 148 440
15 254 180 813 640 488 873 710 912 832 605 807 761 855 773 929 714 550 887 745 576 751 352 309 614 565 695 779 761 898 327 690 915 924 804 714
16 415 581 1048 426 544 410 643 968 233 436 914 471 761 965 193 854 944 392 866 379 329 874 439 812 686 826 307 827 943 641 703 1021 1015 673 816
17 310 522 345 292 391 178 208 489 450 377 122 443 393 501 273 534 464 248 263 559 514 134 85 545 349 512 504 330 467 310 482 502 184 307 288
18 946 855 1066 1064 298 1044 415 1170 772 993 1105 1042 798 814 831 204 1059 919 1055 329 229 1016 677 968 1026 688 938 250 1081 924 1168 612 682 1083 1072
19 1090 1116 686 752 1019 596 864 933 940 931 1113 1094 393 564 787 1049 592 792 900 674 728 821 252 210 256 971 759 516 710 642 1076 1105 492 692 975
20 265 324 305 282 242 464 521 541 285 502 370 424 586 449 558 333 460 247 274 152 323 581 588 151 436 554 301 183 518 549 275 531 401 403 372
21 156 81 80 166 129 164 186 164 86 38 168 164 102 180 63 167 68 72 167 148 99 5 105 159 180 28 92 90 95 121 178 125 76 177 65
22 764 898 750 402 1080 938 523 269 940 632 310 996 659 828 1031 863 414 78 1110 349 794 1102 756 459 198 1057 1007 437 263 866 293 655 1089 922 658
23 830 664 756 319 366 215 733 580 882 881 875 338 373 479 484 623 422 903 804 460 795 666 909 777 120 826 459 725 685 578 792 571 797 870 825
24 876 355 649 142 1122 1227 1223 643 797 1214 576 310 992 1224 528 1239 1156 383 560 930 855 719 1027 1013 1042 1239 1005 912 796 1174 830 974 756 1152 591
25 486 531 453 427 776 235 563 542 766 656 289 112 541 528 684 643 769 262 494 367 515 203 131 158 501 692 552 534 224 596 694 357 241 740 483
26 136 1144 694 864 1235 434 1015 781 1095 304 802 201 921 954 948 298 1070 1215 935 1170 801 1192 1081 570 907 955 1088 725 513 1157 397 944 943 617 395
27 1059 251 1007 1060 1022 342 809 392 637 378 255 778 836 487 263 941 835 760 994 1120 605 1030 571 1086 1128 1032 1134 657 841 976 985 194 1105 972 1033
28 634 768 823 759 830 429 496 845 328 860 858 549 655 657 500 845 440 321 767 841 523 540 673 734 222 563 118 445 795 331 595 434 792 673 684
29 209 180 125 67 329 244 153 359 322 320 255 366 129 190 372 281 342 204 116 249 264 311 371 300 282 211 207 200 314 250 71 124 307 302 164
30 952 970 960 508 800 732 847 1096 597 482 970 991 901 923 524 602 938 924 639 622 1066 243 993 997 852 251 824 224 605 1106 785 976 308 379 660
;

param:   cost_bundl  marginal :=
1 76 132
2 82 83
3 67 163
4 115 79
5 171 144
6 119 163
7 139 146
8 115 84
9 153 53
10 142 65
11 109 184
12 176 185
13 97 109
14 81 109
15 55 65
16 98 170
17 155 51
18 84 91
19 34 83
20 102 156
21 46 177
22 179 173
23 119 52
24 64 73
25 140 116
26 116 104
27 72 167
28 97 154
29 160 171
30 49 160
31 154 185
32 152 103
33 132 178
34 38 182
35 137 156
;
param: buyer budget :=
  0 216
  1 796
  2 227
  3 1389
  4 2045
  5 19
  6 439
  7 534
  8 804
  9 595
  10 1518
  11 2217
  12 555
  13 292
  14 2202
  15 2104
  16 1258
  17 2138
  18 2335
  19 297
  20 1469
  21 1553
  22 1795
  23 1554
  24 2288
  25 1120
  26 116
  27 1173
  28 1333
  29 50
;
param num_partition :=
3
;
param: item partition_index cardinality :=
0 0 10
1 0 21
2 0 24
3 0 6
4 0 26
5 0 3
6 0 29
7 0 3
8 0 25
9 0 24
10 0 28
11 0 6
12 1 19
13 1 15
14 1 17
15 1 21
16 1 25
17 1 11
18 1 2
19 1 24
20 1 6
21 1 10
22 1 9
23 1 12
24 1 12
25 1 18
26 1 2
27 1 29
28 1 23
29 1 7
30 1 17
31 1 23
32 1 9
33 1 9
34 1 9
