param num_bundles := 35;

param num_cust := 30;

param price_reserve :
   1 2 3 4 5 6 7 8 9 10 11 12 13 14 15 16 17 18 19 20 21 22 23 24 25 26 27 28 29 30 31 32 33 34 35 :=
1 484 1017 1059 1105 1140 568 511 281 927 1103 593 491 1035 669 941 1037 1164 1128 1086 579 1045 1001 1165 1037 1013 982 1072 894 785 1099 759 759 1042 545 947
2 807 361 643 74 533 805 983 692 761 845 502 743 593 995 972 983 961 229 975 839 683 603 702 285 737 288 639 891 698 900 1001 133 737 347 667
3 600 478 644 588 519 574 693 138 516 592 402 385 613 917 930 1022 1038 18 736 674 887 1013 422 1071 226 818 962 806 630 873 731 848 655 766 831
4 416 175 206 955 912 922 406 758 328 138 690 842 79 477 838 447 530 825 704 286 904 707 457 602 898 550 617 630 388 637 901 787 689 835 647
5 115 356 316 158 361 336 187 175 140 291 369 77 337 253 300 199 141 190 322 253 90 170 371 272 306 368 245 73 331 188 262 303 81 227 338
6 864 851 435 852 777 573 225 155 941 894 899 1030 431 1019 864 753 440 1047 699 551 1038 475 1124 1014 778 1118 1194 1045 631 132 244 187 617 978 1063
7 884 1192 543 946 267 721 911 413 859 1059 603 985 843 1165 1072 775 1084 977 597 1178 513 827 466 280 1059 875 589 884 575 187 916 869 750 871 106
8 880 923 864 693 1147 333 189 844 1127 845 1185 410 1142 1190 970 536 1208 680 1195 694 1109 1216 1063 266 533 397 415 779 1218 209 705 550 794 976 533
9 732 260 593 594 250 478 366 592 617 404 413 446 734 635 170 231 395 485 440 721 675 664 385 714 411 495 296 746 720 405 349 716 193 555 253
10 156 75 176 155 147 63 99 62 162 68 146 173 109 76 156 173 80 24 109 55 184 112 186 66 78 179 79 149 90 53 89 30 140 139 186
11 230 357 575 720 427 514 327 333 406 597 447 320 556 209 527 245 515 723 711 265 510 427 732 190 545 609 627 628 737 692 290 250 295 543 440
12 306 690 735 723 640 432 543 405 744 285 463 581 325 705 625 410 363 670 706 581 356 537 715 266 580 591 738 664 502 557 167 639 654 273 366
13 865 858 887 570 1056 491 925 1037 1112 1001 591 1097 259 974 392 1093 293 212 380 335 650 1099 1017 979 1106 951 547 199 552 990 1021 651 891 787 685
14 742 504 660 367 681 622 622 532 728 468 725 387 551 772 323 726 474 411 557 274 681 306 558 305 236 743 384 263 659 531 63 535 440 579 545
15 896 1065 1175 839 590 976 661 1212 666 632 788 944 140 386 1166 842 274 553 1151 359 749 1124 993 178 676 1086 586 853 1016 357 913 715 521 848 307
16 773 476 603 79 674 566 775 506 738 517 603 651 256 358 243 429 659 707 719 516 796 664 425 264 748 738 597 622 711 362 609 556 199 780 178
17 812 734 266 1113 430 1081 982 746 869 901 1139 997 895 1068 763 1084 1091 1155 998 1072 754 776 921 890 1026 736 550 509 500 1075 840 610 1148 1105 834
18 1052 838 615 917 447 502 1107 642 828 1221 933 955 1091 924 853 942 1270 723 505 904 1226 1158 1236 742 1236 209 1243 486 464 917 964 1012 174 1106 545
19 208 688 720 292 515 385 793 155 758 654 290 704 420 604 335 824 614 826 808 685 753 730 615 369 911 654 552 447 514 705 876 837 867 905 670
20 480 696 734 592 771 658 112 470 149 628 777 460 378 547 815 759 251 417 755 321 446 702 476 771 290 91 410 539 513 589 547 141 160 540 276
21 1117 956 529 254 932 432 182 933 495 826 1049 973 960 508 1158 835 530 1010 216 920 1098 592 947 577 1022 1017 382 686 495 850 461 179 622 1122 957
22 751 938 583 926 309 975 978 76 479 644 929 1038 859 840 523 977 539 659 653 770 317 104 251 964 222 1063 776 826 125 336 894 908 1062 428 109
23 961 250 1056 1150 907 968 926 652 1146 609 765 638 853 673 695 208 518 325 1183 928 781 1188 808 887 1026 284 565 454 397 1068 763 977 1024 1082 1134
24 431 766 932 744 950 858 863 831 844 838 931 641 922 761 860 797 770 863 814 663 976 844 938 501 254 902 465 468 649 577 538 964 491 590 546
25 560 692 1200 1080 1133 1132 1063 935 604 1183 784 798 1268 796 498 656 1192 885 1228 913 1041 510 862 1220 579 1223 955 1265 1185 392 747 882 432 1156 1151
26 280 110 242 204 311 269 328 333 340 151 364 321 355 143 351 348 283 275 250 291 364 232 310 313 21 118 309 230 159 147 332 333 232 348 234
27 278 127 404 850 444 294 644 716 805 346 577 668 745 545 486 492 795 247 652 830 868 734 809 308 539 822 672 102 606 869 699 713 265 497 384
28 870 326 849 953 799 708 778 505 908 839 755 613 697 676 416 891 796 873 810 244 674 539 638 513 551 900 808 979 796 442 395 870 787 817 848
29 284 335 330 196 177 207 10 152 328 328 181 342 285 336 315 355 345 351 368 162 257 126 369 215 307 279 168 355 100 173 335 196 179 277 301
30 942 588 380 312 781 631 952 775 705 535 231 870 956 594 828 517 868 743 833 863 806 904 133 852 330 405 419 228 813 556 230 510 205 172 895
;

param:   cost_bundl  marginal :=
1 124 70
2 100 165
3 117 157
4 118 164
5 155 147
6 120 180
7 67 79
8 123 157
9 8 77
10 23 108
11 156 153
12 157 81
13 186 136
14 157 170
15 178 84
16 41 146
17 122 90
18 100 174
19 153 160
20 177 70
21 150 72
22 25 145
23 37 173
24 181 74
25 184 103
26 139 157
27 105 141
28 113 151
29 164 159
30 148 121
31 124 127
32 170 147
33 177 173
34 21 119
35 75 51
;
param: buyer budget :=
  0 1201
  1 52
  2 1044
  3 1374
  4 872
  5 647
  6 1143
  7 514
  8 759
  9 1157
  10 566
  11 632
  12 2285
  13 836
  14 2514
  15 1825
  16 2380
  17 2018
  18 1841
  19 456
  20 914
  21 1828
  22 1615
  23 372
  24 49
  25 1085
  26 453
  27 2269
  28 807
  29 1517
;
param num_partition :=
3
;
param: item partition_index cardinality :=
0 0 18
1 0 17
2 0 9
3 0 14
4 0 3
5 0 17
6 1 9
7 1 4
8 1 8
9 1 14
10 1 22
11 1 1
12 1 5
13 1 5
14 1 9
15 1 18
16 1 18
17 1 12
18 1 19
19 1 18
20 1 28
21 1 9
22 1 11
23 1 15
24 1 28
25 1 27
26 1 11
27 1 25
28 1 1
29 1 16
30 1 20
31 1 24
32 1 23
33 1 27
34 1 9
