param num_bundles := 15;

param num_cust := 30;

param price_reserve :
   1 2 3 4 5 6 7 8 9 10 11 12 13 14 15 :=
1 286 170 169 127 177 140 280 206 251 260 270 32 137 82 192
2 105 206 269 78 211 284 219 247 323 101 361 223 328 239 304
3 431 400 473 241 326 472 328 129 491 212 380 478 158 335 132
4 312 523 559 490 108 308 189 482 312 553 251 394 360 355 425
5 411 214 255 419 199 198 375 248 368 156 335 418 122 321 344
6 293 281 223 524 487 398 370 341 461 430 300 434 489 366 370
7 160 225 187 240 198 47 122 136 177 242 87 148 41 205 198
8 355 427 476 266 473 440 493 121 208 296 328 497 541 417 389
9 256 288 244 32 214 170 177 41 220 251 285 113 115 214 62
10 104 76 69 116 55 80 118 90 121 103 57 111 61 94 52
11 353 491 189 490 312 437 179 434 307 463 419 503 254 247 200
12 520 509 472 436 459 386 406 356 266 465 264 454 501 401 454
13 21 455 492 228 249 394 279 326 340 419 475 423 243 424 507
14 287 38 285 283 209 248 175 234 234 279 116 152 118 281 170
15 106 142 134 50 196 208 203 206 212 184 54 122 207 216 84
16 415 267 332 292 325 279 411 360 248 372 384 116 141 202 187
17 87 17 228 335 446 261 281 183 432 326 370 308 436 27 349
18 215 424 497 462 391 34 384 415 321 260 506 73 58 396 281
19 366 31 196 336 222 280 125 310 335 218 147 359 173 234 231
20 376 259 204 254 271 276 317 285 248 314 121 281 425 373 409
21 209 559 441 332 521 456 246 541 552 464 450 467 249 498 517
22 114 293 246 263 190 68 242 125 172 38 130 171 228 124 234
23 222 297 404 104 25 434 439 402 436 456 462 464 404 384 331
24 82 545 300 368 361 443 308 445 519 346 460 503 113 529 294
25 130 229 236 171 160 83 182 150 181 85 238 54 84 169 238
26 113 43 39 12 117 116 36 112 97 113 84 114 81 25 118
27 339 415 139 235 445 434 195 445 285 114 372 233 237 430 67
28 229 140 251 292 253 231 52 114 94 205 142 146 209 160 256
29 370 326 422 366 278 236 21 395 421 254 409 239 364 370 418
30 468 274 389 237 212 153 343 298 205 380 524 554 275 542 573
;

param:   cost_bundl  marginal :=
1 50 86
2 91 110
3 109 107
4 31 18
5 67 78
6 63 101
7 102 116
8 71 110
9 92 117
10 110 101
11 118 106
12 90 72
13 98 119
14 56 43
15 67 115
;
param: buyer budget :=
  0 48
  1 1696
  2 1389
  3 71
  4 372
  5 754
  6 328
  7 1482
  8 413
  9 1574
  10 968
  11 828
  12 1415
  13 1705
  14 1565
  15 1218
  16 1044
  17 1380
  18 658
  19 1036
  20 261
  21 112
  22 789
  23 1529
  24 1576
  25 336
  26 1572
  27 790
  28 701
  29 761
;
param num_partition :=
4
;
param: item partition_index cardinality :=
0 0 2
1 2 23
2 2 9
3 2 18
4 2 14
5 2 9
6 2 9
7 2 4
8 2 15
9 2 11
10 2 22
11 2 7
12 2 5
13 2 15
14 2 17
