param num_bundles := 15;

param num_cust := 30;

param price_reserve :
   1 2 3 4 5 6 7 8 9 10 11 12 13 14 15 :=
1 143 213 172 111 228 228 211 183 164 179 194 80 113 225 137
2 540 192 496 213 429 538 403 492 250 336 185 351 485 483 197
3 196 217 325 240 375 414 442 389 344 441 395 374 82 228 282
4 357 194 106 283 181 13 259 282 266 278 290 183 157 148 239
5 151 436 523 418 478 503 80 350 202 347 160 513 183 469 498
6 40 348 301 219 273 291 301 331 275 331 174 191 243 160 162
7 203 447 174 466 191 383 110 478 135 204 454 434 41 361 457
8 302 323 76 236 224 234 320 364 308 264 363 362 222 267 281
9 442 427 341 474 468 508 420 147 397 465 266 489 460 317 492
10 30 147 129 174 131 91 194 223 56 186 187 94 214 210 147
11 236 429 539 392 498 338 456 456 425 399 275 411 304 193 311
12 407 405 543 84 237 266 445 288 321 424 489 273 378 513 481
13 458 479 326 315 437 277 519 531 224 353 512 427 348 500 248
14 437 170 334 372 508 456 469 491 255 450 474 302 482 72 178
15 298 254 104 326 308 327 262 244 251 326 220 319 188 228 157
16 234 194 222 130 148 217 219 209 234 182 181 121 289 69 200
17 68 68 101 67 110 70 111 118 64 72 48 92 69 115 116
18 217 211 358 106 306 345 79 314 250 51 220 300 327 181 194
19 316 439 292 443 385 297 340 381 434 491 451 507 299 484 377
20 198 569 233 569 449 263 309 454 254 183 113 464 301 505 145
21 75 81 109 89 99 121 81 116 100 97 108 116 108 87 34
22 115 217 163 187 183 214 133 178 147 190 244 38 240 192 223
23 395 425 131 443 352 304 389 196 537 527 446 521 463 242 283
24 287 237 237 70 43 293 255 130 253 217 285 267 115 234 271
25 290 240 290 145 195 195 273 67 246 256 181 266 223 93 138
26 292 304 285 294 32 177 319 373 291 361 374 293 364 377 242
27 424 494 305 517 460 311 312 521 0 286 545 48 363 465 421
28 137 419 421 298 289 420 275 277 277 366 267 230 339 198 310
29 81 354 332 295 271 112 321 214 196 114 331 233 310 307 107
30 468 394 275 399 217 398 424 456 427 187 431 147 276 418 373
;

param:   cost_bundl  marginal :=
1 96 89
2 76 117
3 93 94
4 78 84
5 82 77
6 92 75
7 76 107
8 42 119
9 113 71
10 83 84
11 29 100
12 51 103
13 105 52
14 49 111
15 66 97
;
param: buyer budget :=
  0 1599
  1 1218
  2 1514
  3 1070
  4 1388
  5 353
  6 1611
  7 956
  8 957
  9 642
  10 896
  11 405
  12 748
  13 213
  14 1273
  15 534
  16 1137
  17 1665
  18 1085
  19 1503
  20 1281
  21 1262
  22 456
  23 963
  24 1108
  25 19
  26 1423
  27 470
  28 1360
  29 1332
;
param num_partition :=
4
;
param: item partition_index cardinality :=
0 0 8
1 0 6
2 1 15
3 2 11
4 2 17
5 2 29
6 2 23
7 2 13
8 2 22
9 2 8
10 2 1
11 2 20
12 2 14
13 2 20
14 2 16
