param num_bundles := 15;

param num_cust := 30;

param price_reserve :
   1 2 3 4 5 6 7 8 9 10 11 12 13 14 15 :=
1 139 190 200 223 210 241 199 271 329 141 94 283 97 320 252
2 74 379 431 315 295 480 368 219 489 167 422 499 363 335 299
3 276 261 286 303 423 343 252 354 220 375 335 447 419 378 409
4 367 543 489 401 557 254 514 422 558 418 528 404 270 458 277
5 178 150 180 22 205 216 200 212 91 113 151 142 223 172 103
6 206 477 507 369 406 485 79 250 408 524 543 498 353 228 337
7 119 299 201 270 137 246 342 263 359 113 140 35 255 60 288
8 191 401 256 414 380 67 393 409 186 390 412 415 110 199 328
9 349 71 429 394 337 385 288 67 215 442 261 389 423 251 287
10 374 386 224 174 239 357 187 352 371 243 177 254 284 370 382
11 276 368 228 343 329 490 346 367 29 284 243 338 175 471 388
12 70 96 105 113 45 89 87 34 72 110 105 86 122 79 111
13 120 243 273 384 358 240 283 218 302 300 382 325 415 376 36
14 364 411 409 36 520 520 216 219 385 427 437 316 265 461 445
15 375 189 465 60 537 160 519 207 365 285 293 338 482 444 390
16 223 301 276 269 144 109 292 300 220 114 307 237 243 314 349
17 334 405 244 377 306 88 381 418 275 339 394 187 251 417 416
18 371 533 541 130 209 261 270 400 460 522 283 533 118 263 457
19 250 120 183 151 159 139 181 281 194 169 175 155 254 82 250
20 434 438 378 388 244 432 466 349 172 229 295 468 456 207 228
21 337 55 204 335 139 349 124 146 344 379 244 389 74 207 275
22 505 111 503 578 304 541 470 511 381 553 439 209 428 281 571
23 346 371 256 200 189 215 373 269 312 221 373 191 240 163 192
24 262 158 223 44 43 183 325 257 187 33 89 346 340 185 188
25 313 237 205 190 319 345 80 325 288 311 257 244 266 220 344
26 325 487 262 229 458 364 298 316 222 498 304 165 502 130 419
27 103 135 185 133 210 113 233 218 44 102 195 89 92 149 154
28 170 68 331 247 113 209 223 322 203 176 291 197 194 62 315
29 195 426 216 395 464 116 139 445 408 253 204 412 401 197 302
30 509 358 484 368 310 482 209 63 134 549 495 518 152 468 94
;

param:   cost_bundl  marginal :=
1 104 69
2 63 50
3 98 116
4 119 114
5 61 91
6 77 88
7 8 112
8 93 35
9 107 113
10 69 14
11 65 84
12 105 38
13 59 110
14 112 110
15 98 100
;
param: buyer budget :=
  0 1283
  1 270
  2 1548
  3 467
  4 1409
  5 650
  6 847
  7 1541
  8 1313
  9 1682
  10 796
  11 204
  12 1014
  13 1263
  14 497
  15 1006
  16 718
  17 1219
  18 1071
  19 1110
  20 201
  21 195
  22 75
  23 1641
  24 693
  25 404
  26 962
  27 1098
  28 1645
  29 982
;
param num_partition :=
4
;
param: item partition_index cardinality :=
0 0 4
1 0 3
2 0 21
3 0 2
4 0 3
5 0 28
6 0 9
7 0 11
8 0 11
9 0 20
10 0 13
11 0 3
12 0 29
13 0 13
5 2 28
6 2 9
7 2 11
8 2 11
9 2 20
10 2 13
11 2 3
12 2 29
13 2 13
14 2 26
