param num_bundles := 15;

param num_cust := 30;

param price_reserve :
   1 2 3 4 5 6 7 8 9 10 11 12 13 14 15 :=
1 230 217 159 191 145 155 195 141 139 158 101 214 168 175 184
2 378 277 223 291 233 355 369 391 142 325 381 344 359 323 292
3 348 471 317 50 225 279 476 225 431 418 285 129 477 428 497
4 138 170 323 453 404 449 485 289 464 413 493 155 490 308 398
5 232 370 503 373 325 143 466 442 306 174 358 514 128 417 214
6 104 96 57 110 121 88 97 92 92 66 120 104 110 64 39
7 230 180 144 427 320 278 374 223 289 422 304 168 389 393 262
8 259 315 418 429 340 410 322 312 257 350 178 424 312 429 151
9 228 153 234 167 231 200 144 231 122 94 130 217 153 194 199
10 576 387 533 324 152 543 503 261 226 546 382 74 414 366 411
11 361 470 293 336 437 450 222 426 462 276 349 430 370 387 456
12 390 194 277 188 445 348 431 142 480 402 386 465 346 471 479
13 459 531 361 478 326 331 284 295 449 384 542 431 218 277 153
14 293 302 205 259 324 240 126 187 233 276 276 309 119 233 131
15 121 195 111 223 122 231 198 59 40 295 134 285 265 237 118
16 192 184 120 258 162 270 131 18 270 134 294 127 258 122 42
17 62 43 30 67 105 26 79 64 43 98 102 116 28 88 39
18 187 136 262 284 216 275 273 306 160 379 386 211 330 281 325
19 238 246 213 329 245 153 236 429 268 248 426 215 187 94 419
20 228 487 414 227 396 23 426 425 517 425 466 351 371 143 142
21 452 419 449 382 319 436 292 400 270 408 388 422 217 127 58
22 102 103 120 23 55 118 80 91 109 71 14 31 42 92 67
23 309 197 460 493 107 447 320 494 462 421 524 480 455 491 167
24 343 358 356 285 158 375 11 408 372 323 59 435 150 352 292
25 241 219 244 122 263 186 84 279 260 285 264 181 34 185 154
26 213 125 201 224 203 357 69 171 366 262 138 141 263 182 96
27 115 13 73 76 73 119 71 70 117 75 88 84 107 66 103
28 190 205 201 311 349 47 177 384 421 155 143 371 212 231 405
29 209 325 472 361 397 439 380 461 319 441 415 322 464 191 467
30 279 294 206 368 304 360 179 201 299 278 178 212 280 0 333
;

param:   cost_bundl  marginal :=
1 65 62
2 94 41
3 46 111
4 60 119
5 37 115
6 96 100
7 117 116
8 84 13
9 21 83
10 92 83
11 32 27
12 117 95
13 104 81
14 100 86
15 90 89
;
param: buyer budget :=
  0 1513
  1 151
  2 867
  3 495
  4 214
  5 153
  6 1255
  7 1620
  8 1146
  9 1057
  10 1230
  11 228
  12 1529
  13 22
  14 1276
  15 126
  16 1001
  17 975
  18 275
  19 696
  20 1725
  21 797
  22 1272
  23 1171
  24 567
  25 1228
  26 1234
  27 656
  28 1271
  29 144
;
param num_partition :=
4
;
param: item partition_index cardinality :=
0 0 16
1 0 17
2 1 21
3 1 24
4 1 3
5 1 14
6 1 26
7 2 1
8 2 14
9 2 17
10 2 3
11 2 3
12 2 6
13 2 19
14 2 21
