param num_bundles := 15;

param num_cust := 30;

param price_reserve :
   1 2 3 4 5 6 7 8 9 10 11 12 13 14 15 :=
1 187 203 221 21 198 215 106 265 294 186 238 221 139 247 286
2 187 438 392 277 385 158 445 417 348 326 226 255 330 204 333
3 155 332 388 225 206 370 231 274 28 148 204 287 256 381 278
4 394 489 491 260 357 391 484 183 377 168 443 201 502 453 120
5 282 296 87 506 93 551 232 412 506 465 331 292 491 211 113
6 309 361 344 325 253 226 139 205 226 347 292 203 216 194 102
7 406 369 278 415 315 362 388 375 276 344 293 362 315 223 201
8 184 133 111 176 135 190 107 92 91 211 157 232 57 165 121
9 161 516 211 508 151 449 414 425 513 525 434 502 223 370 473
10 220 328 469 487 469 269 439 367 302 219 263 151 201 484 405
11 366 509 326 476 131 236 171 380 347 329 401 301 469 373 414
12 116 98 0 89 72 71 35 100 56 69 22 116 118 89 85
13 419 198 238 350 348 431 397 105 137 312 163 337 338 436 379
14 176 483 527 507 489 303 543 423 193 21 191 370 550 541 467
15 323 191 132 105 147 445 184 453 205 330 167 402 227 356 327
16 223 385 238 278 268 58 314 39 292 356 210 118 102 187 387
17 522 470 371 419 84 312 436 333 339 76 223 86 571 524 549
18 474 521 21 398 516 384 234 151 480 450 508 524 451 550 554
19 144 349 229 485 394 518 231 302 332 123 486 536 312 78 541
20 101 384 483 234 291 241 349 177 432 489 225 269 321 338 222
21 141 100 220 113 153 187 43 82 148 125 103 122 216 227 133
22 475 513 473 438 143 189 521 338 290 565 478 571 152 458 293
23 288 170 248 58 278 253 231 218 216 233 275 282 255 155 277
24 328 189 461 456 456 305 443 319 254 127 467 424 247 299 332
25 125 418 181 423 291 359 424 25 396 284 212 421 169 136 423
26 495 364 202 397 163 527 257 504 516 469 350 270 260 488 144
27 127 36 305 121 279 127 193 300 316 198 216 146 283 334 111
28 354 181 417 496 510 519 213 437 525 313 301 383 546 440 405
29 459 96 424 391 397 309 273 210 340 485 402 183 282 151 306
30 112 110 48 73 96 115 109 95 112 73 104 95 81 79 7
;

param:   cost_bundl  marginal :=
1 116 111
2 108 44
3 108 97
4 99 111
5 108 60
6 28 17
7 61 92
8 38 68
9 109 70
10 118 122
11 113 90
12 116 109
13 79 99
14 66 112
15 108 82
;
param: buyer budget :=
  0 1414
  1 147
  2 810
  3 690
  4 221
  5 1057
  6 568
  7 1049
  8 1560
  9 211
  10 1499
  11 1601
  12 715
  13 101
  14 370
  15 1170
  16 539
  17 734
  18 1030
  19 1203
  20 474
  21 351
  22 1221
  23 1357
  24 1159
  25 85
  26 946
  27 764
  28 266
  29 1270
;
param num_partition :=
4
;
param: item partition_index cardinality :=
0 0 22
1 0 16
2 0 10
3 0 15
4 0 4
5 0 28
6 0 22
7 0 27
8 0 2
9 0 10
10 0 27
11 0 13
12 0 27
13 0 13
13 2 13
14 2 7
