param num_bundles := 15;

param num_cust := 30;

param price_reserve :
   1 2 3 4 5 6 7 8 9 10 11 12 13 14 15 :=
1 87 227 314 161 228 255 310 280 293 315 192 283 264 331 321
2 282 209 134 351 202 225 243 199 174 171 329 323 212 267 198
3 226 214 108 95 52 205 50 55 111 114 126 153 232 205 218
4 449 467 278 445 251 326 362 377 110 444 295 438 248 146 322
5 122 154 176 268 99 212 290 465 407 263 392 345 402 316 464
6 494 418 463 74 125 245 447 498 403 194 280 320 434 496 314
7 507 424 462 380 235 359 230 391 292 452 453 414 183 390 413
8 217 207 137 227 211 141 89 244 215 242 173 199 166 156 65
9 212 289 124 272 472 432 183 169 253 472 372 363 315 240 122
10 329 284 250 330 357 320 194 215 295 152 99 341 191 223 130
11 283 127 311 234 260 64 231 109 205 229 263 69 217 327 239
12 260 251 175 241 284 189 118 58 179 282 273 35 290 22 217
13 188 498 521 449 139 256 446 282 219 274 484 496 516 339 478
14 270 328 327 284 322 295 230 254 289 116 316 63 213 180 154
15 275 414 395 213 456 489 494 468 404 47 436 413 299 508 364
16 398 524 340 155 136 565 374 377 556 160 281 234 366 83 410
17 197 220 462 299 221 438 384 467 358 161 488 280 343 250 310
18 221 408 61 260 308 519 545 271 479 208 232 248 383 564 553
19 284 386 334 380 440 49 279 246 425 350 460 194 88 54 427
20 229 246 203 157 288 256 268 260 287 113 86 282 15 248 90
21 363 71 117 361 185 193 101 62 339 104 286 286 356 90 293
22 28 103 119 83 45 53 114 86 66 85 43 109 85 66 48
23 197 441 345 383 463 255 235 464 237 456 278 531 482 497 415
24 93 75 47 57 61 90 58 42 94 100 81 111 106 35 28
25 47 92 60 99 79 81 82 77 104 66 67 31 97 72 74
26 147 303 358 189 442 392 209 119 48 413 359 264 234 387 377
27 270 456 207 339 116 218 458 520 579 399 452 404 307 374 138
28 262 274 215 73 236 292 213 276 219 287 68 238 75 119 221
29 291 136 205 106 269 310 85 318 252 142 151 293 215 250 210
30 485 447 417 14 407 461 351 518 505 450 378 161 453 379 517
;

param:   cost_bundl  marginal :=
1 105 106
2 38 92
3 68 98
4 14 100
5 113 117
6 29 33
7 118 79
8 110 113
9 84 33
10 77 60
11 114 69
12 120 119
13 114 78
14 108 92
15 110 56
;
param: buyer budget :=
  0 988
  1 206
  2 1487
  3 1159
  4 1599
  5 130
  6 211
  7 957
  8 693
  9 843
  10 877
  11 1581
  12 728
  13 1516
  14 823
  15 1553
  16 834
  17 630
  18 1547
  19 909
  20 934
  21 349
  22 1239
  23 378
  24 380
  25 447
  26 1532
  27 1419
  28 434
  29 1722
;
param num_partition :=
4
;
param: item partition_index cardinality :=
0 0 16
1 0 23
2 0 3
3 0 3
4 0 23
5 1 29
6 1 4
7 1 12
8 1 8
9 1 17
10 2 15
11 2 12
12 2 23
13 2 20
14 2 5
