param num_bundles := 15;

param num_cust := 30;

param price_reserve :
   1 2 3 4 5 6 7 8 9 10 11 12 13 14 15 :=
1 445 393 408 336 283 272 224 392 475 444 320 433 365 136 377
2 375 314 287 366 354 85 217 383 372 406 412 332 295 176 355
3 480 391 408 150 191 165 286 130 311 524 176 356 297 313 503
4 325 154 111 318 145 288 276 359 155 283 335 231 310 252 262
5 254 198 329 106 41 445 416 229 177 107 155 437 335 168 243
6 187 120 205 200 161 91 94 190 181 83 140 126 154 167 129
7 498 495 489 363 324 132 338 502 72 402 381 470 83 196 262
8 467 400 66 240 332 479 375 469 243 515 245 503 526 437 525
9 87 105 355 323 309 262 138 262 308 500 503 126 352 339 169
10 243 219 282 209 216 77 216 246 88 210 171 161 292 168 269
11 309 340 386 193 362 257 386 124 117 331 214 326 227 305 230
12 100 87 66 120 90 87 63 102 105 51 76 44 106 67 119
13 409 122 199 178 478 445 436 457 94 430 40 254 456 425 359
14 66 489 430 519 405 453 315 473 336 202 353 429 283 144 41
15 400 196 284 211 249 250 197 191 412 406 93 310 277 313 361
16 239 375 225 288 243 319 388 322 327 317 65 359 321 253 187
17 415 523 391 427 435 195 181 291 402 535 339 415 187 457 202
18 379 447 102 388 392 424 223 310 439 139 456 258 212 314 165
19 273 281 257 65 287 211 385 382 250 421 333 306 354 70 344
20 241 115 140 244 190 77 141 147 177 192 221 208 136 183 182
21 13 288 131 234 298 321 317 177 121 232 163 210 280 319 341
22 97 229 415 547 564 290 523 266 544 176 546 309 366 248 533
23 70 433 191 273 135 144 395 312 338 346 194 304 293 386 228
24 230 346 403 178 396 119 280 423 416 464 449 331 438 297 368
25 379 238 282 240 123 352 84 358 438 184 110 166 379 214 348
26 209 483 418 250 215 333 328 414 398 508 107 379 433 501 372
27 151 121 163 170 254 294 113 139 254 332 116 279 292 163 208
28 410 529 564 467 292 248 313 270 500 421 233 214 544 464 566
29 504 490 111 374 361 439 329 496 434 323 434 198 385 453 444
30 476 364 522 315 359 94 520 510 562 523 456 349 446 442 110
;

param:   cost_bundl  marginal :=
1 85 119
2 103 48
3 96 99
4 78 25
5 23 118
6 100 121
7 53 76
8 58 114
9 111 89
10 72 109
11 71 74
12 109 35
13 106 65
14 111 48
15 120 114
;
param: buyer budget :=
  0 1435
  1 1606
  2 953
  3 639
  4 139
  5 331
  6 708
  7 128
  8 752
  9 1003
  10 1112
  11 305
  12 153
  13 1345
  14 39
  15 193
  16 590
  17 587
  18 612
  19 227
  20 1575
  21 1200
  22 366
  23 696
  24 543
  25 1224
  26 190
  27 729
  28 130
  29 925
;
param num_partition :=
4
;
param: item partition_index cardinality :=
0 0 20
1 0 5
2 0 25
3 0 29
4 2 13
5 2 7
6 2 19
7 2 13
8 2 23
9 2 17
10 2 27
11 2 28
12 2 11
13 2 20
14 2 7
