param num_bundles := 15;

param num_cust := 30;

param price_reserve :
   1 2 3 4 5 6 7 8 9 10 11 12 13 14 15 :=
1 299 228 205 62 135 415 362 228 469 436 97 395 519 209 523
2 227 281 343 317 130 220 354 279 296 273 47 183 347 266 310
3 203 416 395 337 406 426 262 313 478 453 291 118 397 288 466
4 317 151 324 374 414 309 253 379 243 383 98 322 234 319 387
5 206 277 262 239 234 381 295 394 93 388 227 214 403 418 269
6 467 328 228 386 489 108 485 376 166 478 387 400 397 322 298
7 318 223 318 231 279 128 274 197 205 159 150 310 242 153 210
8 492 476 321 340 127 267 455 232 262 487 369 440 445 287 298
9 453 87 172 437 169 264 346 222 35 52 314 443 369 256 116
10 223 102 203 132 157 76 216 165 217 224 182 207 146 157 90
11 395 321 283 450 407 241 300 434 83 367 451 103 277 327 471
12 91 393 297 352 158 382 362 363 316 393 146 99 394 242 393
13 443 23 375 495 500 491 400 326 444 325 282 228 522 212 286
14 337 211 133 371 273 381 311 377 381 388 262 230 127 218 245
15 344 257 235 246 465 24 390 473 222 365 506 282 357 326 464
16 328 343 348 327 385 392 249 389 379 232 106 272 194 278 387
17 293 279 199 398 429 302 418 402 464 401 411 426 232 468 389
18 100 191 327 288 141 135 81 97 153 290 105 266 333 162 276
19 114 292 177 277 304 230 274 153 222 187 246 204 180 310 218
20 451 325 399 423 487 315 125 337 27 525 520 479 515 464 267
21 267 332 394 425 366 319 185 423 91 88 125 413 20 291 116
22 308 264 87 355 301 363 177 213 174 382 382 63 249 414 248
23 438 152 434 371 460 104 298 41 396 284 353 455 445 341 463
24 326 274 173 163 295 293 131 311 181 322 297 66 79 301 124
25 387 409 518 474 341 461 440 482 220 333 312 322 509 335 327
26 219 507 532 279 149 524 139 487 342 265 450 462 383 489 428
27 418 303 497 366 309 454 416 452 106 118 204 164 466 467 267
28 427 366 361 375 12 388 340 67 455 268 211 124 265 161 409
29 282 529 268 423 514 434 536 405 182 537 529 441 470 127 513
30 249 432 399 302 318 39 418 333 284 285 360 208 188 423 77
;

param:   cost_bundl  marginal :=
1 93 78
2 56 99
3 55 63
4 80 41
5 119 36
6 110 79
7 81 90
8 89 73
9 107 93
10 114 99
11 73 108
12 58 98
13 84 105
14 103 104
15 116 64
;
param: buyer budget :=
  0 671
  1 1243
  2 67
  3 1505
  4 1503
  5 204
  6 410
  7 468
  8 767
  9 97
  10 160
  11 321
  12 97
  13 432
  14 644
  15 1083
  16 142
  17 330
  18 568
  19 461
  20 835
  21 729
  22 381
  23 685
  24 464
  25 1184
  26 109
  27 659
  28 1103
  29 491
;
param num_partition :=
4
;
param: item partition_index cardinality :=
0 0 10
1 0 10
2 0 14
3 0 21
4 0 27
5 0 5
6 0 7
7 0 17
8 0 1
9 0 16
4 2 27
5 2 5
6 2 7
7 2 17
8 2 1
9 2 16
10 2 15
11 2 3
12 2 28
13 2 23
14 2 1
