param num_bundles := 15;

param num_cust := 30;

param price_reserve :
   1 2 3 4 5 6 7 8 9 10 11 12 13 14 15 :=
1 395 261 399 359 443 341 250 359 330 411 409 161 255 404 308
2 109 218 213 194 67 242 146 81 244 243 43 216 184 189 185
3 211 95 104 184 190 212 89 176 85 75 169 216 148 86 196
4 513 406 532 415 563 232 387 296 170 343 270 477 71 558 526
5 23 114 91 52 114 114 100 25 62 88 108 120 115 98 119
6 200 501 421 453 281 257 104 375 430 286 348 516 415 196 170
7 409 403 151 35 320 222 336 139 414 381 470 253 472 341 204
8 430 455 551 539 548 80 395 416 575 536 294 502 433 557 375
9 501 560 66 559 326 310 411 360 270 274 202 314 347 423 315
10 295 297 432 240 435 388 169 118 475 33 133 457 373 210 476
11 325 216 515 518 546 338 494 344 152 413 390 498 169 387 493
12 330 288 140 78 336 54 317 249 384 247 302 162 227 98 286
13 353 189 460 234 137 348 306 339 247 286 524 221 318 251 505
14 29 408 346 144 513 477 452 419 567 44 479 364 437 146 255
15 116 62 91 109 107 115 69 67 111 111 101 25 100 80 66
16 260 303 360 191 275 375 37 336 393 417 383 158 395 175 202
17 458 452 198 372 93 423 316 436 397 294 391 283 427 122 415
18 237 452 385 518 144 521 419 426 223 171 492 446 84 492 520
19 356 145 274 305 319 234 154 218 215 131 309 393 170 332 136
20 108 108 77 39 114 114 80 110 48 40 83 100 107 57 89
21 375 288 481 182 467 480 504 435 238 486 400 322 469 468 441
22 336 368 164 373 274 221 258 173 209 312 77 381 345 307 83
23 49 294 157 175 166 290 275 269 268 190 239 174 128 35 295
24 38 200 306 117 308 303 192 301 208 305 171 93 87 158 191
25 343 309 189 308 357 266 305 106 54 281 230 276 254 361 353
26 235 390 312 249 217 320 294 258 338 129 286 108 326 313 200
27 202 272 239 369 188 312 244 262 146 436 371 467 480 77 261
28 286 166 262 162 171 225 330 191 266 231 243 280 138 350 280
29 151 101 234 178 205 50 139 214 191 229 235 179 188 197 84
30 122 117 54 94 111 64 117 118 56 62 98 118 114 113 39
;

param:   cost_bundl  marginal :=
1 59 105
2 32 56
3 65 15
4 110 102
5 102 98
6 87 11
7 121 112
8 71 114
9 88 102
10 78 47
11 99 91
12 88 33
13 106 108
14 117 97
15 101 34
;
param: buyer budget :=
  0 325
  1 1442
  2 1108
  3 1036
  4 777
  5 924
  6 358
  7 807
  8 1311
  9 1329
  10 1018
  11 1580
  12 784
  13 355
  14 313
  15 1147
  16 492
  17 1072
  18 935
  19 680
  20 373
  21 953
  22 1460
  23 532
  24 416
  25 580
  26 1067
  27 981
  28 1614
  29 93
;
param num_partition :=
4
;
param: item partition_index cardinality :=
0 0 4
1 0 12
2 1 6
3 1 13
4 1 10
5 1 7
6 1 26
7 1 17
8 1 1
9 2 13
10 2 16
11 2 7
12 2 5
13 2 7
14 2 12
