param num_bundles := 15;

param num_cust := 30;

param price_reserve :
   1 2 3 4 5 6 7 8 9 10 11 12 13 14 15 :=
1 349 212 198 311 267 333 225 210 211 99 326 355 330 132 279
2 366 264 177 213 99 179 115 303 277 315 359 265 354 326 45
3 553 505 118 438 419 153 466 375 394 103 567 522 425 182 388
4 209 191 314 128 283 257 56 209 330 228 295 315 43 88 247
5 286 405 401 123 397 365 385 404 386 144 170 409 353 410 148
6 484 292 455 159 461 254 473 103 430 380 525 531 381 433 307
7 239 60 494 437 536 410 228 318 176 546 188 546 78 539 526
8 201 121 184 416 423 217 398 371 276 163 434 349 189 358 339
9 270 161 245 106 171 288 244 52 253 31 236 270 122 258 245
10 244 32 112 197 138 139 132 115 111 121 184 142 87 235 234
11 243 235 343 136 136 243 254 233 302 317 163 296 151 223 254
12 148 218 446 418 191 222 202 346 366 448 361 471 431 342 325
13 421 167 200 356 229 232 354 152 266 331 228 262 89 314 446
14 101 71 202 326 325 261 180 310 261 370 296 343 335 336 244
15 308 291 238 212 380 441 187 247 206 374 345 398 446 262 310
16 299 367 139 106 274 290 302 250 157 330 205 67 300 317 273
17 224 204 143 101 27 184 241 36 130 193 179 214 221 227 151
18 321 61 277 366 525 453 545 328 317 228 563 338 261 241 503
19 291 258 418 293 241 422 398 306 374 335 439 416 301 456 470
20 465 131 179 198 268 303 310 360 267 208 415 392 85 342 456
21 307 137 98 295 268 385 234 377 300 339 253 138 301 252 214
22 458 299 154 220 67 460 409 313 156 175 392 414 213 243 122
23 452 260 258 387 114 292 408 274 418 434 370 369 423 406 229
24 232 122 344 464 459 416 372 470 395 435 296 245 471 405 277
25 175 283 137 340 99 44 244 113 572 456 282 322 116 246 520
26 210 116 240 165 74 109 191 201 147 66 103 197 188 99 176
27 404 454 376 373 477 273 226 56 348 208 451 322 350 251 380
28 351 157 294 278 300 169 288 334 126 359 138 277 209 354 314
29 248 172 229 120 293 166 237 234 116 181 146 132 122 286 252
30 123 405 460 247 99 506 339 521 389 523 439 358 440 311 359
;

param:   cost_bundl  marginal :=
1 92 33
2 38 33
3 41 69
4 76 107
5 118 108
6 98 35
7 68 20
8 66 52
9 61 84
10 81 67
11 111 99
12 49 76
13 74 114
14 97 39
15 93 114
;
param: buyer budget :=
  0 1571
  1 1475
  2 261
  3 1259
  4 1417
  5 1622
  6 1389
  7 168
  8 680
  9 1628
  10 1198
  11 309
  12 1715
  13 839
  14 865
  15 1655
  16 991
  17 1634
  18 417
  19 1332
  20 223
  21 636
  22 1284
  23 1215
  24 1257
  25 1009
  26 100
  27 507
  28 1171
  29 969
;
param num_partition :=
4
;
param: item partition_index cardinality :=
0 0 27
1 0 21
2 0 25
3 1 18
4 1 6
5 1 23
6 2 3
7 2 13
8 2 20
9 2 12
10 2 26
11 2 4
12 2 4
13 2 18
14 2 14
