param num_bundles := 25;

param num_cust := 40;

param price_reserve :
   1 2 3 4 5 6 7 8 9 10 11 12 13 14 15 16 17 18 19 20 21 22 23 24 25 :=
1 523 259 642 680 569 511 392 453 202 559 604 318 620 411 537 600 333 456 663 524 369 588 657 366 259
2 387 223 332 155 477 197 541 714 627 376 341 748 593 588 734 83 729 224 493 559 484 668 516 461 539
3 635 63 590 323 689 326 522 504 562 657 450 488 470 502 324 647 402 670 673 96 664 79 185 399 442
4 170 301 269 376 266 318 175 320 67 380 39 361 20 327 139 299 343 234 47 21 350 371 270 257 377
5 527 462 411 620 352 439 192 361 543 376 601 552 499 532 512 235 14 597 271 582 110 587 301 192 386
6 416 448 312 527 631 550 547 369 635 643 695 637 562 704 496 455 471 341 410 176 685 651 701 387 608
7 294 408 437 272 236 448 432 356 469 335 409 492 455 428 283 490 292 460 222 400 396 335 410 501 403
8 299 594 753 458 725 225 508 415 534 686 676 570 761 437 542 511 426 564 314 650 666 547 574 381 564
9 396 597 117 495 687 48 527 253 91 584 418 193 561 687 702 526 538 408 219 455 316 585 344 281 624
10 560 802 229 315 296 37 661 680 211 784 104 490 603 698 787 795 303 538 581 555 610 678 692 838 666
11 311 158 438 307 213 324 374 378 481 284 300 215 327 436 318 386 509 376 481 377 409 420 277 433 278
12 333 76 161 337 353 0 325 222 148 308 328 174 146 245 202 219 224 245 181 344 220 279 62 367 319
13 829 376 651 760 864 579 771 494 258 419 424 448 559 423 632 625 879 380 225 706 777 561 670 557 314
14 143 421 347 427 81 238 403 370 364 314 165 280 152 333 246 173 211 409 346 280 231 335 423 144 380
15 484 243 345 425 30 368 102 389 400 198 456 426 401 349 506 268 242 102 406 163 383 452 283 437 149
16 138 591 638 453 510 437 346 386 516 442 568 747 552 636 677 413 43 593 727 344 514 331 606 343 639
17 621 512 747 510 646 576 456 691 405 478 609 124 522 781 509 402 382 588 201 723 458 517 560 531 236
18 569 544 444 227 214 112 459 495 436 422 575 506 195 30 508 210 429 556 488 303 292 208 549 124 567
19 730 742 626 585 497 277 485 779 179 695 460 379 449 665 677 576 745 552 178 782 590 716 762 431 692
20 481 552 619 599 754 637 205 392 538 547 259 480 456 474 723 449 599 693 620 849 862 228 735 176 646
21 329 444 479 650 727 631 499 593 813 570 767 620 544 705 738 445 694 332 760 724 421 227 187 778 368
22 335 170 228 340 26 116 218 334 372 339 380 306 290 222 67 111 150 238 314 243 260 272 235 149 374
23 513 405 606 750 688 438 661 325 469 655 845 789 216 614 456 618 206 596 470 437 681 360 775 549 821
24 263 167 328 404 183 85 404 414 236 426 326 251 419 188 306 86 318 363 331 344 418 0 62 331 263
25 544 344 248 495 354 420 255 498 516 400 430 95 98 508 520 414 541 392 374 476 509 481 179 305 472
26 566 733 634 735 249 611 220 301 594 583 727 625 479 392 633 346 202 413 366 243 721 394 342 387 684
27 487 454 537 87 675 723 241 363 702 718 721 603 666 445 312 662 585 298 345 618 626 587 539 219 507
28 603 233 269 622 676 478 528 672 624 22 758 473 641 708 621 215 191 419 630 429 663 150 387 590 386
29 601 640 375 235 507 461 207 672 594 576 603 271 617 669 303 578 601 421 638 348 610 362 358 574 660
30 726 856 619 821 731 748 814 396 678 739 755 407 678 864 672 832 835 796 777 554 842 758 506 528 894
31 606 203 404 447 205 526 523 460 170 317 152 236 284 346 313 108 400 531 536 544 469 65 304 236 609
32 374 338 459 85 274 483 520 320 449 346 303 281 268 283 538 289 441 538 464 117 147 460 243 490 403
33 621 433 176 416 240 282 610 564 212 593 102 494 176 265 457 123 444 82 318 595 560 601 602 332 538
34 0 303 366 81 425 209 171 413 385 464 357 169 104 338 505 285 430 124 391 492 50 155 404 162 167
35 431 767 771 745 544 362 518 707 688 745 195 584 303 512 795 701 811 409 294 666 270 639 342 203 752
36 621 804 850 502 281 444 759 856 485 352 165 575 679 733 216 334 799 471 687 677 612 635 225 584 698
37 587 399 371 436 585 646 336 181 392 297 631 596 543 514 300 429 318 614 159 371 499 397 535 242 603
38 598 282 284 295 416 377 218 402 177 248 299 520 560 236 188 152 523 201 612 586 395 629 561 619 417
39 99 587 455 587 574 574 265 403 353 447 542 509 362 51 75 533 240 543 564 500 371 569 462 571 264
40 730 688 445 231 289 614 521 681 634 226 442 722 702 524 788 543 683 613 612 610 705 715 564 288 246
;

param:   cost_bundl  marginal :=
1 81 144
2 148 9
3 97 85
4 127 111
5 87 74
6 100 69
7 68 71
8 109 153
9 72 120
10 109 141
11 48 17
12 43 95
13 117 36
14 98 69
15 95 104
16 151 111
17 116 106
18 16 78
19 62 33
20 115 98
21 66 151
22 70 132
23 60 117
24 65 107
25 108 158
;
param: buyer budget :=
  0 1152
  1 444
  2 1071
  3 1335
  4 574
  5 98
  6 282
  7 800
  8 1313
  9 969
  10 1617
  11 711
  12 1632
  13 1417
  14 1405
  15 401
  16 483
  17 1562
  18 1434
  19 558
  20 300
  21 36
  22 1570
  23 179
  24 697
  25 272
  26 39
  27 424
  28 1128
  29 223
  30 923
  31 463
  32 1445
  33 628
  34 1704
  35 468
  36 261
  37 1085
  38 142
  39 1145
;
param num_partition :=
3
;
param: item partition_index cardinality :=
0 0 12
1 0 38
2 1 11
3 1 34
4 1 35
5 1 34
6 1 12
7 1 8
8 1 21
9 1 31
10 1 15
11 1 11
12 1 35
13 1 35
14 1 16
15 1 14
16 1 39
17 1 12
18 1 34
19 1 29
20 1 38
21 1 31
22 1 2
23 1 31
24 1 25
