param num_bundles := 25;

param num_cust := 40;

param price_reserve :
   1 2 3 4 5 6 7 8 9 10 11 12 13 14 15 16 17 18 19 20 21 22 23 24 25 :=
1 146 307 294 159 225 125 84 311 239 155 254 50 154 263 185 153 310 292 225 273 276 121 287 281 185
2 318 259 917 363 676 875 694 768 756 579 617 672 354 788 763 849 655 846 828 409 387 642 899 206 675
3 926 854 292 591 657 258 779 663 188 547 894 543 367 463 795 625 789 243 496 654 696 626 680 679 924
4 569 396 557 548 464 460 571 181 125 399 403 419 510 537 615 157 381 506 693 638 586 663 634 543 686
5 469 442 530 521 280 518 177 53 336 379 483 511 624 91 539 337 264 479 233 573 387 505 551 619 322
6 673 177 596 493 894 814 820 880 877 883 663 569 467 695 293 886 717 258 628 849 845 303 36 464 879
7 696 249 344 630 846 621 343 257 554 525 345 172 494 660 825 298 470 816 517 717 338 289 763 349 690
8 290 118 373 360 321 268 106 114 177 187 259 312 374 217 377 202 283 70 335 370 335 282 302 287 276
9 595 626 648 431 267 607 452 471 349 534 714 696 116 693 437 220 119 548 228 493 601 337 520 448 185
10 149 73 97 98 139 155 127 59 84 140 152 136 146 96 100 52 84 70 98 156 97 58 124 109 64
11 324 378 221 293 99 422 473 376 364 348 234 324 389 372 325 430 461 304 401 254 248 429 304 297 154
12 57 457 490 151 457 475 255 261 233 528 491 416 245 212 474 267 318 328 339 446 319 524 343 445 525
13 257 683 331 194 745 374 519 751 541 686 753 661 772 477 789 292 258 302 635 454 646 489 593 595 635
14 719 496 599 436 704 236 450 480 258 723 698 609 453 352 462 486 711 650 702 624 438 238 681 414 667
15 266 289 413 408 230 375 167 370 190 140 392 293 408 403 200 174 398 373 183 123 231 295 327 180 271
16 376 801 854 607 500 708 831 390 780 367 545 739 321 303 782 670 824 171 793 330 799 686 519 545 303
17 676 568 413 467 319 567 476 700 519 238 143 419 652 508 609 658 574 365 571 433 161 377 279 612 689
18 288 210 369 446 332 537 469 359 536 461 552 554 201 454 281 599 567 375 563 258 603 465 347 528 423
19 455 692 684 696 485 564 659 381 317 73 632 467 137 215 586 224 549 458 651 624 338 564 360 392 261
20 483 858 474 0 327 375 611 931 331 458 736 361 372 623 531 181 689 250 869 344 766 405 253 839 338
21 548 298 728 457 786 186 823 287 813 825 860 429 641 558 709 576 540 228 385 680 710 703 471 738 662
22 340 713 710 382 509 704 773 408 704 317 738 475 582 717 378 676 713 256 345 569 783 363 489 304 749
23 240 248 241 295 329 319 295 254 320 330 312 297 156 315 338 238 287 144 326 97 235 305 166 206 379
24 418 425 163 244 585 510 544 352 378 525 445 246 468 570 414 439 285 592 399 29 533 604 496 549 519
25 208 210 244 158 343 56 140 348 272 225 328 222 376 266 320 333 260 199 137 244 309 255 268 196 263
26 787 694 497 766 349 618 318 771 758 790 667 735 627 509 664 577 451 600 286 560 395 412 158 457 566
27 363 450 224 725 362 429 306 677 614 705 626 539 668 601 677 329 537 707 104 635 694 715 375 228 324
28 576 57 324 326 618 427 572 463 68 589 559 602 269 312 621 332 489 360 455 638 571 435 476 523 227
29 304 365 415 342 360 387 351 506 374 297 431 437 624 594 103 399 440 309 92 570 257 603 321 547 508
30 372 131 485 193 386 321 452 142 263 224 20 227 275 289 484 425 289 425 302 255 497 135 133 359 187
31 881 706 860 680 165 757 226 441 344 858 693 725 807 381 612 657 723 358 40 440 703 704 357 95 513
32 528 619 556 569 456 457 465 686 583 441 595 457 411 682 614 230 693 354 485 175 454 486 499 187 703
33 353 436 231 354 471 354 297 174 424 414 74 116 404 454 189 230 269 350 258 426 307 324 106 470 363
34 677 614 510 517 343 331 774 501 640 330 733 293 776 771 759 421 795 321 194 439 603 346 746 243 734
35 230 306 255 104 388 550 520 629 49 332 832 812 498 724 495 417 719 791 596 731 512 179 734 522 801
36 376 269 299 242 337 341 212 212 301 235 90 367 308 226 319 219 377 354 335 318 213 225 244 369 335
37 638 919 685 402 747 169 358 311 564 921 771 753 651 247 359 272 700 612 876 825 756 670 540 337 486
38 477 410 612 733 455 437 640 543 332 731 152 685 408 673 706 312 692 710 383 273 769 559 759 628 480
39 286 294 563 309 550 395 247 99 528 257 385 537 266 555 226 554 567 292 596 209 438 598 334 452 223
40 477 647 396 396 542 577 546 578 742 768 680 302 311 738 459 302 560 601 516 763 461 96 663 759 405
;

param:   cost_bundl  marginal :=
1 142 20
2 146 150
3 87 92
4 41 79
5 77 61
6 116 112
7 54 107
8 113 122
9 121 95
10 59 120
11 144 140
12 119 152
13 79 133
14 151 133
15 152 143
16 144 86
17 61 117
18 31 55
19 82 115
20 35 130
21 65 66
22 112 142
23 94 115
24 125 85
25 111 130
;
param: buyer budget :=
  0 370
  1 1201
  2 1371
  3 16
  4 899
  5 81
  6 954
  7 709
  8 310
  9 1824
  10 451
  11 1473
  12 1462
  13 1595
  14 186
  15 1005
  16 935
  17 1176
  18 427
  19 838
  20 589
  21 470
  22 742
  23 761
  24 590
  25 435
  26 750
  27 1414
  28 1720
  29 365
  30 971
  31 1699
  32 676
  33 190
  34 1520
  35 1351
  36 1696
  37 116
  38 392
  39 593
;
param num_partition :=
3
;
param: item partition_index cardinality :=
0 0 12
1 0 13
2 0 31
3 0 10
4 0 7
5 0 19
6 0 35
7 0 5
8 0 20
9 0 31
10 0 2
11 0 32
12 0 10
13 0 29
14 0 7
15 0 19
16 0 36
17 0 13
18 0 25
19 0 1
20 0 19
21 0 39
22 1 35
23 1 34
24 1 24
