param num_bundles := 25;

param num_cust := 40;

param price_reserve :
   1 2 3 4 5 6 7 8 9 10 11 12 13 14 15 16 17 18 19 20 21 22 23 24 25 :=
1 727 718 611 548 717 648 618 544 721 368 615 638 490 513 613 458 167 694 688 328 589 579 705 461 425
2 52 220 250 177 215 315 224 245 81 113 199 33 198 289 271 95 188 118 296 150 311 186 180 251 300
3 117 486 567 325 481 482 191 502 200 404 436 540 560 519 399 11 52 363 266 520 498 142 484 305 573
4 376 585 439 339 288 245 623 574 135 556 630 331 645 636 482 614 644 562 223 552 431 175 603 479 664
5 445 535 352 728 323 743 537 507 624 403 532 176 280 494 455 574 519 630 338 742 264 351 664 503 426
6 669 607 444 887 867 499 456 750 728 898 549 721 407 648 154 745 393 629 758 721 718 436 785 543 301
7 453 501 576 577 254 378 551 511 404 469 58 541 617 616 585 114 603 609 206 600 422 444 151 628 628
8 519 529 273 795 592 656 687 590 543 605 789 595 741 629 570 563 633 228 689 486 516 766 710 552 802
9 517 496 447 626 653 727 608 622 273 690 414 292 570 708 472 248 430 621 377 331 460 665 135 187 369
10 292 372 296 378 190 174 423 403 324 333 384 421 326 325 411 360 345 277 416 280 307 121 153 254 239
11 712 649 754 444 283 704 391 165 641 363 766 463 220 213 689 471 632 189 480 716 524 612 725 679 538
12 533 275 569 457 143 537 328 223 519 114 541 574 217 119 224 510 327 576 480 282 394 405 511 472 478
13 551 468 427 162 529 489 243 548 431 581 314 418 536 452 544 390 124 405 574 531 599 272 357 401 108
14 777 637 662 795 353 738 630 171 462 654 651 693 730 802 455 762 649 448 737 404 612 608 267 184 339
15 659 600 689 743 624 664 652 447 483 399 841 648 357 619 350 808 291 246 720 717 456 388 577 634 269
16 588 539 190 585 592 293 355 450 596 292 283 340 485 140 482 202 240 345 308 453 343 489 278 542 568
17 311 155 463 385 514 492 304 378 492 472 333 231 369 535 464 179 367 362 302 413 306 182 180 507 481
18 295 633 478 332 489 399 722 415 576 745 649 665 267 347 726 775 813 518 689 779 804 753 821 422 778
19 309 371 587 323 122 415 360 220 298 249 526 406 551 576 457 332 238 419 494 342 66 283 458 453 399
20 595 806 639 681 461 834 173 849 813 261 645 839 864 676 837 570 856 784 265 637 849 401 546 714 484
21 318 292 439 165 378 486 472 502 461 164 285 511 424 159 492 89 408 499 294 467 149 255 421 357 426
22 145 140 58 84 53 83 8 139 73 149 118 139 71 153 117 11 133 120 113 144 74 20 123 97 117
23 169 186 67 437 259 473 249 478 125 436 262 270 135 241 461 363 383 372 44 465 138 135 244 341 217
24 318 47 474 775 721 800 449 810 894 317 525 578 377 143 327 393 522 859 350 174 308 878 147 367 878
25 563 472 375 745 767 717 794 525 593 699 541 520 489 401 703 392 436 383 596 752 540 774 814 688 589
26 680 374 634 70 696 678 613 689 245 292 676 646 651 610 90 471 643 676 679 626 577 553 660 536 186
27 587 111 439 541 596 723 673 608 605 709 456 521 515 402 705 248 256 563 573 475 529 620 711 398 352
28 622 625 551 516 217 427 323 562 448 371 259 662 462 521 321 539 382 92 386 696 388 622 473 610 642
29 823 315 838 303 510 788 832 486 362 692 203 543 881 865 424 673 817 816 729 523 271 702 712 684 816
30 337 553 537 443 405 604 348 588 536 542 599 542 600 219 474 314 599 184 570 527 330 218 566 88 449
31 236 249 254 295 129 46 209 213 147 284 278 117 297 262 196 272 273 288 31 311 284 297 35 274 60
32 376 551 306 326 431 312 377 345 391 493 377 311 199 495 496 498 464 595 369 463 574 423 142 272 198
33 408 138 564 806 248 588 743 205 533 889 602 129 305 363 156 602 435 593 547 412 716 699 808 859 599
34 680 650 62 630 605 534 444 645 487 103 614 568 564 348 600 280 581 427 613 244 530 654 681 622 632
35 115 371 387 548 560 216 336 422 378 556 396 237 330 379 440 443 52 509 538 574 370 484 167 347 527
36 436 625 345 666 779 676 599 529 542 588 360 800 489 428 237 476 193 64 337 611 548 587 272 606 411
37 427 785 726 249 720 638 783 578 667 392 868 221 529 539 695 233 849 670 459 712 815 547 493 748 338
38 660 203 638 277 433 199 397 624 648 570 113 251 580 111 533 625 491 682 521 581 723 219 705 401 694
39 314 657 775 769 722 717 170 713 480 414 510 831 320 242 794 606 394 625 669 786 742 814 201 519 556
40 577 392 600 331 845 689 701 229 209 587 897 643 381 844 808 554 606 543 800 652 790 849 684 268 592
;

param:   cost_bundl  marginal :=
1 87 46
2 123 113
3 128 111
4 111 155
5 79 122
6 153 132
7 107 51
8 77 75
9 123 123
10 98 143
11 129 144
12 36 127
13 92 144
14 123 152
15 59 69
16 134 136
17 26 90
18 108 101
19 60 124
20 138 60
21 147 116
22 80 106
23 117 152
24 38 144
25 130 112
;
param: buyer budget :=
  0 1061
  1 740
  2 333
  3 1050
  4 854
  5 1425
  6 1083
  7 1202
  8 1146
  9 1146
  10 429
  11 87
  12 905
  13 1265
  14 1435
  15 242
  16 417
  17 1065
  18 1616
  19 64
  20 346
  21 462
  22 1463
  23 1777
  24 1654
  25 1579
  26 486
  27 327
  28 1518
  29 217
  30 983
  31 1715
  32 1039
  33 1419
  34 1692
  35 794
  36 1739
  37 777
  38 1458
  39 1732
;
param num_partition :=
3
;
param: item partition_index cardinality :=
0 0 15
1 0 6
2 0 10
3 1 13
4 1 10
5 1 19
6 1 25
7 1 29
8 1 13
9 1 26
10 1 19
11 1 20
12 1 18
13 1 21
14 1 38
15 1 38
16 1 22
17 1 26
18 1 6
19 1 16
20 1 13
21 1 27
22 1 1
23 1 13
24 1 17
