param num_bundles := 25;

param num_cust := 40;

param price_reserve :
   1 2 3 4 5 6 7 8 9 10 11 12 13 14 15 16 17 18 19 20 21 22 23 24 25 :=
1 197 591 599 482 346 415 438 446 587 170 496 577 562 326 582 152 458 414 518 595 382 456 333 366 237
2 769 421 646 384 715 626 772 692 721 764 391 183 718 808 495 532 333 787 433 517 810 588 746 555 798
3 407 306 634 479 530 652 436 487 570 628 463 536 348 277 534 619 432 475 294 163 539 323 275 298 430
4 767 475 584 330 786 504 273 654 633 289 480 484 240 592 592 351 282 422 606 495 701 639 594 123 570
5 727 123 764 563 320 741 657 782 376 245 723 542 765 496 161 551 748 716 429 289 426 171 634 784 302
6 77 134 110 46 122 65 109 94 63 86 123 123 26 150 108 137 100 67 151 69 84 99 108 109 138
7 211 152 568 364 134 520 509 183 444 465 572 504 571 603 394 368 533 371 397 379 480 336 495 527 529
8 412 631 643 466 505 400 305 618 552 624 547 556 455 620 217 643 549 424 233 119 396 621 616 656 197
9 585 735 137 664 347 665 262 673 720 385 688 354 740 608 389 289 696 799 759 495 693 654 538 345 509
10 257 269 238 510 476 366 205 338 475 540 225 156 305 346 507 346 435 366 504 258 456 528 529 465 273
11 138 30 97 48 143 82 49 120 132 122 144 111 157 109 107 69 153 76 125 142 150 122 103 115 19
12 499 264 482 278 186 346 349 508 57 478 416 400 500 114 344 425 418 292 507 455 364 281 123 224 308
13 614 893 578 433 928 654 714 317 243 718 844 614 860 534 826 929 819 360 852 152 453 881 782 898 723
14 342 111 429 420 264 245 537 215 390 530 381 422 500 403 497 529 345 483 466 416 410 490 241 293 256
15 591 503 606 374 839 761 654 764 560 761 534 800 638 377 655 457 844 84 660 667 309 781 199 833 699
16 52 604 455 685 358 510 480 522 540 97 598 467 494 396 418 486 410 442 625 171 699 214 454 553 194
17 261 273 123 134 199 209 206 111 92 30 263 116 273 291 194 156 217 255 225 171 22 169 293 189 263
18 341 194 281 425 312 337 380 336 328 342 424 324 376 390 241 305 153 422 423 389 155 337 204 340 8
19 829 911 252 807 865 286 527 926 432 714 501 561 636 503 662 340 421 419 788 297 618 902 761 774 616
20 424 591 429 624 569 288 359 539 581 560 317 297 495 629 449 538 416 577 320 630 576 663 611 173 380
21 105 181 474 345 467 563 311 485 374 356 239 293 533 374 108 243 542 564 521 486 482 332 430 277 66
22 546 575 615 528 309 133 554 483 648 474 622 412 145 441 588 578 643 644 555 594 605 648 602 573 415
23 481 360 339 564 502 355 286 357 395 137 132 459 524 200 138 567 564 323 455 439 492 430 177 359 436
24 429 380 273 400 472 415 161 97 565 588 444 242 395 379 259 534 117 290 539 486 263 558 345 515 527
25 621 254 89 396 624 502 490 595 261 581 390 608 619 366 200 312 624 516 265 452 595 555 551 270 414
26 620 382 382 678 691 665 497 346 182 601 684 303 665 541 502 620 675 78 82 614 655 687 459 437 428
27 423 460 295 489 495 370 456 426 106 477 226 432 306 236 498 286 339 218 404 490 500 503 479 301 433
28 410 201 698 542 396 580 435 420 553 473 139 230 695 593 661 428 562 622 557 225 593 399 179 667 654
29 790 500 886 235 355 628 847 813 652 806 894 802 703 346 420 371 507 866 204 762 637 593 771 864 640
30 924 525 363 644 374 587 771 769 61 926 221 854 879 775 314 683 246 180 785 860 575 546 278 884 297
31 351 137 295 316 331 314 278 82 273 346 206 85 245 275 204 90 317 306 299 183 165 260 363 363 197
32 598 410 467 235 627 214 109 430 766 724 379 588 602 809 600 734 296 484 337 79 774 142 728 603 84
33 523 105 611 87 579 495 330 648 157 621 562 608 211 303 566 349 605 518 451 511 386 541 536 619 653
34 494 171 490 576 501 543 480 417 727 431 539 655 742 441 393 209 550 303 412 705 406 576 132 561 691
35 153 111 132 138 141 66 136 74 63 157 59 5 94 128 77 122 131 68 120 143 60 142 141 105 101
36 255 425 173 227 614 602 640 366 561 178 238 214 504 396 387 544 162 606 437 163 100 537 604 217 636
37 304 123 464 675 585 655 415 512 575 691 395 604 445 349 409 215 692 512 591 721 477 543 260 274 579
38 690 808 787 563 585 619 688 539 559 735 348 895 295 262 265 721 557 296 792 347 813 484 501 445 803
39 111 408 177 383 291 341 253 233 172 213 401 118 450 347 69 120 471 426 440 397 418 372 298 109 337
40 180 568 230 413 389 494 556 519 338 161 419 179 204 539 441 523 329 403 464 462 558 440 551 365 238
;

param:   cost_bundl  marginal :=
1 126 115
2 74 145
3 152 102
4 49 150
5 97 112
6 140 148
7 80 146
8 105 122
9 23 144
10 155 72
11 150 139
12 137 125
13 104 74
14 142 76
15 153 99
16 154 77
17 133 45
18 50 108
19 51 130
20 22 72
21 147 94
22 85 44
23 60 119
24 114 4
25 38 119
;
param: buyer budget :=
  0 1827
  1 199
  2 1314
  3 497
  4 781
  5 689
  6 784
  7 97
  8 781
  9 591
  10 224
  11 1100
  12 817
  13 1272
  14 382
  15 537
  16 1262
  17 294
  18 712
  19 193
  20 1214
  21 1191
  22 913
  23 1800
  24 20
  25 710
  26 1077
  27 1761
  28 1255
  29 1576
  30 772
  31 1481
  32 1666
  33 393
  34 1231
  35 847
  36 451
  37 139
  38 821
  39 353
;
param num_partition :=
3
;
param: item partition_index cardinality :=
0 0 13
1 1 14
2 1 28
3 1 19
4 1 15
5 1 30
6 1 4
7 1 20
8 1 27
9 1 7
10 1 2
11 1 6
12 1 30
13 1 30
14 1 15
15 1 23
16 1 30
17 1 23
18 1 26
19 1 11
20 1 37
21 1 2
22 1 11
23 1 13
24 1 31
