param num_bundles := 25;

param num_cust := 40;

param price_reserve :
   1 2 3 4 5 6 7 8 9 10 11 12 13 14 15 16 17 18 19 20 21 22 23 24 25 :=
1 252 62 75 370 374 32 153 292 303 121 198 247 182 307 337 93 130 243 370 328 185 168 202 335 258
2 244 432 625 209 244 473 614 292 620 458 146 606 580 271 386 596 126 334 117 543 509 248 510 534 467
3 358 155 573 590 401 528 484 609 294 68 148 523 484 732 464 564 691 569 368 448 14 164 578 721 583
4 322 180 312 229 225 190 328 368 256 117 326 223 233 34 296 341 154 316 221 284 372 20 353 227 93
5 200 531 547 685 295 287 717 683 429 211 491 146 544 495 565 476 243 636 683 501 237 686 292 740 494
6 162 851 836 204 193 482 847 775 843 528 682 128 733 555 698 588 738 455 330 627 770 824 620 520 574
7 784 421 720 414 517 396 712 741 692 329 200 609 486 344 618 646 632 768 578 632 349 237 652 336 188
8 678 130 696 652 801 743 569 101 72 729 188 772 402 609 226 773 761 334 730 648 550 659 643 483 705
9 299 499 732 600 260 510 827 715 711 731 531 369 837 140 594 562 709 629 677 644 682 772 397 825 95
10 367 881 857 394 803 789 135 522 503 613 378 797 780 755 386 878 679 794 716 716 848 405 771 689 467
11 215 170 69 262 149 250 183 95 175 207 184 297 83 244 264 101 241 164 203 71 224 137 278 225 315
12 159 336 591 482 578 345 315 366 300 478 355 297 503 360 446 427 423 498 567 386 539 404 505 628 250
13 212 271 190 464 358 412 252 529 512 391 427 351 487 518 535 342 431 149 492 465 416 474 335 324 554
14 756 661 282 473 814 549 515 730 824 259 603 586 855 466 625 753 539 848 599 341 599 468 448 544 537
15 305 157 178 295 249 238 135 186 182 148 275 217 300 306 228 258 135 216 187 153 171 243 207 301 113
16 543 268 517 422 491 561 81 363 174 587 546 566 102 298 553 342 199 424 537 412 488 387 442 249 355
17 348 434 688 611 633 232 443 657 439 649 277 352 683 438 637 382 675 519 408 543 448 315 618 463 241
18 235 374 825 422 803 685 746 533 577 726 367 614 759 760 713 804 463 489 633 443 519 401 505 501 232
19 113 768 743 543 322 648 730 726 349 303 401 484 556 464 478 170 644 653 200 664 636 455 383 704 379
20 79 440 338 230 250 391 448 393 382 448 423 442 341 331 267 21 458 243 153 442 319 439 394 56 312
21 287 327 467 333 253 98 231 424 280 455 243 436 278 321 124 255 204 362 396 440 411 425 140 78 120
22 357 414 340 479 150 258 278 302 71 316 416 476 341 500 380 160 479 395 384 298 378 207 271 374 362
23 388 858 717 813 322 741 703 417 726 407 338 606 443 408 836 774 610 117 653 651 320 734 902 704 223
24 304 191 177 365 366 102 320 93 173 308 265 336 181 279 330 348 197 306 293 132 209 288 336 254 311
25 43 253 169 120 258 310 253 218 241 229 165 208 243 99 170 143 28 255 260 295 296 20 313 275 256
26 334 396 248 213 316 209 423 234 438 95 394 254 288 250 351 344 84 172 321 469 361 210 354 391 259
27 401 478 500 626 321 550 298 124 567 442 611 473 435 287 350 431 624 484 549 647 352 487 361 490 452
28 159 708 549 672 792 463 628 685 242 557 385 591 664 445 64 680 822 690 799 807 593 593 310 718 496
29 599 305 308 545 128 575 672 448 439 725 508 643 604 391 484 442 467 643 364 458 414 713 538 704 401
30 271 615 764 605 376 714 438 729 389 599 755 591 568 627 701 490 290 457 744 619 398 500 588 479 650
31 216 244 302 275 241 361 370 135 82 228 230 144 118 130 225 263 306 275 259 312 266 258 367 354 283
32 469 502 543 356 286 422 398 554 475 553 296 546 520 552 475 152 567 567 261 366 559 140 485 373 458
33 193 434 817 597 528 481 850 271 647 348 754 623 718 725 277 353 628 409 173 458 396 546 858 752 296
34 484 387 471 904 454 365 531 636 810 842 294 783 564 869 741 888 602 737 827 356 423 658 206 619 891
35 630 254 459 618 466 286 251 328 559 495 421 589 161 560 403 322 631 251 349 596 583 437 491 163 579
36 915 535 778 807 385 552 593 826 852 846 716 486 671 540 485 387 811 640 779 909 665 810 840 612 427
37 250 346 219 822 644 682 513 192 612 676 447 713 594 695 383 779 535 680 662 772 485 616 504 387 821
38 537 640 458 624 643 428 103 414 599 499 150 382 633 429 143 613 546 220 586 554 686 660 509 359 365
39 371 287 682 663 599 643 698 162 317 685 612 164 540 456 648 139 410 561 344 239 94 212 398 678 512
40 318 450 527 466 427 463 281 343 397 482 333 499 459 467 533 524 577 85 366 456 379 214 163 549 254
;

param:   cost_bundl  marginal :=
1 93 76
2 135 79
3 141 113
4 137 127
5 85 155
6 107 86
7 81 143
8 94 77
9 150 96
10 119 95
11 106 111
12 117 102
13 113 110
14 108 97
15 100 124
16 29 50
17 55 62
18 74 86
19 152 133
20 65 141
21 133 155
22 84 21
23 123 145
24 137 140
25 152 74
;
param: buyer budget :=
  0 924
  1 1396
  2 46
  3 821
  4 436
  5 1286
  6 1605
  7 697
  8 550
  9 814
  10 1614
  11 1629
  12 1427
  13 756
  14 1311
  15 1737
  16 667
  17 817
  18 1262
  19 1188
  20 1285
  21 88
  22 1550
  23 341
  24 1074
  25 1811
  26 420
  27 1641
  28 1600
  29 531
  30 1798
  31 839
  32 1824
  33 1690
  34 1190
  35 738
  36 942
  37 81
  38 1604
  39 387
;
param num_partition :=
3
;
param: item partition_index cardinality :=
0 0 29
1 0 20
2 0 20
3 0 19
4 0 1
5 0 27
6 0 24
7 0 7
8 0 35
9 0 37
10 1 13
11 1 2
12 1 27
13 1 36
14 1 37
15 1 5
16 1 25
17 1 2
18 1 24
19 1 16
20 1 4
21 1 17
22 1 35
23 1 8
24 1 13
