param num_bundles := 25;

param num_cust := 40;

param price_reserve :
   1 2 3 4 5 6 7 8 9 10 11 12 13 14 15 16 17 18 19 20 21 22 23 24 25 :=
1 651 610 436 681 473 768 718 475 353 448 589 185 364 255 783 782 516 721 341 778 281 407 181 415 682
2 816 774 898 739 834 608 432 901 801 461 705 612 904 771 40 758 291 559 226 779 722 652 482 723 186
3 824 518 688 389 486 267 712 840 821 545 819 565 275 791 799 870 546 369 291 807 760 247 875 670 795
4 664 321 658 425 255 236 681 585 281 548 65 300 538 586 595 671 237 604 567 542 526 671 515 586 336
5 454 584 803 818 433 622 682 734 653 321 510 454 475 369 288 244 418 858 283 757 764 774 496 589 248
6 795 802 790 801 278 595 539 796 416 564 522 626 438 822 562 108 714 744 494 322 874 748 279 616 124
7 654 427 862 133 346 854 896 543 630 731 488 631 679 729 446 657 786 348 683 725 892 246 662 620 325
8 411 48 514 202 482 621 417 455 228 276 454 151 552 571 532 125 316 123 380 614 619 545 388 430 419
9 291 724 801 498 820 772 572 383 227 589 327 830 434 410 539 476 850 804 847 611 740 569 314 515 325
10 142 130 116 115 115 147 126 141 86 122 138 49 138 129 54 60 138 111 138 125 40 137 128 154 115
11 739 505 598 747 700 314 498 295 333 726 306 296 711 323 462 624 717 671 476 588 310 108 628 236 621
12 735 483 696 570 630 388 693 136 697 341 751 709 653 621 190 418 766 664 410 636 762 571 586 151 332
13 605 309 620 513 356 606 743 485 182 373 667 246 428 406 264 430 577 702 204 576 580 697 569 380 635
14 116 118 123 342 36 174 324 354 119 244 297 386 276 260 124 305 312 228 91 383 397 126 426 218 350
15 230 589 316 558 627 219 305 645 330 376 208 573 647 605 566 556 584 506 463 373 310 320 132 552 651
16 423 406 392 576 605 574 421 477 348 328 587 567 264 367 241 573 571 476 351 568 503 454 480 549 153
17 376 260 693 410 305 380 406 300 690 442 700 495 767 719 594 690 457 636 682 125 230 533 568 511 745
18 283 258 292 157 308 183 239 242 136 270 248 231 137 277 84 312 300 311 284 155 94 212 291 303 281
19 821 696 596 730 750 457 747 90 540 570 246 456 573 291 455 124 488 350 465 561 539 321 756 717 130
20 211 496 232 477 839 775 845 532 654 751 675 837 772 339 856 140 452 777 632 547 632 614 713 205 676
21 353 400 209 192 451 576 306 444 499 150 132 441 481 148 394 181 179 305 90 600 309 537 200 418 559
22 280 207 267 266 162 297 175 257 288 304 274 231 257 90 109 156 307 226 211 306 306 170 56 163 193
23 85 394 428 325 349 338 146 333 415 430 386 336 393 115 348 411 116 212 405 389 61 431 381 63 235
24 559 424 623 645 517 685 406 763 551 187 803 421 657 727 225 341 300 741 594 379 307 782 326 693 541
25 315 396 50 212 543 234 500 288 308 281 84 299 303 364 557 515 508 463 225 557 324 247 312 438 324
26 516 661 495 746 750 724 663 560 592 742 567 375 482 753 661 446 618 731 227 759 693 606 386 543 629
27 569 721 729 407 411 671 647 598 586 779 285 509 590 521 628 193 282 76 690 469 712 402 475 755 656
28 503 532 468 600 332 508 499 159 575 256 590 590 583 460 147 573 243 551 525 297 602 462 369 474 186
29 227 308 288 250 400 150 329 170 220 262 168 348 282 347 398 373 382 389 235 305 266 73 367 395 391
30 603 544 657 567 268 308 553 403 601 594 585 331 607 131 506 422 418 604 119 442 457 90 381 543 594
31 417 364 244 343 391 206 163 473 421 501 317 167 85 271 199 373 396 462 288 89 418 156 306 311 201
32 399 420 583 331 593 233 821 247 541 453 837 819 819 369 751 756 460 631 575 605 612 694 531 418 427
33 111 583 251 302 540 460 537 502 519 405 386 434 457 304 544 505 45 443 489 533 161 530 367 455 435
34 465 704 367 747 479 717 393 688 634 703 757 380 555 634 653 397 714 753 617 354 424 616 672 181 647
35 264 625 213 680 439 507 549 641 558 490 223 487 377 437 629 329 93 434 336 195 504 463 475 424 508
36 354 636 250 556 522 499 676 647 350 215 285 274 562 584 574 445 532 304 488 585 464 431 240 570 656
37 427 199 223 71 210 378 368 272 374 463 438 307 462 442 456 400 470 298 419 453 265 335 410 246 66
38 591 568 388 635 673 558 312 706 440 583 474 227 617 437 623 313 645 371 405 584 732 663 460 438 221
39 510 517 433 679 595 738 645 726 633 758 691 219 619 756 539 724 562 252 202 590 681 469 51 742 739
40 816 857 713 677 457 505 660 530 708 840 287 842 338 515 647 757 645 789 353 499 707 465 659 605 188
;

param:   cost_bundl  marginal :=
1 109 49
2 48 108
3 30 126
4 78 141
5 95 110
6 145 142
7 133 145
8 113 83
9 130 104
10 136 53
11 99 137
12 108 151
13 22 97
14 117 153
15 126 90
16 94 130
17 96 99
18 153 83
19 119 145
20 96 149
21 127 146
22 127 71
23 145 152
24 140 153
25 47 67
;
param: buyer budget :=
  0 691
  1 347
  2 155
  3 209
  4 668
  5 1771
  6 219
  7 1183
  8 982
  9 655
  10 1005
  11 1735
  12 1554
  13 1026
  14 1528
  15 1206
  16 536
  17 795
  18 1143
  19 1364
  20 1743
  21 408
  22 128
  23 1037
  24 331
  25 1657
  26 1343
  27 1566
  28 1113
  29 993
  30 1721
  31 164
  32 870
  33 1113
  34 289
  35 931
  36 747
  37 944
  38 316
  39 1690
;
param num_partition :=
3
;
param: item partition_index cardinality :=
0 0 30
1 0 24
2 0 12
3 0 5
4 0 22
5 0 1
6 0 26
7 0 26
8 0 26
9 0 37
10 0 37
11 0 16
12 0 1
13 0 2
14 0 36
15 0 2
16 0 9
17 0 16
18 0 8
19 0 26
20 1 22
21 1 23
22 1 37
23 1 36
24 1 27
