param num_bundles := 25;

param num_cust := 40;

param price_reserve :
   1 2 3 4 5 6 7 8 9 10 11 12 13 14 15 16 17 18 19 20 21 22 23 24 25 :=
1 141 118 424 259 520 468 284 539 504 492 414 512 308 344 468 522 523 164 383 315 277 338 15 481 464
2 513 455 659 544 700 344 763 169 698 623 552 708 352 409 686 334 431 211 309 740 719 706 676 342 610
3 319 741 808 716 693 761 698 774 380 768 534 588 377 843 312 480 385 673 165 457 264 778 534 533 219
4 295 540 184 543 322 219 385 237 466 461 238 520 539 221 440 451 474 321 493 274 188 486 247 263 457
5 306 302 232 262 296 256 167 250 310 244 308 154 185 187 360 278 360 353 272 104 273 242 311 293 306
6 363 139 792 605 183 790 327 450 771 482 589 577 367 358 664 688 727 560 349 184 654 498 494 443 713
7 418 701 296 566 623 658 645 558 533 529 234 54 362 476 582 487 242 538 186 688 702 610 601 416 554
8 251 666 656 623 715 206 800 729 435 766 524 551 142 711 599 177 272 397 837 652 573 703 821 362 405
9 549 562 594 699 707 805 799 752 483 647 408 662 720 583 653 704 491 816 733 488 443 826 374 380 439
10 138 110 111 96 93 59 135 147 124 123 120 26 133 97 87 109 97 125 150 154 35 154 127 143 124
11 125 385 433 770 776 671 752 194 424 718 717 642 332 686 271 777 770 462 306 685 437 580 156 106 478
12 304 231 176 315 278 182 289 307 187 71 297 159 243 240 251 163 244 123 312 259 264 297 109 248 171
13 536 432 614 399 629 577 402 616 300 658 550 508 534 580 428 644 14 437 718 428 554 498 467 222 726
14 534 491 334 696 70 395 379 88 564 605 702 498 119 500 214 502 560 162 743 728 502 737 266 535 738
15 425 363 379 330 455 364 330 329 352 238 346 279 91 66 465 271 501 484 138 535 538 344 480 541 431
16 459 541 278 262 323 620 832 619 740 825 797 836 406 717 551 455 614 795 644 726 412 718 824 716 372
17 675 701 272 654 399 296 612 604 275 718 139 409 444 631 651 734 649 425 623 452 595 501 337 730 405
18 492 477 420 735 699 606 493 762 330 383 695 488 641 715 655 539 709 644 518 726 306 670 348 103 547
19 215 885 239 508 833 624 509 769 645 424 697 744 153 573 253 193 878 789 382 850 268 470 780 498 544
20 759 278 670 204 716 177 807 577 439 656 300 799 788 713 647 678 245 744 521 820 577 727 820 413 752
21 687 174 665 555 590 79 688 719 341 673 543 474 762 640 730 425 453 458 906 762 835 667 345 760 529
22 346 431 486 320 365 486 381 139 338 289 511 343 412 263 187 280 216 464 278 494 506 267 146 511 456
23 323 339 108 355 192 269 222 352 45 254 348 263 237 374 275 299 371 281 310 247 261 131 326 116 65
24 570 557 104 535 367 313 400 171 272 112 198 416 266 466 344 373 563 139 555 304 552 494 352 557 245
25 165 301 257 308 313 173 186 165 214 58 202 280 223 244 77 132 174 287 300 274 312 128 207 122 289
26 153 281 235 771 524 641 503 685 306 392 652 698 488 547 733 598 364 703 330 764 745 176 371 577 710
27 802 789 347 799 637 802 400 846 353 397 463 525 433 837 768 567 284 444 446 694 58 585 728 672 654
28 332 577 600 704 570 636 368 612 723 620 578 264 483 410 625 515 556 316 691 372 739 651 763 537 680
29 294 660 696 67 524 515 504 550 603 690 462 297 255 350 440 339 699 458 663 303 168 628 253 595 442
30 494 765 372 326 533 639 86 770 581 355 498 341 91 898 433 708 838 749 605 622 109 481 833 789 446
31 271 38 360 205 389 510 484 305 457 362 569 545 417 490 306 583 470 295 377 374 596 553 488 518 393
32 215 284 422 249 48 502 523 467 434 465 360 210 462 538 315 174 104 246 227 98 372 254 470 349 414
33 580 565 625 732 579 293 404 873 749 436 596 230 861 660 629 0 375 534 526 489 670 878 868 278 416
34 32 305 98 285 168 372 87 193 128 380 155 228 311 313 142 177 86 363 330 373 375 289 288 331 159
35 201 261 305 188 195 224 199 285 243 256 256 177 268 188 235 300 297 123 98 133 285 205 170 285 271
36 434 229 292 372 395 361 334 228 345 324 326 365 463 213 194 37 275 434 49 71 153 460 466 392 350
37 270 406 574 265 236 247 442 203 256 305 342 296 568 453 308 228 487 440 510 311 371 334 446 470 338
38 558 818 390 484 736 770 757 372 812 574 796 657 691 746 569 621 618 785 835 391 585 736 815 400 596
39 607 595 619 520 445 189 157 398 307 97 590 429 609 510 357 61 586 232 254 616 218 564 294 618 367
40 56 107 155 100 99 43 26 111 113 136 74 132 82 93 144 148 150 137 145 21 144 83 105 38 135
;

param:   cost_bundl  marginal :=
1 138 127
2 57 142
3 117 151
4 102 91
5 97 68
6 133 85
7 98 93
8 139 130
9 51 73
10 147 68
11 102 146
12 27 116
13 132 154
14 125 110
15 143 130
16 154 138
17 69 140
18 94 132
19 132 110
20 54 78
21 156 126
22 107 88
23 145 156
24 91 91
25 112 138
;
param: buyer budget :=
  0 1604
  1 1377
  2 1548
  3 1688
  4 1462
  5 560
  6 687
  7 806
  8 1762
  9 1390
  10 638
  11 372
  12 118
  13 353
  14 922
  15 886
  16 1161
  17 993
  18 1510
  19 981
  20 851
  21 1510
  22 747
  23 1703
  24 909
  25 417
  26 1135
  27 693
  28 1780
  29 1165
  30 812
  31 319
  32 427
  33 416
  34 947
  35 681
  36 1552
  37 521
  38 1427
  39 1613
;
param num_partition :=
3
;
param: item partition_index cardinality :=
0 0 23
1 0 36
2 0 30
3 0 17
4 0 19
5 0 13
6 0 15
7 0 32
8 0 30
9 0 35
10 1 35
11 1 25
12 1 3
13 1 11
14 1 12
15 1 14
16 1 38
17 1 8
18 1 36
19 1 4
20 1 9
21 1 14
22 1 36
23 1 29
24 1 33
