param num_bundles := 25;

param num_cust := 40;

param price_reserve :
   1 2 3 4 5 6 7 8 9 10 11 12 13 14 15 16 17 18 19 20 21 22 23 24 25 :=
1 378 315 238 283 369 190 396 96 260 150 402 138 413 352 112 337 207 388 319 249 220 267 277 170 130
2 352 455 418 163 240 485 256 484 349 135 625 292 471 559 661 676 584 761 787 440 652 518 171 386 481
3 587 673 444 524 570 623 642 404 451 253 218 639 306 304 588 486 162 685 720 268 360 534 521 464 349
4 156 419 525 216 233 213 283 477 282 457 286 410 126 451 200 444 362 531 303 514 173 415 273 469 396
5 688 799 429 701 576 375 780 149 663 382 161 741 491 634 412 244 804 692 468 697 797 546 572 515 441
6 306 109 316 159 770 372 781 589 735 661 747 699 503 513 702 846 323 720 815 386 288 715 575 387 459
7 98 242 83 285 210 188 40 256 92 247 309 252 304 121 304 295 198 277 131 295 282 137 300 269 114
8 630 301 168 144 143 328 657 560 161 354 599 373 537 437 647 414 629 456 573 276 557 473 657 489 146
9 663 451 504 443 263 647 597 485 379 502 572 680 585 489 520 303 453 305 446 524 441 592 639 516 571
10 502 385 153 538 356 554 144 402 167 406 469 386 487 218 560 274 483 471 333 517 525 569 362 338 270
11 328 406 418 400 443 421 334 475 398 466 358 291 409 253 127 294 459 327 495 363 354 316 374 299 476
12 555 386 334 417 229 255 444 462 320 297 639 629 193 634 230 623 402 398 336 337 415 624 467 202 393
13 191 438 100 40 337 332 401 462 324 455 431 301 126 322 286 374 365 67 440 433 126 276 406 458 124
14 429 228 71 297 399 500 246 345 325 296 463 442 333 193 460 339 472 140 243 432 354 284 443 374 500
15 460 307 359 424 350 555 280 429 573 235 329 411 376 276 555 557 540 509 473 207 506 480 302 203 163
16 870 687 814 881 228 800 524 575 593 729 803 580 682 533 578 693 692 698 789 535 679 860 660 261 793
17 151 292 144 428 375 210 395 139 279 403 369 370 247 375 378 156 370 345 138 217 368 290 425 418 386
18 499 99 143 36 496 528 359 455 436 255 319 237 341 229 499 176 416 355 352 525 181 336 473 522 293
19 341 147 438 377 559 124 453 571 210 605 590 265 227 600 241 276 490 357 519 601 300 503 400 129 38
20 513 665 651 658 641 627 583 311 561 333 538 547 701 628 310 304 226 319 193 130 608 195 615 487 479
21 266 510 324 191 228 415 594 344 619 523 652 673 319 455 556 505 613 190 343 420 613 160 639 211 138
22 606 686 601 339 602 300 447 381 770 457 529 411 301 106 35 784 680 744 444 387 572 294 685 216 155
23 419 194 429 414 425 359 347 408 387 235 375 431 165 292 392 300 138 234 249 139 168 260 354 328 297
24 215 579 337 184 578 394 608 504 472 567 460 221 458 413 258 434 596 604 407 521 465 294 262 316 209
25 528 836 741 844 616 474 510 911 670 580 725 788 315 311 259 869 636 379 373 358 836 526 806 264 166
26 668 479 693 365 302 525 263 622 168 472 566 584 102 676 683 106 453 587 620 251 547 585 613 732 271
27 313 197 364 392 418 272 298 60 280 210 339 259 388 306 417 328 260 243 336 92 209 257 84 379 260
28 722 735 860 675 585 729 845 870 18 704 851 469 584 924 632 893 885 629 865 361 460 880 906 658 899
29 542 135 708 560 389 437 684 382 685 165 68 376 631 304 395 653 655 230 415 704 290 341 377 360 455
30 658 273 449 166 431 549 447 709 174 456 247 745 221 520 587 477 725 519 122 551 664 715 674 433 272
31 413 658 548 712 585 469 603 497 350 742 587 653 630 687 352 666 765 453 723 494 556 593 422 343 639
32 454 563 576 246 635 488 533 527 403 514 323 687 548 454 457 663 566 417 262 728 737 605 661 489 655
33 85 653 480 684 385 684 63 68 408 341 185 138 632 497 759 412 383 767 230 706 548 579 781 600 537
34 552 372 469 320 514 342 140 315 383 348 360 419 372 136 196 564 435 535 89 369 315 389 466 435 344
35 579 309 636 342 505 234 586 484 384 473 541 555 448 627 522 86 409 575 556 520 231 547 640 359 205
36 449 362 172 222 286 216 418 553 583 527 453 513 518 389 551 184 602 368 300 364 489 492 348 354 365
37 365 640 322 523 237 568 531 206 440 175 535 582 421 542 464 529 436 203 622 283 411 371 570 421 340
38 521 305 578 277 562 437 341 601 495 565 219 552 588 438 495 146 369 406 500 581 302 335 602 436 461
39 592 512 319 32 667 631 507 479 197 549 489 512 278 503 314 460 325 291 418 625 52 567 715 559 640
40 710 546 740 526 759 646 436 374 668 722 214 370 609 733 614 692 440 34 680 463 584 520 308 752 140
;

param:   cost_bundl  marginal :=
1 118 84
2 149 96
3 59 151
4 131 108
5 93 91
6 124 83
7 102 131
8 137 141
9 106 116
10 147 110
11 76 143
12 154 49
13 35 93
14 64 151
15 23 126
16 91 41
17 75 38
18 83 127
19 62 120
20 121 91
21 106 78
22 153 83
23 105 40
24 108 65
25 66 155
;
param: buyer budget :=
  0 1508
  1 1812
  2 389
  3 1183
  4 1183
  5 1826
  6 784
  7 86
  8 1189
  9 1300
  10 1150
  11 994
  12 1493
  13 1038
  14 360
  15 1085
  16 723
  17 1319
  18 938
  19 1634
  20 1276
  21 1640
  22 1028
  23 838
  24 775
  25 791
  26 950
  27 1481
  28 438
  29 1755
  30 1473
  31 160
  32 1689
  33 1724
  34 589
  35 1169
  36 1395
  37 409
  38 700
  39 1517
;
param num_partition :=
3
;
param: item partition_index cardinality :=
0 0 1
1 0 4
2 0 20
3 0 31
4 0 5
5 0 34
6 0 12
7 0 21
8 0 30
9 0 4
10 1 6
11 1 1
12 1 36
13 1 21
14 1 7
15 1 5
16 1 35
17 1 2
18 1 20
19 1 34
20 1 12
21 1 5
22 1 22
23 1 31
24 1 9
