param num_bundles := 25;

param num_cust := 40;

param price_reserve :
   1 2 3 4 5 6 7 8 9 10 11 12 13 14 15 16 17 18 19 20 21 22 23 24 25 :=
1 138 743 664 683 217 775 648 765 613 204 615 413 653 292 710 542 652 835 169 717 802 735 557 636 660
2 682 554 366 384 442 672 395 449 284 425 312 291 361 669 551 385 415 653 730 371 300 322 693 704 453
3 355 360 553 438 556 125 588 188 670 584 561 266 171 263 409 445 546 472 423 121 366 720 523 603 605
4 471 431 492 631 525 520 444 198 339 47 526 300 130 645 269 604 667 612 659 666 363 665 369 578 430
5 691 161 890 752 701 412 415 102 923 792 303 562 697 739 721 559 351 830 504 919 520 601 918 414 415
6 584 360 253 548 596 676 308 641 674 482 346 252 463 578 657 679 329 671 216 587 613 522 506 631 292
7 344 160 174 438 255 279 336 460 384 272 355 185 403 460 62 465 311 466 207 335 382 446 425 261 474
8 387 423 551 716 620 713 301 651 716 573 285 729 592 365 678 179 701 557 427 734 227 715 671 735 729
9 638 681 521 702 535 639 702 246 225 615 414 465 181 645 147 88 679 617 478 635 709 581 737 312 546
10 728 353 72 451 649 676 600 496 516 438 277 580 375 712 416 124 508 585 567 373 483 290 114 524 151
11 349 604 527 518 515 483 545 490 579 99 487 540 334 367 453 242 426 601 481 570 575 460 333 308 341
12 150 137 139 130 17 141 73 82 111 131 19 136 61 102 115 60 52 145 139 70 88 150 84 142 89
13 116 96 62 28 112 89 94 106 133 133 3 46 137 31 113 100 83 142 86 55 120 125 97 111 120
14 287 472 297 412 312 456 459 366 296 449 468 474 280 240 430 163 113 80 449 342 410 414 424 321 355
15 468 685 607 567 739 495 650 758 124 527 707 491 320 576 739 395 551 544 562 691 288 103 572 110 681
16 504 393 608 648 192 644 631 313 543 99 392 553 594 424 494 571 252 487 578 497 342 541 150 407 579
17 836 816 172 740 735 711 459 750 299 530 525 888 822 713 422 855 353 796 573 812 539 321 491 815 793
18 112 164 299 264 243 306 159 302 282 273 128 239 306 310 291 235 276 162 119 270 186 301 247 49 163
19 426 432 422 298 340 279 458 370 389 485 302 524 468 178 435 512 48 524 499 280 372 351 282 343 402
20 494 281 265 543 331 307 139 313 230 483 627 570 419 208 239 445 410 550 575 485 550 393 465 238 452
21 625 598 565 283 615 516 173 490 300 275 598 549 417 395 253 324 466 611 514 379 580 445 411 629 454
22 696 649 696 468 341 630 531 712 189 567 546 578 293 160 437 443 366 395 693 240 542 665 493 638 626
23 631 477 117 747 738 711 157 152 448 490 609 581 402 537 466 595 605 382 675 321 317 726 363 691 557
24 232 470 350 486 510 479 224 288 384 352 527 299 181 209 302 512 227 506 312 245 206 525 389 487 398
25 807 248 435 664 546 309 526 443 272 320 403 659 479 592 684 774 714 512 16 322 51 714 469 143 636
26 371 482 565 505 132 237 494 602 458 521 352 466 360 535 561 456 470 332 503 405 467 374 499 484 433
27 140 329 201 109 412 352 226 291 388 290 428 299 91 198 287 431 404 184 231 346 159 430 379 177 344
28 664 289 423 774 582 345 106 767 457 678 226 747 689 23 601 420 196 732 418 211 779 794 388 822 550
29 174 390 223 360 279 339 222 238 330 87 402 262 270 286 71 294 296 399 164 394 134 228 276 303 411
30 259 60 422 409 465 174 501 102 348 449 528 474 483 423 54 197 516 318 69 503 319 414 353 158 460
31 733 740 608 353 438 527 509 332 715 470 693 480 406 678 534 413 467 582 250 190 577 656 586 709 361
32 352 765 569 542 746 623 672 438 178 625 597 754 721 704 496 542 632 555 579 448 576 471 569 582 546
33 394 531 285 536 545 372 591 149 171 630 558 583 309 389 657 412 136 379 579 187 151 451 637 403 148
34 466 346 458 524 374 595 359 323 547 174 188 640 657 384 182 204 407 152 227 372 303 564 223 554 304
35 773 523 736 317 497 778 702 468 563 629 585 439 569 694 777 648 191 751 590 548 639 752 779 98 660
36 498 373 621 523 421 847 380 143 877 593 588 557 563 639 387 490 804 734 481 316 647 809 492 560 729
37 413 136 115 437 454 535 599 619 188 446 617 235 570 579 521 388 615 532 146 179 533 369 526 279 65
38 494 851 798 323 767 638 869 890 716 752 647 818 504 863 389 585 420 839 467 763 672 760 481 392 841
39 215 318 239 548 442 145 284 217 570 402 361 440 499 452 382 404 159 135 540 561 133 551 220 570 594
40 294 173 375 301 295 366 361 308 131 374 367 259 352 48 368 336 170 51 302 204 327 370 215 281 359
;

param:   cost_bundl  marginal :=
1 129 121
2 27 34
3 136 113
4 133 111
5 117 66
6 72 69
7 137 156
8 155 156
9 113 81
10 70 117
11 122 146
12 150 135
13 61 149
14 35 113
15 72 114
16 124 144
17 136 133
18 136 115
19 77 60
20 140 24
21 146 75
22 63 54
23 80 34
24 140 25
25 109 141
;
param: buyer budget :=
  0 1399
  1 644
  2 1322
  3 1230
  4 900
  5 1145
  6 1638
  7 1833
  8 660
  9 918
  10 1162
  11 1122
  12 1715
  13 560
  14 1069
  15 1201
  16 1078
  17 1424
  18 727
  19 807
  20 1139
  21 1456
  22 959
  23 1160
  24 802
  25 1698
  26 1668
  27 1373
  28 1585
  29 530
  30 611
  31 760
  32 128
  33 108
  34 1513
  35 1393
  36 74
  37 1700
  38 164
  39 1155
;
param num_partition :=
3
;
param: item partition_index cardinality :=
0 0 21
1 0 29
2 0 18
3 0 39
4 0 39
5 0 9
6 0 35
7 0 5
8 1 20
9 1 29
10 1 22
11 1 34
12 1 36
13 1 3
14 1 32
15 1 20
16 1 8
17 1 37
18 1 19
19 1 25
20 1 35
21 1 5
22 1 32
23 1 34
24 1 16
