param num_bundles := 25;

param num_cust := 40;

param price_reserve :
   1 2 3 4 5 6 7 8 9 10 11 12 13 14 15 16 17 18 19 20 21 22 23 24 25 :=
1 372 527 457 524 484 321 316 375 268 242 169 523 169 199 451 428 387 286 407 377 369 539 417 326 538
2 461 571 226 700 123 608 379 626 671 713 180 649 301 628 619 472 304 647 351 356 519 417 475 224 636
3 608 635 609 703 497 247 369 672 169 791 782 419 470 682 286 778 533 712 782 525 245 613 342 508 596
4 647 367 566 760 726 861 868 658 696 503 516 289 217 641 807 488 294 753 517 653 877 409 776 840 555
5 662 438 107 515 678 152 552 264 624 548 558 480 462 464 395 45 254 420 131 681 587 611 592 148 137
6 417 421 371 141 126 319 278 338 199 395 187 380 243 261 325 358 368 276 359 280 340 299 256 324 369
7 519 769 779 332 464 406 656 448 322 789 808 266 311 822 629 820 764 669 643 732 306 781 809 602 701
8 244 115 256 175 283 193 315 300 277 238 100 92 308 113 290 137 262 292 132 231 156 274 269 288 236
9 482 293 479 292 493 502 477 166 592 594 393 575 584 229 318 32 408 491 576 406 168 455 151 590 397
10 318 485 442 902 694 782 416 656 664 691 915 500 732 362 832 536 560 444 718 749 735 728 857 841 710
11 211 541 562 304 755 651 780 783 601 470 597 282 344 460 157 383 222 541 255 727 478 598 473 738 439
12 385 350 375 382 324 276 142 384 241 319 250 266 38 102 299 421 285 61 219 347 416 222 183 137 209
13 259 300 508 506 320 307 441 142 480 310 491 269 232 302 307 370 366 184 495 390 395 474 458 210 351
14 617 639 822 648 418 590 265 693 808 183 574 612 679 621 747 542 555 471 673 406 600 775 557 495 395
15 233 332 137 368 171 183 371 106 298 363 381 133 124 52 180 203 309 378 381 348 178 255 270 249 339
16 29 127 133 90 130 119 102 117 103 111 119 116 156 82 156 87 136 114 117 147 118 53 44 117 42
17 581 518 455 726 480 701 703 228 443 654 711 309 454 405 750 500 308 579 553 295 651 700 733 646 742
18 146 699 575 735 652 509 138 604 237 687 173 468 339 341 389 789 602 672 694 648 423 569 507 631 685
19 460 476 895 566 811 699 676 709 294 848 366 262 355 845 228 536 651 562 165 449 277 591 696 663 853
20 594 646 697 618 470 649 554 467 90 524 396 93 581 342 446 648 415 206 338 65 101 672 210 669 520
21 177 686 647 340 855 820 169 531 124 465 777 245 679 341 402 635 697 685 696 766 589 694 599 677 626
22 688 726 603 602 295 564 630 454 719 525 184 519 548 306 747 709 337 164 666 537 509 708 495 416 500
23 717 471 706 503 477 504 568 457 732 274 470 522 631 357 880 796 649 476 730 834 208 750 173 846 876
24 915 660 422 858 351 268 219 640 883 538 252 430 402 504 366 610 431 250 359 698 485 488 441 120 873
25 425 574 541 373 312 513 845 326 630 840 441 771 751 109 372 707 862 749 900 612 489 851 708 809 885
26 285 223 460 379 328 214 332 373 285 220 428 293 114 440 180 310 332 116 415 264 429 464 266 282 382
27 707 657 560 565 731 480 412 743 374 743 627 525 277 190 762 784 477 206 739 431 573 670 643 281 656
28 442 177 445 317 393 420 85 499 521 504 590 356 138 283 526 589 467 531 322 210 487 563 487 599 68
29 460 260 470 464 442 125 386 472 205 318 368 284 479 302 473 273 314 242 489 506 238 207 378 451 433
30 430 340 468 282 504 109 506 274 228 173 502 47 398 193 362 349 171 494 526 390 428 446 283 464 463
31 299 99 222 216 221 183 128 288 179 138 211 313 246 282 155 185 241 245 81 178 221 87 169 307 308
32 801 310 842 504 796 561 513 830 662 787 448 494 792 813 284 843 478 715 737 339 337 662 672 221 365
33 368 378 238 260 357 221 369 121 310 345 135 361 235 102 354 355 368 109 316 52 241 342 313 94 363
34 576 729 476 679 688 330 601 390 369 397 655 825 812 818 760 644 643 765 777 803 294 413 169 490 807
35 730 352 793 809 726 389 651 530 577 630 354 754 758 272 727 812 564 595 546 267 749 637 679 741 225
36 470 776 576 419 593 709 581 620 552 784 727 554 542 566 379 594 342 599 642 502 449 654 612 568 764
37 153 156 139 66 105 149 91 122 144 31 60 147 76 71 153 156 150 128 125 136 41 134 112 115 111
38 521 432 593 471 376 425 734 304 542 530 804 263 336 184 699 795 464 278 808 789 521 772 402 465 51
39 508 225 317 544 256 461 212 565 79 112 336 459 244 411 273 461 101 378 424 223 521 543 325 195 446
40 73 109 76 133 50 66 97 118 106 152 125 108 152 81 72 137 42 42 17 83 152 138 143 114 104
;

param:   cost_bundl  marginal :=
1 114 111
2 108 151
3 101 145
4 93 79
5 83 125
6 139 146
7 70 101
8 69 88
9 143 75
10 142 33
11 143 138
12 26 122
13 88 48
14 83 142
15 145 153
16 138 65
17 98 89
18 149 104
19 150 142
20 125 150
21 112 138
22 127 126
23 135 134
24 149 143
25 140 108
;
param: buyer budget :=
  0 501
  1 1301
  2 135
  3 874
  4 578
  5 706
  6 1102
  7 1019
  8 341
  9 637
  10 36
  11 76
  12 864
  13 973
  14 1565
  15 925
  16 818
  17 313
  18 1555
  19 590
  20 570
  21 583
  22 1684
  23 1247
  24 1806
  25 122
  26 73
  27 476
  28 596
  29 1262
  30 1704
  31 1332
  32 1295
  33 417
  34 264
  35 627
  36 1574
  37 1142
  38 596
  39 531
;
param num_partition :=
3
;
param: item partition_index cardinality :=
0 0 7
1 0 17
2 0 24
3 0 1
4 0 15
5 0 12
6 0 35
7 0 31
8 0 23
9 0 1
10 0 10
11 1 35
12 1 1
13 1 5
14 1 15
15 1 21
16 1 39
17 1 36
18 1 18
19 1 12
20 1 9
21 1 18
22 1 30
23 1 20
24 1 22
