param num_bundles := 45;

param num_cust := 30;

param price_reserve :
   1 2 3 4 5 6 7 8 9 10 11 12 13 14 15 16 17 18 19 20 21 22 23 24 25 26 27 28 29 30 31 32 33 34 35 36 37 38 39 40 41 42 43 44 45 :=
1 1121 974 892 627 1295 180 536 1042 1097 1286 639 1209 659 178 721 1143 662 289 694 797 1095 444 384 167 663 304 810 1027 972 850 1092 1007 638 763 613 1148 1255 544 1272 968 1000 972 595 1104 496
2 1187 1060 619 648 905 1262 1162 822 876 290 950 1242 1208 1242 1189 1165 727 1111 925 858 1016 836 987 1003 645 546 1127 518 957 516 1171 1009 1179 1072 837 735 515 920 988 562 1266 918 495 1084 1031
3 1115 567 989 1057 891 268 716 766 582 145 121 698 888 998 945 960 465 705 771 214 978 884 549 1153 1109 402 898 314 837 1095 946 1076 566 91 846 815 1138 296 722 270 880 996 1110 742 830
4 881 1051 457 876 1075 934 1064 847 467 577 871 757 706 977 909 243 678 830 265 1016 876 469 475 391 230 801 640 642 813 368 998 1073 756 608 718 1061 561 807 633 124 1100 634 988 408 750
5 267 1139 794 910 1243 910 1247 1395 875 1174 1446 884 1149 1214 1361 970 1412 1585 587 1219 704 1232 1039 348 1178 1519 1461 1597 924 1224 1021 1114 770 1333 1444 735 1346 1366 916 1602 1116 1250 1546 1297 1484
6 521 1026 629 1130 454 1066 330 1047 1169 1039 848 886 442 1020 1005 784 963 738 391 1175 962 1229 910 667 917 984 1039 713 720 314 919 786 297 1188 1063 744 1026 628 532 1228 280 796 404 892 711
7 863 897 329 366 867 226 527 458 684 861 197 916 526 606 525 247 673 755 591 665 669 744 342 754 413 523 777 812 408 867 576 545 768 833 510 411 589 944 182 608 263 633 691 799 570
8 283 65 822 1017 1001 861 574 864 804 262 740 792 148 964 977 787 798 928 130 909 529 514 470 771 302 974 887 435 92 1010 661 340 451 620 689 291 1032 744 900 954 716 604 525 737 350
9 599 704 663 1058 659 1361 993 1409 930 1358 120 1126 636 1242 975 909 757 614 422 495 806 1246 1135 504 1244 1254 609 1448 444 665 732 1326 1034 1313 811 1270 529 1247 1093 1002 1067 296 300 767 402
10 1039 530 813 616 394 445 975 998 330 852 816 1064 807 928 793 646 1060 1085 485 161 970 845 974 645 637 563 991 686 493 112 846 542 918 532 889 551 889 549 472 68 840 875 655 129 661
11 855 682 923 867 330 612 738 365 844 309 728 906 541 940 708 256 823 821 846 866 570 754 865 592 491 644 882 611 905 904 606 667 880 574 617 728 870 804 384 412 455 0 555 799 421
12 1268 1234 927 764 892 699 881 1481 226 1499 900 424 769 1300 1308 1104 926 874 905 919 560 1192 946 1376 780 824 1137 1272 1068 563 1378 463 670 1372 631 1449 1230 1165 1124 722 442 949 1293 940 1487
13 960 993 406 501 1382 1000 771 1148 377 885 1057 1115 1260 1152 577 602 1256 1268 900 1369 747 764 1202 1009 930 1417 22 1424 706 1095 1423 1258 344 1248 1040 1416 1321 983 928 951 750 848 1424 875 1404
14 159 227 365 285 220 398 355 172 357 237 301 211 345 416 353 287 248 359 317 397 361 150 261 404 212 325 406 142 381 403 422 255 417 303 130 242 211 286 295 124 170 377 259 345 211
15 692 933 652 249 721 992 458 745 837 550 846 603 1000 346 261 977 503 411 654 600 910 73 918 801 690 466 978 1022 838 507 980 742 1030 694 828 256 488 534 984 697 358 691 408 107 781
16 377 384 1271 1331 720 1350 1084 791 933 1173 783 705 707 1145 221 497 1044 796 832 821 209 763 988 1391 1118 391 930 1294 389 637 1023 855 1300 1162 1123 329 1198 884 828 681 849 831 547 600 1094
17 740 104 654 903 698 586 605 698 911 842 469 498 371 836 374 931 300 519 741 632 464 844 549 441 485 659 524 905 904 709 461 707 939 393 160 836 381 539 957 147 737 424 855 932 423
18 947 659 730 798 825 697 491 993 632 730 126 690 510 600 876 933 538 368 347 852 888 579 673 998 926 850 851 784 863 608 735 858 854 578 382 835 642 778 897 241 363 586 623 314 685
19 439 264 495 738 522 472 185 523 591 743 496 368 757 532 704 686 481 194 706 519 328 378 764 427 376 559 359 412 675 331 725 709 485 385 489 498 712 546 438 666 68 417 276 609 579
20 730 1199 1014 669 304 1183 853 396 1142 1204 835 541 744 623 367 1172 1059 884 1153 762 956 1203 1003 1149 841 1087 894 796 59 619 860 542 809 1099 425 399 1083 757 778 1157 943 594 1075 320 326
21 665 255 558 924 888 925 575 696 951 861 883 816 774 769 474 820 936 181 319 896 441 640 956 904 463 678 250 595 44 983 738 387 805 890 313 639 886 442 969 297 518 848 375 900 699
22 497 1070 674 803 1189 375 1211 1183 650 645 560 1242 1245 183 636 1028 619 872 484 1028 390 622 837 686 413 1078 565 1069 916 655 924 638 79 894 390 399 1009 344 1095 969 974 373 1192 717 1108
23 324 412 431 589 260 537 378 378 564 318 435 598 263 444 369 502 450 172 444 131 431 583 190 9 516 451 473 463 604 599 603 579 453 184 614 559 345 304 625 201 431 314 335 466 566
24 997 568 453 719 348 861 730 741 672 1014 905 931 253 746 997 923 466 236 1049 936 800 260 891 701 906 746 697 714 1013 946 809 760 518 581 1009 297 679 933 441 619 332 795 106 921 851
25 908 1031 665 997 539 936 1002 648 1078 701 774 529 1053 602 762 177 1115 333 267 575 1033 940 604 980 1183 857 1106 1028 752 1130 1150 682 1003 686 964 1081 1030 926 385 1055 1164 1020 418 565 1031
26 641 304 802 527 780 508 717 603 480 807 802 756 525 491 755 731 666 557 569 745 509 574 232 676 726 598 230 607 626 526 403 451 449 618 501 730 508 435 745 673 544 631 785 234 154
27 732 823 867 828 242 714 723 549 709 689 887 758 818 838 473 881 943 626 405 836 717 853 411 768 373 946 734 436 440 929 808 880 456 424 576 616 346 897 145 793 665 468 928 660 915
28 939 527 915 594 944 530 1059 611 185 534 174 816 187 654 784 643 872 732 640 980 787 932 687 867 1020 608 447 972 706 598 814 1002 568 397 997 909 594 907 936 247 1026 969 513 875 1018
29 54 343 561 406 501 523 366 274 373 517 234 562 227 400 517 534 476 536 290 181 367 487 333 524 358 498 550 526 157 327 439 369 409 407 284 462 559 434 209 483 307 521 509 538 241
30 532 786 888 580 1122 1205 457 1406 200 994 856 1221 251 1043 305 1190 1280 1165 1130 1063 618 55 798 1409 401 1070 323 945 754 965 589 1242 643 1007 1145 1266 1238 1071 598 862 949 1066 1119 1302 340
;

param:   cost_bundl  marginal :=
1 100 151
2 69 206
3 164 108
4 42 100
5 126 209
6 187 124
7 143 82
8 130 160
9 172 181
10 182 156
11 121 99
12 189 203
13 190 55
14 187 128
15 133 209
16 62 150
17 63 202
18 196 170
19 57 134
20 163 146
21 151 69
22 62 191
23 157 178
24 147 72
25 178 87
26 150 154
27 186 209
28 121 157
29 155 95
30 194 181
31 166 210
32 120 203
33 207 40
34 205 138
35 118 68
36 102 26
37 74 190
38 189 95
39 148 165
40 83 135
41 209 180
42 90 80
43 169 185
44 56 112
45 91 161
;
param: buyer budget :=
  0 350
  1 1265
  2 596
  3 195
  4 984
  5 583
  6 1399
  7 485
  8 802
  9 122
  10 374
  11 188
  12 1523
  13 453
  14 361
  15 744
  16 828
  17 1455
  18 519
  19 588
  20 1503
  21 1509
  22 113
  23 277
  24 1233
  25 795
  26 1056
  27 1355
  28 965
  29 1352
;
param num_partition :=
2
;
param: item partition_index cardinality :=
0 0 16
1 0 12
2 0 12
3 0 2
4 0 10
5 0 19
6 0 3
7 0 18
8 0 5
9 0 2
10 0 2
11 0 25
12 0 20
13 0 20
14 0 17
15 0 25
16 0 6
17 0 29
18 0 24
19 0 1
20 0 23
21 0 22
22 0 17
23 0 11
24 0 14
25 0 28
26 0 7
27 0 29
28 0 25
29 0 17
30 0 12
31 0 11
32 0 29
33 0 9
34 0 7
35 0 28
36 0 6
37 0 7
38 0 27
39 0 29
40 0 22
41 0 3
42 0 27
43 0 12
44 0 28
