param num_bundles := 45;

param num_cust := 30;

param price_reserve :
   1 2 3 4 5 6 7 8 9 10 11 12 13 14 15 16 17 18 19 20 21 22 23 24 25 26 27 28 29 30 31 32 33 34 35 36 37 38 39 40 41 42 43 44 45 :=
1 545 404 185 224 346 212 597 93 255 435 396 368 708 352 552 590 722 723 576 326 513 570 663 566 193 611 418 627 437 643 560 621 249 618 441 454 617 376 185 401 557 625 623 630 387
2 86 465 987 1009 124 782 951 991 603 908 576 294 572 574 819 968 990 969 754 953 995 673 1038 540 1005 992 148 801 879 526 672 385 624 321 712 1008 927 856 973 679 349 781 994 212 591
3 766 342 1082 1012 767 678 437 726 874 738 804 790 801 927 69 882 745 835 1058 950 245 1019 618 875 1023 959 427 731 147 695 988 299 420 719 1067 600 813 186 797 507 936 635 393 1115 1010
4 1192 738 1519 1351 1030 1401 1468 1375 661 1241 1494 745 289 1492 1568 1524 1585 1444 513 1430 946 1010 1190 1602 663 1489 1349 147 1189 645 314 1174 1311 892 229 1369 1429 1486 1257 1351 528 1552 752 689 1321
5 1221 571 765 953 986 1095 876 678 965 1190 880 1309 1174 1254 1251 754 1181 936 1308 1323 619 771 1110 1046 1241 446 1299 969 1320 626 1050 1037 1287 1175 708 1327 557 1191 1185 1024 1091 1088 753 830 1353
6 449 320 729 417 750 777 782 610 728 912 306 707 878 769 911 802 850 730 564 703 307 396 434 764 755 833 711 538 460 720 453 512 586 666 715 738 799 280 66 104 394 586 934 812 927
7 766 627 1000 276 555 110 430 797 823 639 461 507 1000 530 934 718 473 709 89 969 606 532 954 492 770 726 566 451 940 870 923 908 992 594 221 782 811 267 997 252 734 303 977 572 348
8 706 555 1001 1115 962 1282 1412 578 1199 1491 624 434 867 917 1335 937 650 1148 1171 316 1013 1350 310 1333 1197 913 1484 1202 1465 1306 815 956 997 1014 1099 388 947 727 1089 1362 528 521 950 580 981
9 602 829 562 220 669 656 445 253 666 910 376 792 546 881 318 207 523 896 838 697 434 405 466 840 403 203 694 596 801 812 679 541 471 464 446 375 852 447 806 481 900 899 392 908 863
10 893 574 654 830 513 624 722 1103 1024 409 1271 526 1032 788 1171 1145 872 1239 885 310 499 1219 1264 731 1015 423 911 948 630 895 1075 834 1064 424 1067 906 1122 645 184 504 672 1232 617 844 627
11 1137 801 631 715 1243 1261 1152 574 648 1000 1081 693 408 906 331 794 842 1098 935 801 1265 872 1088 232 304 712 487 939 1081 1209 592 1166 1202 1151 594 857 344 810 578 955 856 501 1131 755 677
12 577 568 997 863 619 601 905 570 732 456 1229 794 308 937 898 1245 594 202 327 778 1067 1203 360 1074 563 929 395 779 948 669 603 1227 606 1260 1238 1304 1038 735 492 838 1262 945 515 1081 1025
13 1165 1245 1053 942 1215 1429 1260 1039 1174 1243 665 988 1248 1148 272 996 739 474 702 1428 1264 924 1075 1177 945 304 895 675 810 150 1334 1328 664 648 1226 636 582 757 927 1289 1143 1365 1347 1270 1168
14 64 218 367 236 300 175 342 297 335 209 259 297 383 234 301 229 307 304 377 215 216 251 199 198 381 346 322 417 369 289 349 361 119 137 387 136 149 413 131 412 408 423 331 277 415
15 959 409 1279 738 632 1259 349 1163 1130 1125 342 571 859 155 175 816 795 775 801 1111 95 833 544 1254 324 422 506 793 256 253 1188 1058 1059 1293 1236 548 817 827 1103 815 405 1299 676 269 885
16 754 825 761 320 525 191 630 838 882 237 530 841 68 848 683 270 807 639 715 960 313 974 656 572 710 270 542 640 606 579 547 521 794 146 147 639 632 576 507 174 302 622 320 818 672
17 405 1244 1177 687 1284 715 1568 285 1404 466 1218 930 1351 484 1617 63 949 1136 1030 165 1257 1554 925 1104 1374 979 1229 367 1515 1549 1212 1204 1001 1519 892 694 1193 867 1511 1366 288 643 1604 1162 1066
18 1139 726 1241 1337 966 765 1364 1044 573 996 1464 875 1163 1005 0 1326 918 989 675 473 503 1484 1232 1056 687 1305 1490 853 1247 521 1037 1460 1417 1488 1067 1321 431 794 1257 1217 1373 1208 1490 1208 402
19 797 578 1065 714 971 443 380 1115 1311 1206 1507 831 1137 1185 1184 972 658 1102 1471 999 711 1078 1399 371 256 218 1158 1336 984 1198 651 1067 1236 1346 746 641 998 586 1101 1369 920 1039 705 1119 936
20 335 216 234 300 317 413 299 274 326 330 339 165 217 393 203 193 28 68 278 240 223 175 137 418 90 140 179 402 405 237 307 250 402 400 330 418 362 387 327 248 173 375 328 313 387
21 696 477 452 445 234 721 519 612 384 424 301 690 354 493 573 549 361 553 602 662 691 697 545 538 723 448 577 698 701 181 531 727 369 312 547 325 639 607 535 320 492 316 718 591 592
22 847 889 701 703 746 763 636 870 396 726 721 671 549 237 485 175 84 666 778 247 327 305 262 389 603 274 724 332 649 588 858 344 381 681 141 293 776 110 455 490 620 439 553 887 905
23 373 612 883 1473 1304 860 775 1490 161 1515 1317 1051 702 1269 941 752 1266 1301 1235 1414 1472 391 1415 804 716 662 965 1344 1444 419 1285 617 134 553 597 1050 613 1389 1258 848 1031 1332 182 1366 1126
24 1413 1302 1529 637 563 1492 1474 525 849 1311 1520 781 1284 694 206 1527 1064 1037 769 687 808 1052 1336 1519 1409 1168 1193 1354 584 1288 1519 1510 1107 355 988 1153 1140 166 1505 1221 273 1386 1084 859 834
25 1140 1046 240 800 612 1194 1157 680 672 1020 955 1070 1262 896 898 793 1142 96 1188 1129 1138 1046 1194 1032 1124 601 594 86 1041 960 952 634 1034 1271 775 1100 686 1083 1053 973 1250 407 1068 867 550
26 1290 1274 542 1135 1062 870 402 959 1140 1182 313 1000 1173 927 1068 586 573 302 647 936 1132 561 670 1253 1208 1171 897 567 711 952 997 1091 762 1112 1047 1144 1234 735 967 1187 1027 1135 1220 356 1046
27 290 571 256 473 412 254 404 558 517 463 419 296 623 392 16 456 327 462 618 604 281 470 466 348 332 470 278 542 554 214 329 568 628 378 458 18 357 377 609 175 109 520 214 373 510
28 1031 1269 321 1131 1419 951 1130 434 1099 1249 1561 1531 976 1558 1583 864 1037 881 723 1043 1540 1529 1559 1424 1050 1569 987 710 1392 1584 407 1300 1503 1404 608 1570 1414 1575 1068 781 636 483 922 1178 399
29 77 209 894 317 924 771 878 923 684 205 446 404 1035 1033 566 384 361 48 656 962 653 871 702 1020 823 1034 523 604 705 239 610 835 914 912 298 858 743 1046 1082 1041 1071 606 97 916 776
30 890 731 1040 1450 1107 253 1269 1067 1175 899 521 1313 1277 1146 1233 1109 1032 1454 1434 1214 893 1180 551 1271 1127 800 1263 1031 883 1157 1437 1276 869 705 1310 1245 1329 1393 1076 474 687 484 1223 1198 897
;

param:   cost_bundl  marginal :=
1 181 96
2 120 197
3 71 167
4 210 155
5 157 141
6 203 143
7 195 171
8 158 208
9 69 150
10 103 45
11 100 196
12 177 193
13 109 161
14 182 165
15 114 169
16 190 192
17 205 177
18 166 208
19 197 95
20 187 180
21 151 153
22 99 99
23 100 161
24 121 166
25 158 103
26 65 142
27 56 148
28 50 162
29 206 153
30 203 193
31 182 144
32 162 65
33 146 56
34 191 150
35 139 191
36 164 129
37 195 98
38 204 135
39 195 148
40 129 143
41 121 106
42 166 110
43 99 144
44 178 172
45 49 161
;
param: buyer budget :=
  0 1249
  1 309
  2 99
  3 1508
  4 1587
  5 908
  6 951
  7 141
  8 523
  9 554
  10 234
  11 1425
  12 865
  13 660
  14 83
  15 1334
  16 1413
  17 1370
  18 352
  19 1074
  20 1020
  21 511
  22 873
  23 276
  24 144
  25 438
  26 737
  27 248
  28 945
  29 532
;
param num_partition :=
2
;
param: item partition_index cardinality :=
0 0 25
1 0 16
2 0 19
3 0 18
4 0 6
5 0 14
6 0 15
7 0 24
8 0 18
9 0 20
10 0 19
11 0 14
12 0 13
13 0 7
14 0 3
15 0 18
16 0 9
17 0 6
18 0 2
19 0 7
20 0 16
21 0 12
22 0 3
23 0 9
24 0 12
25 0 12
26 0 21
27 0 12
28 0 29
29 0 4
30 0 5
31 0 2
32 0 27
33 0 7
34 0 3
35 0 27
36 0 9
37 0 20
38 0 11
39 0 6
40 0 10
41 0 7
42 0 22
43 0 29
44 0 7
