param num_bundles := 45;

param num_cust := 30;

param price_reserve :
   1 2 3 4 5 6 7 8 9 10 11 12 13 14 15 16 17 18 19 20 21 22 23 24 25 26 27 28 29 30 31 32 33 34 35 36 37 38 39 40 41 42 43 44 45 :=
1 785 869 696 824 940 1042 947 739 590 1124 1065 493 834 600 1032 1140 768 521 321 741 584 1020 845 824 997 607 241 1170 565 927 1151 117 782 481 556 1005 753 578 1007 1132 807 606 559 147 1015
2 1031 796 860 704 1105 742 672 768 901 662 714 911 928 283 932 1042 863 544 385 692 1088 284 900 837 747 935 698 1056 1093 1024 430 1101 942 423 987 722 874 1086 321 932 836 798 479 599 499
3 575 663 495 998 158 578 958 858 1083 657 266 1071 458 473 739 244 963 589 857 741 534 532 701 936 680 670 946 930 279 512 116 709 536 996 875 738 928 1045 729 396 1044 846 273 661 747
4 303 1175 869 440 1066 1451 1319 1036 995 714 1192 981 887 1439 652 1067 950 618 1326 1414 846 806 709 661 701 1235 784 1105 1163 1360 465 1370 813 1302 349 1287 1280 1352 1228 1426 811 1391 1363 1280 266
5 804 1483 1473 1363 608 1245 811 1218 1368 764 516 1457 1257 1529 1303 1342 1439 1105 1487 949 1283 307 781 790 1072 842 0 1102 1272 1362 1063 1466 1198 833 1495 812 1530 1460 1475 46 1392 1358 771 1085 1104
6 1251 403 1046 1055 1382 441 411 1076 756 1368 434 928 400 1347 1406 74 861 1237 773 593 1215 414 542 1345 1272 888 196 533 1300 1065 690 913 1093 1441 1000 1349 733 612 1203 1244 1355 894 1064 1035 1270
7 576 820 315 643 93 714 617 592 889 800 633 702 646 793 670 687 812 762 896 648 566 105 542 649 897 680 555 825 663 329 744 638 569 837 829 881 556 469 775 723 907 611 232 875 427
8 989 1374 925 827 1306 1366 799 1390 888 341 1175 945 952 1380 1362 1390 690 977 1190 1205 679 487 1275 1364 1228 1117 923 1367 1335 1271 1359 1072 809 121 1010 1215 1025 658 757 1113 859 959 938 405 1169
9 850 842 136 546 362 369 700 866 719 635 560 712 356 771 781 794 806 944 785 510 714 911 416 68 969 678 973 642 981 789 357 173 638 489 808 601 898 353 505 785 204 535 708 818 774
10 553 1219 1334 1386 511 1136 585 160 1119 1001 1140 1404 1181 337 1206 1252 612 1047 916 1303 1052 659 572 705 1177 1330 1297 1177 365 249 1399 447 1062 1044 1072 287 419 1308 1348 1218 941 1290 584 1071 1194
11 1055 1133 793 1215 826 1179 1393 1346 1385 681 943 723 443 545 959 844 1059 1277 829 1263 916 1241 890 1197 1260 1243 878 1430 843 321 1045 1227 690 999 1386 870 1192 1328 1017 1216 1364 949 1219 1041 1331
12 1190 904 399 732 85 1129 944 957 1138 117 1081 651 1115 926 1182 1144 971 826 689 816 565 911 867 526 1227 136 1345 570 198 1226 857 603 913 691 1039 1222 1237 1230 1346 1345 1157 1157 1332 1166 567
13 668 1078 1256 717 780 1602 728 732 619 1127 316 888 1289 1374 1569 1082 980 1543 336 915 576 1355 1406 941 1546 789 1287 1242 1451 307 875 1530 1529 604 1553 387 742 1135 1475 1583 1046 751 1084 804 1050
14 523 527 675 753 786 917 869 594 936 749 810 876 926 389 464 809 963 650 886 919 458 475 742 721 372 656 931 378 699 194 258 370 726 714 748 932 134 906 619 961 866 882 25 751 727
15 1272 820 1114 1287 943 1332 123 1322 1026 562 545 1334 1359 1002 1122 1199 1453 1056 1146 911 745 642 1289 1244 355 806 1079 1356 1140 496 1435 1090 856 369 1367 1141 740 1530 1483 1087 530 1413 1316 1544 1068
16 509 471 270 422 255 448 376 500 196 376 392 515 489 425 462 419 517 327 171 154 533 103 472 555 561 529 270 364 336 425 476 523 402 481 493 527 550 515 460 384 508 474 546 367 414
17 1286 495 499 1250 1267 1064 970 316 695 1327 1106 1069 1089 466 1072 1356 689 749 783 747 664 1105 109 950 600 539 1052 678 887 988 968 1026 590 255 1203 971 1276 1412 1445 1335 1015 662 837 513 866
18 714 1324 503 1049 1232 1114 1351 702 884 497 531 1355 935 513 665 1047 1405 860 822 1307 1073 1185 1360 1389 593 1403 1418 1083 1359 1060 1013 163 288 1380 808 575 1284 938 832 1271 741 975 1077 1072 801
19 819 776 906 367 445 795 431 438 201 893 719 721 656 797 360 153 305 705 472 407 844 899 319 160 871 902 448 881 870 599 904 285 804 660 635 762 828 732 324 527 408 709 462 762 566
20 540 547 685 346 630 677 622 713 718 387 631 723 508 260 345 536 334 608 674 497 700 639 474 313 469 711 691 186 729 670 503 620 157 500 490 190 565 477 623 580 270 588 277 706 240
21 1207 1130 1241 1313 1366 960 1513 1333 1212 639 1215 1434 1414 619 1517 717 1318 656 483 1043 1000 1189 866 1392 1388 1424 776 1161 1378 673 1314 745 603 1494 1090 922 852 803 762 1290 642 956 886 892 1005
22 1050 735 1462 987 1328 1526 1308 846 1190 1030 976 592 1332 877 998 205 1141 813 919 1567 1296 1373 1226 915 1015 1456 1448 1316 1468 1243 1412 1362 1424 1454 927 1047 953 747 1313 1416 446 942 1505 1526 1220
23 1401 963 1395 1221 1390 1365 577 1199 1240 913 1391 1178 1320 513 929 1081 1111 1239 1266 1437 688 1135 927 689 1172 1303 1218 221 848 1344 1000 709 373 813 953 763 401 1089 1002 1301 1183 935 1288 443 1453
24 1198 827 1117 604 1196 1200 611 902 390 440 1150 31 747 1123 773 735 662 892 1128 1028 750 461 1046 817 1084 739 740 800 369 363 1059 618 1162 507 1162 977 985 481 1170 1092 192 716 374 652 335
25 1489 874 508 1402 532 1177 1275 343 1232 1230 1607 1616 1023 1056 1303 127 403 805 1553 1217 878 1045 1357 1046 1404 1474 1155 865 1171 1422 1346 1016 682 1591 1464 1268 1146 781 1422 884 1015 1245 567 372 1059
26 1414 731 1124 1126 861 1391 935 1415 935 156 647 184 961 638 858 1471 1578 1336 1299 52 552 758 1344 637 579 1018 710 616 1133 1262 1135 434 1268 1237 1225 905 1216 1063 691 1037 969 342 1128 635 1186
27 954 644 719 610 903 739 194 722 999 334 980 938 660 433 847 484 811 366 812 541 826 892 666 386 974 953 635 427 804 991 686 990 209 566 583 928 779 241 752 731 264 558 856 771 819
28 527 536 647 343 660 149 214 662 648 544 481 591 306 510 452 618 558 601 570 602 434 589 675 558 592 208 231 560 547 589 382 366 352 502 667 525 618 450 587 407 575 454 671 606 309
29 931 393 728 703 654 251 759 661 657 572 1090 752 962 1030 399 442 381 616 882 739 1039 497 553 576 633 933 952 753 457 121 966 846 959 725 897 130 1021 916 784 1125 1051 700 478 683 503
30 1185 951 1196 1033 520 401 570 864 1025 1333 1323 1392 1001 1444 711 799 884 922 702 204 119 1348 1084 972 1362 606 723 1514 536 1298 1299 1090 870 680 922 1500 347 1064 1233 1541 754 1252 670 1287 1432
;

param:   cost_bundl  marginal :=
1 152 175
2 112 163
3 136 168
4 143 192
5 163 205
6 121 188
7 131 107
8 134 146
9 201 82
10 163 179
11 189 151
12 109 77
13 160 110
14 186 190
15 154 105
16 108 121
17 158 204
18 19 128
19 177 183
20 151 203
21 141 140
22 146 112
23 142 55
24 197 208
25 192 161
26 185 199
27 87 167
28 176 128
29 101 104
30 145 128
31 154 205
32 206 129
33 151 112
34 72 120
35 182 103
36 109 147
37 204 192
38 160 205
39 149 211
40 195 181
41 203 125
42 209 186
43 194 104
44 169 132
45 160 158
;
param: buyer budget :=
  0 1081
  1 197
  2 121
  3 327
  4 360
  5 984
  6 740
  7 918
  8 1163
  9 8
  10 988
  11 1177
  12 336
  13 344
  14 126
  15 364
  16 1493
  17 1346
  18 25
  19 910
  20 990
  21 879
  22 1032
  23 1588
  24 1276
  25 554
  26 324
  27 1199
  28 476
  29 1098
;
param num_partition :=
2
;
param: item partition_index cardinality :=
0 0 26
1 0 23
2 0 19
3 0 7
4 0 10
5 0 10
6 0 27
7 0 13
8 0 14
9 0 10
10 0 25
11 0 10
12 0 24
13 0 2
14 0 1
15 0 24
16 0 9
17 0 9
18 0 17
19 0 22
20 0 25
21 0 23
22 0 18
23 0 23
24 0 18
25 0 29
26 0 5
27 0 17
28 0 26
29 0 14
30 0 23
31 0 6
32 0 9
33 0 4
34 0 13
35 0 6
36 0 26
37 0 10
38 0 21
39 0 23
40 0 2
41 0 13
42 0 9
43 0 22
44 0 24
