param num_bundles := 45;

param num_cust := 30;

param price_reserve :
   1 2 3 4 5 6 7 8 9 10 11 12 13 14 15 16 17 18 19 20 21 22 23 24 25 26 27 28 29 30 31 32 33 34 35 36 37 38 39 40 41 42 43 44 45 :=
1 596 1004 947 616 207 362 835 464 877 963 394 935 706 1047 520 288 390 297 407 112 473 1013 888 553 263 860 734 979 761 917 561 537 451 784 677 986 615 732 814 568 636 958 754 488 1048
2 476 337 1033 1038 312 793 1058 987 1070 990 449 741 961 631 227 797 332 738 564 1059 929 285 860 1019 1078 1066 871 896 330 830 899 590 494 136 1015 1065 1045 60 180 443 737 963 1006 1026 111
3 1291 1247 398 533 633 942 327 461 1336 1151 950 1346 1044 735 265 1140 1373 1250 1292 1242 1406 852 1244 611 430 224 1496 1333 1377 916 1370 475 1079 836 1484 706 1286 1173 1310 1344 1014 1186 990 1498 1008
4 1034 146 1358 805 1125 1342 583 250 1230 1285 812 1352 1150 1113 768 712 995 806 1113 563 1259 1156 505 870 760 1158 941 1096 1142 1011 296 709 1179 926 259 1078 604 1090 1007 1175 799 1264 1136 1263 1120
5 310 557 579 646 871 864 711 943 710 869 938 647 843 834 517 732 817 524 415 941 348 467 642 412 521 490 784 757 799 216 474 56 825 882 574 709 697 558 328 751 792 763 740 872 341
6 869 853 350 1040 1015 877 652 440 479 830 853 527 1042 975 869 1057 480 212 717 545 553 362 962 364 496 715 826 343 854 625 1005 986 308 617 633 805 893 712 739 690 546 174 410 831 701
7 819 1167 1134 258 889 1154 545 1113 966 555 764 833 897 479 801 1078 821 643 1133 30 1002 519 884 1069 900 945 1146 784 1091 474 307 950 904 732 1132 739 611 699 1099 442 455 699 288 778 845
8 444 291 980 368 1004 688 344 337 518 735 150 609 915 722 626 800 817 438 640 692 581 198 272 843 227 961 485 903 771 814 633 608 771 915 695 881 525 893 982 947 872 747 688 522 685
9 323 300 191 313 331 515 510 496 550 226 442 220 447 298 327 569 284 423 340 358 523 569 349 530 397 579 557 366 406 368 310 552 368 572 280 560 100 373 563 547 317 488 395 432 200
10 968 71 1095 1166 973 892 727 552 989 386 565 811 859 850 846 1089 1146 1088 1132 618 823 1062 865 855 1272 496 390 1080 1230 837 1076 684 1125 1100 1193 1127 685 729 1252 540 770 541 966 478 431
11 810 845 583 816 704 608 370 251 787 584 825 338 291 818 870 775 661 679 712 305 592 298 590 863 757 361 827 511 613 773 680 552 842 365 656 671 682 698 548 490 729 275 219 737 819
12 1019 1047 881 1365 928 1511 670 398 974 850 175 1369 359 611 1008 1069 866 816 1314 1561 456 1455 1424 1100 1126 846 714 789 924 1145 1556 767 208 140 964 1530 960 1328 579 953 1518 1053 1357 1559 921
13 741 1185 675 654 1348 1213 490 1308 1230 1405 1046 1211 1075 900 1001 1058 1307 1087 1193 824 1177 1096 1400 983 526 718 1182 987 1353 1059 836 1228 987 1284 1305 1063 1193 1137 158 588 934 1180 1283 1037 1205
14 1469 575 1094 1370 400 1505 995 1346 1276 1291 1405 587 882 885 822 1092 961 1569 1121 714 1076 957 1509 993 1294 1431 1267 1181 1007 1415 346 445 1166 1125 57 725 1208 1331 538 1229 913 1445 1478 811 304
15 716 969 796 1014 829 835 1155 709 836 185 811 909 271 847 340 779 884 1111 1028 736 498 966 742 787 702 562 532 1105 698 923 1051 789 569 965 749 821 541 488 234 397 326 827 988 801 1020
16 337 284 666 676 592 92 456 700 743 845 634 711 317 550 616 691 842 437 368 494 362 756 764 123 761 759 423 250 774 370 702 591 612 839 711 664 272 645 839 737 299 763 727 465 703
17 781 868 763 724 1053 843 863 546 965 536 340 904 943 749 972 650 802 1080 1053 1007 144 169 891 344 675 666 528 980 1085 889 1024 389 778 705 876 757 595 861 1055 714 585 1079 785 992 447
18 1509 1539 1369 1370 1397 1176 1226 405 1599 675 963 1261 431 894 1390 634 1508 731 1257 317 941 859 1363 840 1573 799 1422 1449 429 823 1384 1144 1423 704 1523 986 1360 903 1505 1492 1220 691 956 1387 1063
19 155 737 753 1085 1156 670 850 257 514 1167 1060 442 537 807 892 779 1150 370 1215 400 1054 1138 1189 1215 306 253 1034 876 441 722 607 1226 515 1079 828 1016 1004 720 790 679 397 692 568 829 244
20 602 1275 1229 1066 843 1392 1311 413 216 1022 970 1448 1538 1094 1353 480 855 511 660 1119 1131 1002 433 801 902 1198 1407 635 741 948 1453 1134 1482 1370 787 702 1523 813 1233 179 1553 1108 753 860 1479
21 1223 930 192 736 928 804 1226 312 411 434 1322 835 980 800 1088 170 683 247 201 1196 1328 1096 306 1125 1076 1014 527 1170 969 363 1319 985 1057 743 1229 1182 1194 935 675 1133 596 912 1096 1108 967
22 608 643 188 155 508 160 742 506 720 472 532 741 634 403 614 794 521 478 776 558 686 475 730 629 759 217 774 590 83 411 599 556 673 118 674 297 638 670 597 698 496 221 390 729 596
23 872 909 760 420 648 150 799 976 1019 756 516 407 453 1022 401 879 786 538 668 322 1083 598 559 989 557 813 808 637 962 553 944 602 806 1074 997 709 650 899 820 149 1032 434 1054 927 372
24 1189 777 1032 1343 1370 1225 881 1237 490 1389 1413 1296 263 661 1231 1044 1283 589 926 589 1262 1402 1434 353 1357 1353 666 1100 801 839 487 541 1192 619 1202 1260 1269 1269 915 380 1256 1199 1398 1465 1367
25 1184 1166 973 1210 743 984 850 1105 877 1371 507 866 1319 1039 643 632 827 1070 935 666 1347 356 529 648 1173 1354 1340 1356 260 1266 708 412 516 638 808 335 1362 189 1352 799 1160 745 269 993 936
26 939 235 1082 645 595 651 916 387 869 1130 402 1203 891 1191 1230 971 930 282 1246 369 1106 999 374 429 1262 1178 769 445 337 1216 1100 1177 606 440 1205 1052 1219 888 838 1122 1088 352 846 959 1280
27 626 785 514 710 964 430 461 540 836 682 1099 836 991 898 1143 1141 856 1028 822 1052 921 156 378 831 1064 435 616 802 1125 936 895 460 863 996 1136 271 794 322 737 520 939 1122 1111 1087 444
28 1218 491 1230 744 50 390 894 1138 820 1086 1242 780 1212 1242 568 1186 817 983 1155 804 162 344 1165 508 791 1052 176 1193 467 734 1123 684 1231 712 441 335 913 1091 640 480 1243 996 491 1074 710
29 1143 1502 1100 1382 712 1406 170 1418 1304 1438 590 1417 1401 1389 938 1184 694 444 1136 1446 794 709 852 1475 1564 782 1487 776 1467 774 772 854 859 868 548 1537 939 1453 888 894 891 231 776 1556 1268
30 800 509 852 577 960 183 753 220 786 303 975 935 947 969 885 958 335 498 795 925 465 496 680 818 834 442 692 877 672 763 1005 493 693 271 812 735 999 947 490 696 661 563 979 333 1002
;

param:   cost_bundl  marginal :=
1 114 195
2 205 182
3 194 121
4 209 200
5 154 191
6 111 50
7 158 118
8 60 198
9 120 30
10 157 190
11 125 59
12 96 173
13 61 166
14 200 106
15 204 211
16 116 197
17 60 122
18 92 112
19 78 141
20 178 143
21 155 169
22 117 166
23 157 152
24 50 138
25 61 99
26 160 122
27 85 155
28 100 131
29 123 104
30 121 89
31 110 139
32 154 95
33 97 203
34 183 113
35 187 73
36 89 129
37 158 198
38 178 75
39 184 87
40 75 135
41 165 28
42 162 202
43 105 178
44 117 169
45 201 172
;
param: buyer budget :=
  0 1330
  1 570
  2 172
  3 213
  4 1343
  5 309
  6 766
  7 386
  8 952
  9 394
  10 988
  11 210
  12 1185
  13 218
  14 890
  15 1027
  16 1286
  17 1102
  18 1388
  19 320
  20 1025
  21 319
  22 468
  23 1208
  24 818
  25 666
  26 763
  27 1364
  28 934
  29 544
;
param num_partition :=
2
;
param: item partition_index cardinality :=
0 0 17
1 0 5
2 0 24
3 0 23
4 0 5
5 0 22
6 0 22
7 0 12
8 0 20
9 0 2
10 0 20
11 0 2
12 0 12
13 0 3
14 0 28
15 0 18
16 0 13
17 0 9
18 0 26
19 0 10
20 0 11
21 0 1
22 0 29
23 0 1
24 0 6
25 0 12
26 0 7
27 0 20
28 0 26
29 0 23
30 0 10
31 0 2
32 0 26
33 0 23
34 0 16
35 0 1
36 0 15
37 0 20
38 0 9
39 0 28
40 0 12
41 0 8
42 0 19
43 0 28
44 0 10
