param num_bundles := 45;

param num_cust := 30;

param price_reserve :
   1 2 3 4 5 6 7 8 9 10 11 12 13 14 15 16 17 18 19 20 21 22 23 24 25 26 27 28 29 30 31 32 33 34 35 36 37 38 39 40 41 42 43 44 45 :=
1 913 862 604 849 762 795 528 148 641 470 905 103 478 690 734 436 417 712 658 117 802 465 652 738 705 253 45 817 397 893 860 501 121 701 717 792 717 879 497 767 655 579 115 56 833
2 1245 1140 633 1049 375 620 838 958 871 773 1123 870 725 1102 1250 563 1061 1151 702 628 1307 1165 1097 1266 218 1087 1273 602 248 598 1066 1287 613 1131 862 895 1133 1129 705 1250 1094 756 650 1274 1291
3 1291 1545 1078 514 1015 405 1401 1340 1184 1469 485 927 898 1325 538 1544 1138 1107 735 1219 1295 880 1005 966 1467 1218 1369 1104 955 1389 1191 695 1024 354 592 1017 1440 1323 676 892 1454 1487 1198 764 1525
4 1285 1066 726 805 991 1167 1372 1160 884 641 1338 779 899 1306 1058 836 154 1395 1445 1120 1261 930 1289 1218 1439 1411 376 1040 1350 982 687 490 829 1171 1250 795 1394 977 344 442 944 1282 1339 1230 645
5 765 589 561 1199 187 566 771 824 454 154 1125 594 387 719 853 903 640 891 713 385 801 1181 914 330 921 1092 1096 961 877 676 1104 1142 1204 985 804 489 465 1076 1016 711 668 973 179 584 349
6 584 389 652 434 595 555 591 333 329 464 591 413 305 206 607 623 508 498 387 256 556 545 546 645 619 562 506 519 443 344 680 680 502 453 670 479 630 323 595 684 500 666 466 646 685
7 1070 498 839 1416 1301 923 74 1073 1377 1377 1473 1261 866 359 1320 1494 1500 1257 1129 600 1105 1103 1472 1330 945 984 1292 1321 1085 1074 1398 1415 472 1440 1259 1188 1109 1465 1441 1490 1450 832 961 1207 1439
8 335 1265 817 1499 273 1139 1378 1053 1038 1288 1530 430 955 1190 1326 969 1158 1406 961 581 1478 1523 814 541 545 514 1039 1210 1294 1181 1164 595 488 1302 1449 470 1199 736 138 1406 1144 566 1072 367 1393
9 432 813 999 916 432 572 189 579 134 1001 349 637 650 852 760 1018 796 1028 734 638 267 785 982 685 994 568 302 435 818 467 106 853 816 646 482 871 807 814 448 837 409 1008 1025 872 480
10 1001 197 1123 442 545 972 467 884 717 300 917 443 758 999 1076 682 990 630 633 1094 1027 901 1032 383 1003 875 556 442 579 1071 806 830 581 1117 794 915 882 709 199 1083 761 703 798 1132 629
11 1332 402 1465 1199 339 990 868 497 529 842 1248 1307 950 1389 1293 1225 1310 585 172 1449 875 1386 1350 102 1063 1433 577 907 1215 1010 1289 1217 1210 1188 1297 864 976 786 1458 1045 1397 1483 1243 760 1449
12 481 1027 1032 268 1133 174 279 773 401 909 501 627 995 561 461 1135 1043 593 1111 1043 811 700 477 1033 1127 1005 1121 848 1023 952 672 1117 643 847 543 813 1016 772 1120 962 604 652 1099 755 949
13 355 1006 758 732 415 588 1061 865 1130 1107 607 445 1072 1151 533 783 373 515 656 653 807 953 830 1078 352 886 1014 989 1113 912 702 728 1016 723 467 598 383 717 480 421 924 541 495 1128 1054
14 126 158 203 185 117 101 185 99 52 123 206 45 206 177 180 56 177 198 57 191 96 128 165 184 186 92 179 76 205 209 62 87 186 130 39 136 175 193 107 147 149 152 148 135 191
15 894 885 1264 562 1070 1127 1323 1377 315 1100 1484 1486 773 935 515 1291 1490 1049 838 981 1366 1337 1002 840 1228 1272 776 904 874 1199 1321 1380 1131 1087 591 1375 773 330 656 1017 537 938 263 822 835
16 547 339 697 1070 1305 942 853 497 1288 1362 1436 788 1242 1061 934 632 1173 701 501 1382 1402 952 446 1339 832 1252 1077 1214 257 857 1018 1177 1093 1286 863 1277 827 1248 1136 880 1351 1275 1258 342 1464
17 615 325 613 618 447 668 176 715 458 334 676 544 97 658 340 241 548 636 486 561 467 770 353 425 357 533 745 771 677 299 331 605 686 538 724 524 532 719 365 460 730 490 644 507 261
18 1179 1031 550 1027 593 784 1167 954 1159 1182 920 1258 1171 1336 319 309 452 238 345 1035 1006 1115 1135 270 845 1249 495 1163 1006 1263 805 462 362 656 762 974 980 845 1324 981 508 585 913 1148 889
19 774 876 1072 1085 1047 795 510 648 416 1063 687 773 1002 971 930 400 952 750 495 992 699 858 428 424 899 461 756 1026 655 460 635 768 745 583 1046 1034 987 471 1073 668 433 776 617 1006 90
20 862 1322 1102 1312 697 958 874 1343 1292 339 993 993 1064 1192 1073 485 806 998 1349 729 1109 1312 735 976 1123 956 1177 776 774 1061 1028 580 1311 431 936 1350 665 1325 1168 1247 948 1288 660 680 868
21 762 1237 1440 1022 613 684 1466 791 963 1365 830 1301 1217 1090 283 1151 787 890 1266 1264 901 1496 1019 919 1414 384 1231 145 886 1105 787 1276 1162 1241 1106 1172 1314 114 852 1437 395 1383 888 529 722
22 548 913 1035 1185 837 1464 1596 1144 730 1284 931 1510 907 725 1314 1493 1319 853 265 730 1251 367 1289 215 1258 1226 1000 1331 617 1440 1368 1168 545 899 1478 955 970 1237 1532 1271 124 1390 1587 959 615
23 194 95 132 200 176 79 123 27 77 173 209 170 176 39 66 132 175 95 65 88 194 200 134 44 108 151 184 113 145 120 170 179 184 182 173 181 110 169 201 134 174 179 108 206 153
24 1058 1593 752 1100 1271 672 183 374 508 1218 1417 836 1403 1238 1342 1365 1590 1264 882 1538 1515 898 997 775 514 1059 1073 1496 503 1302 1428 521 288 291 1534 1186 1186 534 819 156 1220 1132 1582 1527 1334
25 93 1274 666 484 673 1272 86 537 845 573 971 1188 972 393 878 818 1241 676 944 746 863 848 707 1199 764 720 1279 754 825 778 1161 803 1088 1137 828 473 577 1214 998 1197 1242 582 95 1195 660
26 425 188 1096 1056 1212 962 783 708 953 1056 822 528 976 1206 1125 363 702 972 595 879 879 818 1119 1010 510 408 1058 654 1187 395 851 1044 825 264 539 230 1188 1120 965 1096 751 885 1031 837 592
27 639 627 274 662 629 251 558 482 644 458 527 665 501 560 108 232 408 299 408 584 101 358 614 296 422 578 668 666 573 641 552 439 653 455 658 527 338 640 684 377 593 217 315 340 565
28 1245 1188 600 868 1333 831 844 1359 1326 1339 102 996 811 1076 1018 846 698 1112 1292 508 1073 1196 858 296 1119 1187 1258 974 1053 1160 814 1040 1234 1147 634 1080 919 712 349 486 1211 1136 387 1275 704
29 1468 969 1147 1351 1251 1232 1080 965 1412 1430 307 1085 154 1234 687 601 1047 1282 638 686 1526 1014 1220 1570 648 590 1435 1113 328 1034 441 1335 1385 1132 748 1496 1039 541 1474 1023 652 906 1053 1362 730
30 1084 1282 1332 771 964 737 719 567 752 366 1298 901 611 608 1334 1065 1044 1144 586 1020 1278 1026 1064 910 591 964 979 1131 888 1186 469 441 658 983 1325 1015 520 1247 1242 1254 757 1318 987 673 92
;

param:   cost_bundl  marginal :=
1 152 104
2 91 145
3 17 199
4 194 96
5 159 153
6 134 145
7 174 181
8 44 134
9 192 112
10 103 134
11 88 80
12 122 210
13 198 143
14 195 196
15 209 153
16 202 82
17 40 185
18 211 181
19 195 132
20 64 101
21 50 158
22 188 88
23 164 180
24 149 164
25 167 51
26 70 188
27 173 199
28 154 117
29 26 23
30 176 55
31 68 146
32 146 203
33 155 125
34 198 77
35 175 97
36 125 206
37 133 64
38 181 122
39 49 120
40 192 211
41 191 63
42 178 159
43 182 193
44 136 122
45 199 107
;
param: buyer budget :=
  0 1429
  1 463
  2 474
  3 1183
  4 553
  5 1470
  6 835
  7 864
  8 1530
  9 1548
  10 61
  11 373
  12 1047
  13 1191
  14 383
  15 827
  16 504
  17 253
  18 776
  19 847
  20 1093
  21 132
  22 703
  23 463
  24 42
  25 267
  26 839
  27 1204
  28 1021
  29 196
;
param num_partition :=
2
;
param: item partition_index cardinality :=
0 0 12
1 0 25
2 0 5
3 0 8
4 0 13
5 0 17
6 0 11
7 0 24
8 0 9
9 0 25
10 0 20
11 0 29
12 0 14
13 0 12
14 0 8
15 0 14
16 0 27
17 0 23
18 0 2
19 0 4
20 0 25
21 0 12
22 0 20
23 0 29
24 0 17
25 0 7
26 0 18
27 0 24
28 0 29
29 0 4
30 0 6
31 0 14
32 0 13
33 0 28
34 0 18
35 0 18
36 0 11
37 0 14
38 0 20
39 0 3
40 0 15
41 0 16
42 0 15
43 0 16
44 0 10
