param num_bundles := 45;

param num_cust := 30;

param price_reserve :
   1 2 3 4 5 6 7 8 9 10 11 12 13 14 15 16 17 18 19 20 21 22 23 24 25 26 27 28 29 30 31 32 33 34 35 36 37 38 39 40 41 42 43 44 45 :=
1 601 561 333 818 1034 889 440 580 108 629 668 874 875 717 568 974 1013 946 553 471 203 98 1048 731 715 1025 861 144 286 986 359 929 871 846 946 847 280 452 119 126 840 698 716 242 559
2 692 213 700 959 498 480 548 371 683 918 674 406 528 970 225 919 638 313 926 532 939 718 613 730 785 686 489 880 964 680 936 953 366 851 973 587 807 620 716 675 767 743 507 809 805
3 819 470 785 669 810 617 852 114 220 577 633 852 538 813 383 106 641 689 915 477 726 839 917 858 233 748 796 847 816 872 296 136 279 240 385 852 931 942 687 395 245 148 709 868 416
4 1545 1033 853 1106 556 944 1609 1514 1581 1364 1545 637 1017 823 1407 1231 552 1448 1487 1121 894 1264 762 526 1403 1176 1258 1269 724 999 1385 1471 653 353 1520 1559 671 408 616 826 1467 1460 1301 1141 1387
5 1084 1091 479 495 965 672 291 1325 815 1252 397 1095 1267 1154 1386 724 1080 1303 652 1043 1142 405 1014 723 1049 1201 175 1316 1123 1255 1258 1074 721 749 436 1078 1312 904 1002 363 1340 1362 1281 1093 688
6 667 402 883 1016 710 1002 981 937 986 642 156 256 934 407 730 922 1009 967 1041 315 445 512 470 757 792 405 773 796 1047 317 970 306 1023 904 788 643 363 876 436 360 734 394 972 334 1010
7 805 623 608 849 606 429 675 761 415 601 255 599 657 425 722 749 179 844 825 579 357 568 802 426 800 625 584 691 338 510 310 839 867 779 303 656 636 659 485 701 700 115 741 150 801
8 1454 1475 1023 1438 1370 1188 1202 1084 1514 1293 1566 1029 1334 1325 1321 658 1474 1399 982 589 1124 854 1498 1380 544 750 1173 1360 1585 1181 1382 1410 1339 1510 632 1145 1562 1045 1169 588 361 905 1600 1462 928
9 617 785 1274 773 872 395 638 967 1066 1094 537 918 985 547 1025 61 937 1015 1102 731 1127 634 965 1054 672 612 973 1197 1023 735 1113 977 1192 540 1077 715 889 1311 1004 1226 706 1234 943 1028 707
10 751 358 730 509 935 940 716 498 717 651 920 366 900 939 719 432 381 728 988 786 295 654 853 561 502 543 870 893 705 846 317 532 891 665 974 796 91 783 558 719 743 512 697 744 87
11 75 497 365 272 179 133 477 310 431 83 326 537 287 434 575 257 496 512 516 149 485 514 330 437 386 404 439 321 555 350 151 136 274 341 270 565 126 406 188 201 256 476 381 243 565
12 101 746 110 454 245 390 761 506 439 756 433 554 594 232 373 560 698 617 518 787 750 425 566 757 364 439 435 720 621 302 396 540 647 728 778 367 785 489 320 402 258 576 433 682 565
13 1350 697 1433 1107 716 1425 1449 1436 1448 1249 1167 774 1356 538 1139 1349 979 1048 355 991 787 882 421 1321 318 1168 372 632 1274 463 1368 1401 1089 1208 1411 463 1177 788 716 632 200 586 461 1467 1280
14 635 1267 449 790 977 760 476 422 718 1104 506 1221 632 1079 920 1311 1002 1355 722 763 1492 1462 894 695 762 917 635 1408 993 1295 1415 1385 1489 1199 95 1382 1251 899 666 1359 1059 1465 556 794 777
15 926 351 1205 171 1350 473 887 989 713 348 1503 1233 1442 925 957 1396 1387 1055 197 703 1346 1241 265 991 534 736 792 330 612 1136 1049 1402 1013 1199 1338 1052 1415 647 614 737 512 799 950 840 1411
16 357 246 397 350 399 419 245 356 148 265 375 390 271 371 312 244 356 299 313 255 261 367 83 183 160 334 344 382 178 146 297 358 412 216 282 175 283 291 154 399 339 347 290 89 183
17 323 466 367 194 553 280 533 680 227 198 499 362 404 290 590 659 673 236 313 542 663 412 414 440 659 525 355 590 648 283 469 675 357 368 541 522 628 474 604 323 525 353 466 245 531
18 1187 1165 1428 22 1047 847 1367 1243 853 1213 250 1197 558 296 727 808 1220 1268 1396 585 1169 454 1074 1314 1182 1443 1117 256 1089 883 1468 900 1089 955 1466 1001 1251 752 1403 1326 1377 798 403 802 1015
19 1503 1039 868 1444 1004 1206 570 854 662 1215 1295 698 1395 1502 836 228 997 1150 1562 1399 1581 580 1346 1060 1301 1281 1234 904 632 1006 1183 1552 1172 1172 1144 1220 1352 448 1418 563 1435 1449 1035 808 527
20 604 581 752 654 670 569 295 238 558 72 559 540 401 146 715 722 564 766 506 241 620 227 591 418 192 217 738 588 400 583 630 667 749 270 437 653 487 764 241 473 535 755 455 472 123
21 1529 564 1442 1420 1420 1485 1197 1419 1376 990 807 794 547 720 883 721 658 1426 792 679 193 418 1509 1116 1471 828 1000 742 946 1390 1316 1504 1477 709 583 1171 844 736 881 1089 1314 1091 615 1213 1370
22 493 1010 663 514 833 864 933 849 809 420 1000 1027 895 540 961 385 862 977 959 701 1013 286 920 248 752 285 996 1002 652 641 365 430 227 904 597 727 871 736 762 546 917 899 497 963 793
23 961 1511 1385 962 1239 1096 1439 1274 992 716 1216 1430 585 1510 1506 431 742 1165 427 833 416 641 800 1204 1279 921 1084 861 1051 1243 1253 1510 1068 682 1194 505 812 788 1409 632 554 1196 1303 1457 1391
24 523 1344 1411 1113 539 1204 803 1578 1026 556 1371 234 842 1589 1444 684 504 1552 972 1239 1003 1602 1344 311 1033 1169 1602 937 1359 1039 478 1511 1337 487 1374 1140 1089 593 1465 1528 277 971 1424 1027 1159
25 385 623 838 667 585 874 788 595 365 629 273 333 747 382 440 614 763 831 587 889 903 685 680 854 571 830 178 831 810 837 783 554 463 485 770 700 131 178 664 818 350 145 774 890 783
26 510 156 626 562 484 490 372 255 621 584 441 247 477 598 594 183 537 83 594 579 221 540 147 240 530 62 192 270 579 264 139 496 367 634 596 214 545 575 261 355 524 353 260 394 338
27 1361 1015 725 1479 1217 1007 907 1475 1413 419 578 892 192 1145 1043 403 1029 951 143 1433 285 1386 967 1447 1293 1207 596 1115 1487 1025 686 1270 1424 1345 530 974 1337 828 1481 622 878 1120 1195 343 1214
28 879 534 965 607 625 1100 708 476 47 1055 937 458 1104 734 1035 721 1049 1080 689 912 314 536 368 580 619 625 984 355 540 355 528 606 926 1006 454 1088 521 994 945 1090 517 825 989 756 975
29 336 274 731 1130 1228 1268 1068 1025 1162 1099 811 1229 305 561 1041 1106 1218 1258 1152 889 970 1162 781 716 537 920 826 1173 365 1224 515 1128 1262 1180 1214 1237 966 635 1175 787 1216 1261 1261 1153 436
30 819 869 1278 735 1456 1029 1573 1311 170 1133 422 994 1135 903 687 1067 857 598 986 1360 1548 956 1538 1033 510 1060 1501 1564 1359 469 1522 1559 1478 764 1096 1610 1345 1557 1573 1469 254 1594 1472 944 1095
;

param:   cost_bundl  marginal :=
1 19 126
2 188 188
3 161 96
4 132 186
5 160 57
6 195 22
7 116 163
8 173 108
9 67 99
10 138 168
11 153 59
12 148 95
13 180 148
14 118 75
15 187 101
16 126 193
17 84 46
18 171 169
19 120 187
20 103 37
21 166 138
22 166 210
23 109 172
24 101 24
25 94 157
26 146 81
27 124 196
28 149 84
29 207 171
30 175 209
31 179 186
32 188 145
33 180 135
34 135 45
35 29 164
36 84 167
37 36 95
38 175 182
39 69 30
40 150 71
41 30 167
42 168 75
43 138 169
44 138 137
45 205 192
;
param: buyer budget :=
  0 132
  1 228
  2 1206
  3 935
  4 1532
  5 934
  6 857
  7 929
  8 743
  9 576
  10 213
  11 1318
  12 201
  13 1388
  14 1566
  15 216
  16 617
  17 990
  18 751
  19 390
  20 1436
  21 1583
  22 375
  23 185
  24 568
  25 812
  26 933
  27 241
  28 366
  29 1178
;
param num_partition :=
2
;
param: item partition_index cardinality :=
0 0 29
1 0 23
2 0 27
3 0 21
4 0 10
5 0 22
6 0 17
7 0 13
8 0 28
9 0 15
10 0 1
11 0 19
12 0 8
13 0 22
14 0 26
15 0 7
16 0 27
17 0 10
18 0 21
19 0 5
20 0 18
21 0 11
22 0 21
23 0 17
24 0 11
25 0 18
26 0 25
27 0 1
28 0 13
29 0 15
30 0 29
31 0 23
32 0 18
33 0 10
34 0 3
35 0 8
36 0 22
37 0 28
38 0 29
39 0 23
40 0 24
41 0 24
42 0 11
43 0 28
44 0 27
