param num_bundles := 45;

param num_cust := 30;

param price_reserve :
   1 2 3 4 5 6 7 8 9 10 11 12 13 14 15 16 17 18 19 20 21 22 23 24 25 26 27 28 29 30 31 32 33 34 35 36 37 38 39 40 41 42 43 44 45 :=
1 690 729 978 1122 880 522 700 1101 673 855 1364 358 987 1062 675 876 626 721 1344 558 1112 1102 791 1293 1100 1122 920 1113 1367 1135 987 1143 732 1196 528 963 1166 693 1285 1320 979 942 1123 871 674
2 982 660 664 829 841 980 467 1421 940 1286 1165 407 1153 694 951 758 1448 942 1144 1198 746 129 488 1293 1169 797 999 620 497 543 962 1298 1177 1036 1424 1332 1482 1463 1415 1185 405 1268 1142 1228 959
3 259 955 502 392 1101 935 978 1169 1312 436 912 366 193 1212 1200 679 1047 1013 792 478 654 775 1222 854 339 1277 1287 741 757 1287 731 1201 420 1253 1281 710 1151 676 75 1236 558 1284 1226 807 240
4 247 737 717 902 867 726 769 376 914 818 853 594 699 330 719 901 760 418 864 237 482 808 757 260 619 749 796 875 386 343 122 584 566 869 892 733 505 854 625 282 680 881 241 473 791
5 1149 1401 449 1344 1259 1319 742 1474 1450 941 1377 60 278 1387 1484 699 1511 1209 241 1313 307 1176 1523 1244 1277 1006 840 1158 1233 986 754 1390 1416 637 1273 386 669 952 504 1028 801 1467 830 1500 474
6 557 285 216 486 388 261 326 536 273 517 470 402 435 146 459 478 477 449 271 531 564 242 561 185 252 313 389 544 186 103 575 557 343 200 419 565 565 161 390 579 566 111 395 353 159
7 564 1043 888 675 306 307 793 171 993 245 162 1042 839 469 897 558 567 465 343 755 988 346 982 786 816 810 1057 697 995 1007 957 659 881 752 408 999 936 919 890 831 833 985 705 508 983
8 1399 1062 1156 1113 1483 639 973 1109 165 1387 1321 1503 405 1388 933 892 1277 942 1565 865 788 753 985 794 391 1194 1302 485 661 1476 1162 257 996 774 1469 1196 1358 1146 959 793 894 645 1370 1464 1462
9 403 454 362 168 428 563 456 396 88 413 431 205 428 574 112 288 332 105 487 295 89 500 222 300 227 526 472 257 276 106 97 488 314 261 274 575 470 305 294 360 342 246 497 552 339
10 847 742 1479 1327 1586 1434 1299 1400 950 1417 717 1512 957 1148 673 1381 1542 962 1199 74 860 824 1062 1009 1161 1170 186 1272 1386 1299 480 1004 1491 719 728 237 756 904 743 1265 1508 1254 435 664 1440
11 592 634 755 313 674 788 774 685 192 698 387 814 615 455 685 510 503 818 508 356 400 543 738 534 769 503 369 668 255 462 664 549 500 512 747 607 590 697 262 623 334 830 222 511 251
12 1011 170 894 655 780 1038 1031 784 978 463 1012 852 546 879 952 394 263 1007 855 654 843 789 363 421 495 377 746 906 659 1006 1008 472 1035 898 618 552 154 438 888 870 798 776 790 279 446
13 770 945 660 587 1079 1036 410 1153 247 395 1021 333 1182 986 1273 675 1264 671 981 990 952 279 0 675 1169 1296 1244 1185 1295 1304 1061 1293 493 927 1013 782 1311 878 827 802 1098 1018 1279 1052 799
14 715 200 513 543 684 572 522 160 303 294 403 251 499 512 621 199 263 615 184 690 723 460 568 715 272 525 280 450 522 578 213 431 407 503 257 523 630 695 323 385 471 129 716 563 567
15 1087 1179 718 1260 573 1268 742 1287 1258 718 470 495 1083 265 791 744 1216 154 859 351 1184 768 804 1213 299 1304 495 1153 1222 995 689 1125 560 588 332 196 1200 651 1127 1309 1198 698 1168 1277 1275
16 1272 987 1192 344 1016 1035 999 645 1165 1222 1238 878 1114 837 1199 1177 453 551 738 1001 1020 1286 1133 671 864 1041 967 1019 794 1219 888 462 1089 339 909 390 120 897 941 1077 994 825 543 870 774
17 743 435 266 588 875 769 921 249 890 487 817 589 582 903 631 508 626 788 776 493 887 887 492 324 966 609 401 339 191 350 776 944 748 705 584 918 680 52 652 213 872 404 873 921 553
18 459 224 626 573 518 237 344 732 524 119 557 713 449 702 651 406 208 756 206 123 647 422 654 665 603 694 603 181 770 80 715 596 276 658 618 543 730 190 761 622 678 617 717 579 583
19 1297 712 1245 288 820 925 1095 1030 412 1122 1333 1045 1012 600 1147 614 1112 992 890 741 271 672 1340 957 1072 458 472 1274 685 1047 1024 627 703 646 924 1205 845 1251 1237 881 919 589 1209 1160 1181
20 580 1194 1184 1006 796 862 923 503 632 758 1146 1027 852 518 975 688 1027 325 749 1200 1057 835 684 519 1181 1137 1054 634 933 1040 338 883 697 989 1063 1002 895 453 793 668 768 1068 482 1098 1216
21 1007 696 687 898 654 1004 531 555 996 1058 767 409 815 804 819 476 783 756 201 677 146 359 406 714 635 993 1030 180 339 296 915 781 859 764 821 1022 986 947 896 943 864 898 617 838 378
22 860 765 535 878 833 983 779 563 905 480 982 905 799 746 897 759 652 978 840 985 947 821 785 971 740 570 593 889 430 1001 597 404 775 482 737 293 746 291 533 980 749 347 729 727 307
23 780 1450 1132 883 411 1463 836 1354 1296 1186 959 703 1127 373 1328 1066 1388 1378 1430 1224 784 1407 931 1282 640 1498 833 1433 1337 1216 1158 819 1302 1489 1359 1317 859 1316 1333 1471 1107 646 1318 1192 1013
24 102 898 881 197 988 908 516 668 476 1032 588 967 437 279 683 598 129 816 1026 332 807 587 723 507 626 318 579 886 977 754 1013 754 943 303 82 982 474 727 230 713 993 928 791 1001 593
25 1549 1197 1114 964 1198 1160 777 872 331 548 370 1322 660 1234 236 1562 1569 1616 1461 431 962 1459 906 1503 1441 410 1109 829 661 767 1337 350 93 1037 1034 948 1174 1050 1094 1165 487 485 394 1053 965
26 483 421 155 507 408 266 377 409 104 435 420 517 310 530 448 153 508 240 521 341 559 473 553 502 144 119 321 123 301 567 550 461 338 569 573 532 140 242 348 308 323 495 287 338 540
27 341 1281 810 452 1353 730 997 694 1071 1150 836 741 1337 1293 1141 1302 470 745 1343 961 833 629 295 963 1340 1088 954 1109 869 882 541 1350 354 1280 558 1024 720 162 591 1097 423 345 1039 1155 535
28 1101 1234 635 409 951 1089 1289 1050 928 278 865 1145 706 1466 1236 1158 713 821 1063 611 1027 517 1357 1104 661 1009 1321 518 592 1230 595 1276 1479 1342 860 638 1494 1205 851 1340 811 1212 1214 619 785
29 804 719 1094 1126 547 755 468 393 467 1147 579 1038 285 959 1149 1158 776 391 640 451 398 772 1135 1070 758 857 671 931 488 611 686 545 789 1084 409 962 42 34 1081 1131 730 1040 1099 460 688
30 87 203 355 185 181 291 283 367 345 361 267 312 297 200 421 241 325 155 293 300 404 401 101 346 215 318 277 281 377 36 317 203 302 274 373 312 142 389 230 147 252 92 416 204 227
;

param:   cost_bundl  marginal :=
1 207 209
2 179 147
3 181 182
4 144 209
5 186 109
6 133 171
7 170 154
8 179 46
9 165 145
10 159 125
11 114 93
12 110 209
13 56 74
14 172 160
15 55 122
16 70 105
17 146 78
18 89 50
19 138 92
20 192 102
21 196 192
22 170 187
23 130 167
24 191 182
25 50 108
26 119 181
27 54 63
28 125 101
29 193 143
30 183 82
31 118 42
32 123 110
33 161 101
34 63 211
35 68 109
36 171 176
37 172 162
38 126 182
39 86 58
40 154 99
41 193 89
42 179 103
43 210 198
44 109 120
45 114 89
;
param: buyer budget :=
  0 1124
  1 1272
  2 793
  3 1422
  4 1556
  5 1136
  6 69
  7 2
  8 824
  9 719
  10 1268
  11 14
  12 920
  13 1523
  14 462
  15 1268
  16 1443
  17 1330
  18 1167
  19 1457
  20 15
  21 428
  22 893
  23 1533
  24 455
  25 1612
  26 1355
  27 197
  28 1418
  29 1557
;
param num_partition :=
2
;
param: item partition_index cardinality :=
0 0 29
1 0 14
2 0 3
3 0 7
4 0 16
5 0 19
6 0 8
7 0 2
8 0 20
9 0 12
10 0 9
11 0 23
12 0 22
13 0 6
14 0 29
15 0 6
16 0 3
17 0 28
18 0 21
19 0 14
20 0 20
21 0 17
22 0 10
23 0 20
24 0 18
25 0 13
26 0 5
27 0 14
28 0 19
29 0 21
30 0 6
31 0 27
32 0 24
33 0 24
34 0 12
35 0 11
36 0 6
37 0 13
38 0 13
39 0 9
40 0 11
41 0 8
42 0 2
43 0 8
44 0 29
