param num_bundles := 45;

param num_cust := 30;

param price_reserve :
   1 2 3 4 5 6 7 8 9 10 11 12 13 14 15 16 17 18 19 20 21 22 23 24 25 26 27 28 29 30 31 32 33 34 35 36 37 38 39 40 41 42 43 44 45 :=
1 850 362 1259 219 835 422 320 1002 1097 768 338 881 398 449 683 831 1046 199 467 602 1247 1125 1162 623 678 973 661 479 128 552 238 819 1045 936 1220 998 1044 1197 415 826 387 1094 371 926 774
2 477 229 827 487 740 434 719 456 789 731 612 828 679 577 373 767 332 525 378 447 505 720 782 113 643 704 765 617 724 736 781 304 826 178 839 816 664 310 351 816 738 529 677 669 638
3 659 866 744 557 658 313 753 884 810 366 639 784 557 830 584 887 778 482 542 848 774 706 530 568 402 847 697 888 398 70 901 659 840 737 295 410 648 751 904 864 907 494 681 454 184
4 1513 598 423 1153 1500 937 1045 1570 1019 647 1277 1011 1152 876 879 804 1256 400 120 997 1273 1009 241 696 108 716 290 846 1122 1000 490 1205 1112 151 1548 870 1527 1557 1550 1043 564 1472 299 702 686
5 85 361 491 39 369 138 206 563 337 174 349 528 573 503 24 365 374 526 454 344 562 468 158 557 490 528 290 517 530 279 573 483 431 317 482 374 348 418 335 379 432 276 369 495 289
6 850 931 1488 719 1293 1328 846 1182 1257 1399 1219 1156 1239 1328 779 1198 869 1178 799 428 1465 203 883 618 1460 1344 1402 907 1513 1450 344 1074 765 1286 1246 103 962 1466 1041 511 1044 351 1228 1299 540
7 713 335 423 369 190 781 265 564 672 710 687 304 374 166 558 657 498 600 236 709 406 392 460 346 668 490 680 602 811 543 709 402 761 616 807 337 751 375 717 643 356 390 616 622 486
8 681 937 751 87 434 463 161 993 740 947 416 570 810 994 618 795 834 281 188 312 657 745 886 486 895 878 548 947 549 838 728 402 741 183 713 898 610 407 372 824 539 728 654 483 602
9 610 424 1162 601 1069 483 894 1046 900 1006 825 1011 1214 303 519 935 1136 1045 584 1105 297 1204 972 848 408 882 662 772 1038 953 954 986 548 1016 1076 979 857 1147 713 680 173 819 851 1123 402
10 365 407 371 210 356 306 236 382 265 265 317 341 282 207 420 317 337 130 280 406 383 314 246 345 397 305 392 67 273 210 213 379 379 219 361 266 279 164 181 381 331 169 248 304 374
11 748 1397 1173 907 225 1026 1384 803 946 327 529 262 1289 1040 1078 821 1396 1125 940 785 1338 1161 981 1290 533 687 1352 1388 1230 66 1400 951 718 460 835 521 200 1367 1332 1096 391 1139 208 970 1295
12 1253 1050 462 1196 285 826 1199 637 1144 616 997 1149 668 548 1130 1071 784 1157 1221 1238 912 460 1254 1034 1064 1007 1233 762 904 579 1134 225 832 923 1267 1209 463 1139 256 1253 1069 1231 873 721 1147
13 553 754 798 651 645 405 731 451 593 699 677 594 649 635 621 503 407 600 815 272 453 497 804 399 566 407 476 37 829 673 580 94 779 454 465 635 248 500 804 775 241 629 110 473 881
14 234 539 325 701 780 535 642 695 430 550 219 805 251 720 738 730 820 358 270 33 322 565 752 735 627 564 294 672 808 759 815 846 263 591 740 605 818 768 472 681 809 260 760 654 805
15 621 735 1201 254 1351 1178 633 751 1229 1268 447 1361 1009 1321 1330 918 504 558 1333 1250 1438 763 1298 1417 1302 448 1244 1386 250 244 1182 948 239 1284 453 1031 37 1291 716 1221 978 1025 595 1159 971
16 219 739 1066 874 1103 1107 721 828 805 325 493 928 500 918 953 956 994 1106 917 1011 165 81 961 1057 906 1000 868 1089 1019 1020 877 639 1019 611 560 1041 396 1128 792 679 488 689 431 1059 1035
17 1161 1357 895 391 1342 1204 400 1397 1103 1314 1272 1088 1111 946 937 1397 1374 667 1405 1168 1200 1220 138 1100 1376 1117 1286 1379 1096 1287 229 602 1243 555 831 1219 1272 225 1394 1155 508 1329 1310 1097 1206
18 118 531 195 119 473 487 281 500 403 493 542 479 468 310 293 183 281 350 435 272 498 288 495 543 294 555 293 196 326 331 218 434 495 328 439 345 360 345 529 486 400 537 469 236 574
19 909 241 1107 342 896 1127 610 858 1210 103 1030 799 482 862 823 755 706 1005 714 865 821 1033 1188 1122 1158 1149 993 923 510 1279 1319 1090 233 786 622 1039 344 1317 1317 601 733 443 1063 661 1131
20 972 1551 1030 933 863 1194 1512 1452 1123 990 1127 1492 316 551 387 1467 1539 307 1088 862 1084 903 1416 389 926 1192 1155 1247 1520 1553 568 718 992 663 915 983 342 520 1225 271 1040 1352 553 1360 1018
21 638 618 824 356 999 897 1142 996 774 1174 779 988 946 1165 1173 720 732 1051 1163 1254 303 1044 1293 1136 311 1244 665 577 662 821 645 1090 1151 532 1256 924 821 839 530 1089 1092 983 1242 882 965
22 1303 700 651 766 1039 1126 1112 303 1310 1071 1117 1308 1088 751 1215 1075 970 1199 841 1039 855 195 555 952 1129 999 781 449 1208 1272 876 1156 1046 1136 785 1068 1168 1350 1174 918 555 1204 662 1211 510
23 645 983 1174 1058 794 1286 647 620 818 1239 644 836 1250 429 1384 1388 691 695 1070 665 1045 1135 1191 987 1140 186 873 641 847 815 925 1106 1261 1144 1253 936 527 906 1175 1319 983 155 1158 1219 878
24 997 414 664 1214 899 1020 1468 1549 836 1411 759 485 1023 1208 1546 1437 754 429 907 1194 1296 1362 1436 1156 917 1020 916 231 905 652 800 399 1313 466 1384 990 1250 1360 709 1056 1011 621 1038 1397 305
25 987 115 332 269 468 914 935 594 511 751 714 893 276 698 999 135 580 136 859 65 540 914 449 868 795 978 856 671 944 227 823 199 383 851 832 969 752 548 900 296 726 836 643 775 593
26 1090 996 1186 526 835 1044 301 1170 1047 1069 706 553 1103 641 1097 1221 347 622 320 637 349 950 342 833 1109 1198 1157 639 855 1130 727 891 635 771 941 495 637 601 470 908 759 684 1151 681 175
27 1420 694 1384 734 190 903 1399 1365 1226 1265 809 359 244 923 1432 420 507 1457 1158 907 761 1016 1451 1432 413 1264 1293 126 1308 394 1268 828 1466 1313 1388 811 979 1412 1335 897 228 1407 451 330 445
28 1370 1108 1333 1245 1180 1294 991 1224 1259 1213 622 956 543 284 1239 1336 1034 835 991 851 1059 1406 630 1373 388 1196 1377 1348 1204 1019 1006 784 490 1133 1287 725 1349 819 1219 1046 1257 980 951 258 926
29 1448 1491 188 836 1284 1003 851 1118 1331 1031 814 1539 1368 781 628 1055 1508 1295 1370 1073 1059 475 1286 724 1150 1495 288 302 854 877 572 1295 588 1274 629 235 750 1102 777 1400 608 1117 1530 1025 922
30 852 1376 532 1068 1019 297 1396 1365 977 1267 1105 323 1345 981 1290 908 1038 1151 1044 1362 1338 379 1258 1208 1198 1030 700 1093 1369 769 1015 1184 314 1191 1307 70 1068 1148 1370 1137 691 650 1151 1393 946
;

param:   cost_bundl  marginal :=
1 199 85
2 75 110
3 95 155
4 131 137
5 200 159
6 207 27
7 156 191
8 181 210
9 192 210
10 112 192
11 171 170
12 151 189
13 203 194
14 130 170
15 66 140
16 110 108
17 153 82
18 169 207
19 199 166
20 22 148
21 122 158
22 206 133
23 181 160
24 151 161
25 103 132
26 211 171
27 129 152
28 144 172
29 124 179
30 19 94
31 191 71
32 147 195
33 182 111
34 54 188
35 165 61
36 128 141
37 163 188
38 44 190
39 202 81
40 74 135
41 155 70
42 87 164
43 195 114
44 163 22
45 91 136
;
param: buyer budget :=
  0 1446
  1 264
  2 301
  3 178
  4 839
  5 420
  6 1512
  7 1240
  8 148
  9 483
  10 154
  11 541
  12 348
  13 1532
  14 1417
  15 711
  16 836
  17 525
  18 1202
  19 747
  20 815
  21 53
  22 868
  23 57
  24 421
  25 637
  26 1088
  27 1534
  28 910
  29 625
;
param num_partition :=
2
;
param: item partition_index cardinality :=
0 0 10
1 0 3
2 0 10
3 0 3
4 0 26
5 0 19
6 0 25
7 0 6
8 0 11
9 0 10
10 0 8
11 0 24
12 0 20
13 0 27
14 0 15
15 0 17
16 0 22
17 0 6
18 0 25
19 0 28
20 0 20
21 0 6
22 0 5
23 0 13
24 0 8
25 0 29
26 0 18
27 0 10
28 0 23
29 0 8
30 0 14
31 0 5
32 0 4
33 0 10
34 0 12
35 0 4
36 0 17
37 0 25
38 0 18
39 0 1
40 0 22
41 0 6
42 0 7
43 0 10
44 0 3
