param num_bundles := 45;

param num_cust := 30;

param price_reserve :
   1 2 3 4 5 6 7 8 9 10 11 12 13 14 15 16 17 18 19 20 21 22 23 24 25 26 27 28 29 30 31 32 33 34 35 36 37 38 39 40 41 42 43 44 45 :=
1 226 117 693 507 570 716 757 341 605 95 416 124 419 456 463 802 202 206 708 370 790 591 722 413 772 428 261 610 539 781 804 524 458 765 808 774 439 255 208 743 516 376 617 595 713
2 1332 951 871 481 1334 417 1397 995 990 583 747 1348 1178 1148 1202 352 1379 1404 892 786 828 1082 962 1162 1167 1247 160 955 842 670 617 1223 856 1237 1358 934 740 825 713 513 951 941 963 627 824
3 362 703 806 971 695 599 1221 753 503 329 789 763 825 770 1111 1288 958 1352 1347 996 110 1025 645 1159 438 944 1010 1339 1332 1162 1043 402 1158 866 884 1027 1326 1316 957 1094 1356 890 319 1025 1030
4 1240 1260 1409 1120 1084 1191 777 1108 783 902 1496 1408 401 1551 614 1582 1157 933 786 1302 816 1220 306 821 1263 1088 1598 421 1448 624 1400 1293 163 1255 1395 674 1184 1389 1253 1587 1561 1548 1610 1113 1378
5 362 578 602 492 520 399 587 567 340 224 298 491 446 332 371 650 644 562 657 179 491 553 680 267 178 410 563 572 479 182 642 558 583 556 591 514 517 468 525 369 537 569 459 651 540
6 1103 1225 907 754 927 1292 1367 582 347 1361 925 1329 1487 860 993 1570 121 955 1151 1050 1457 1202 1196 1492 997 1425 822 883 1559 221 618 1459 354 342 552 1086 1273 1446 1367 1410 860 1366 551 1389 1326
7 666 521 55 422 610 400 162 556 610 730 426 729 357 607 383 777 214 289 374 580 835 305 771 520 386 369 552 268 736 815 362 301 498 736 645 661 729 833 664 779 788 455 792 438 694
8 393 760 471 716 1117 581 547 831 815 172 735 772 67 797 442 685 726 736 612 613 854 836 488 713 321 1058 708 403 986 928 1027 483 926 1007 883 897 472 592 101 1131 882 827 799 685 745
9 36 152 172 120 108 141 171 175 203 162 149 46 83 192 176 120 41 200 101 203 121 189 190 104 185 191 205 188 140 119 204 127 157 95 197 160 166 185 89 79 201 210 131 107 179
10 196 765 783 1019 997 220 256 844 808 722 401 596 801 935 644 471 853 395 464 569 510 691 656 683 127 996 995 1015 781 442 1002 691 747 523 851 577 508 710 628 779 233 473 768 816 425
11 57 637 484 369 405 576 353 642 331 358 379 491 289 469 423 477 479 303 315 282 513 470 473 634 322 562 305 322 305 680 549 664 494 522 512 539 348 407 547 490 582 673 221 147 280
12 454 668 343 573 718 177 631 203 716 668 434 520 458 735 551 523 319 521 653 509 615 638 608 386 571 509 577 735 495 516 300 413 184 715 387 504 772 635 171 739 394 445 258 186 249
13 52 315 418 543 547 416 304 340 488 201 424 22 535 246 259 556 234 256 162 431 422 139 320 335 178 311 554 526 564 271 128 545 300 451 393 423 347 564 76 86 297 252 501 504 494
14 1120 907 1167 479 431 457 1428 1344 531 1443 1151 500 1044 248 912 1440 690 1463 1256 358 385 1481 1391 1249 1387 1228 1441 1542 431 1297 1011 1454 773 311 861 1050 797 1205 1501 1154 1075 893 1147 1164 751
15 1207 1120 1122 600 632 911 943 180 1013 375 1098 1298 75 252 982 586 855 1210 961 1090 1198 813 85 681 662 829 396 945 846 413 964 660 506 770 737 718 1281 1058 888 1233 1297 1023 929 788 1260
16 465 1019 722 1088 1187 1134 375 1285 214 1299 728 142 227 890 998 926 1298 954 615 817 959 1324 1023 1091 260 826 1039 767 581 1268 615 988 1043 447 1307 1203 564 1173 84 826 394 1165 1310 1091 820
17 772 863 472 239 564 146 846 742 643 724 354 602 428 868 714 613 495 468 394 818 277 866 657 578 693 781 484 513 313 507 326 755 840 718 301 221 878 152 446 729 651 511 292 662 857
18 742 889 1029 1321 1096 1347 1175 644 625 1164 1383 196 1201 1151 939 502 679 1105 413 112 565 1377 1285 1098 1412 954 933 1447 1080 854 1426 998 1194 930 1153 762 1374 157 1195 718 768 416 832 702 325
19 952 578 951 1058 1060 449 435 672 958 916 1006 693 597 849 156 212 115 441 460 649 908 763 650 756 957 788 770 978 370 390 1051 491 776 776 532 812 794 596 1020 1009 830 875 623 851 434
20 693 423 690 479 633 1051 811 992 1010 446 1033 467 637 462 731 1034 671 466 285 893 176 726 737 348 647 815 772 368 716 1023 891 628 728 936 708 791 296 501 859 1027 687 982 638 147 759
21 1305 939 618 1116 798 1358 1416 1295 1402 1121 964 1187 1115 1350 903 871 1416 645 1090 1268 1501 1444 1235 1534 1475 1564 793 886 1019 687 348 873 578 1284 1358 1501 648 909 789 658 797 910 1472 1221 524
22 716 663 983 490 743 720 849 805 702 935 885 495 136 550 857 655 708 904 625 675 120 993 671 832 987 406 937 649 1026 707 810 1031 906 960 515 322 826 668 1006 270 171 848 752 420 701
23 612 512 678 547 600 288 525 449 662 561 540 198 652 329 347 489 461 156 616 432 610 345 377 677 459 593 615 598 532 436 421 523 639 627 370 79 679 30 379 316 653 592 643 261 361
24 996 1293 1147 1072 1284 1398 955 1067 673 543 1416 761 1104 1190 1206 958 1184 690 1311 315 1412 270 1144 981 933 1074 1226 828 1186 593 500 1378 1281 1449 1288 1120 863 1043 604 1439 1138 591 281 1117 841
25 925 1147 1189 1004 1209 942 1184 1148 936 1346 763 364 358 657 1215 1427 724 813 1249 1400 1425 1039 1115 934 937 772 863 857 1182 1214 796 1172 244 1314 693 312 1133 316 1071 1375 410 1363 940 1437 1349
26 355 829 635 589 796 1020 854 1039 688 1165 886 1022 927 1221 1220 152 872 1019 1147 394 1238 1055 698 858 488 434 947 1211 1146 333 758 1237 687 1136 1070 1193 924 239 847 607 413 792 1019 695 296
27 724 713 556 574 1039 1016 996 259 1052 917 996 832 1029 327 940 263 983 1082 768 390 667 1064 375 633 785 739 1013 1011 473 960 1005 1047 157 644 930 1085 839 1001 573 905 675 939 511 884 851
28 448 819 1277 1306 771 1192 696 1026 995 823 965 677 1219 1119 641 747 887 1328 1241 884 1258 1048 744 540 1027 205 690 878 1037 1256 628 340 1032 961 1307 936 606 1270 856 796 552 1072 808 1237 769
29 878 683 745 765 455 491 712 74 692 609 817 169 539 229 551 568 469 858 460 186 111 702 867 608 351 817 343 744 781 768 647 484 675 751 442 351 537 565 244 319 478 424 368 695 558
30 519 723 518 697 647 415 435 378 651 592 455 238 582 702 326 441 309 363 637 521 506 730 660 618 522 78 469 631 335 531 492 509 319 632 653 570 588 555 624 363 499 602 588 718 547
;

param:   cost_bundl  marginal :=
1 159 114
2 139 84
3 28 139
4 179 128
5 43 104
6 210 201
7 107 187
8 128 128
9 174 163
10 112 96
11 58 108
12 185 194
13 198 193
14 175 146
15 162 80
16 34 142
17 207 150
18 138 185
19 165 166
20 108 197
21 105 83
22 175 126
23 204 118
24 163 108
25 191 57
26 205 99
27 161 42
28 210 60
29 145 155
30 197 203
31 199 166
32 101 53
33 168 122
34 60 180
35 175 165
36 159 89
37 71 141
38 195 194
39 175 200
40 117 163
41 122 85
42 96 182
43 167 160
44 69 210
45 52 55
;
param: buyer budget :=
  0 1418
  1 993
  2 948
  3 898
  4 663
  5 1564
  6 459
  7 380
  8 333
  9 1389
  10 1487
  11 1189
  12 958
  13 109
  14 1346
  15 1373
  16 1008
  17 1067
  18 1309
  19 845
  20 955
  21 24
  22 1170
  23 1601
  24 1475
  25 168
  26 1388
  27 675
  28 88
  29 1024
;
param num_partition :=
2
;
param: item partition_index cardinality :=
0 0 1
1 0 28
2 0 21
3 0 13
4 0 19
5 0 13
6 0 4
7 0 10
8 0 2
9 0 11
10 0 25
11 0 23
12 0 15
13 0 17
14 0 7
15 0 6
16 0 17
17 0 2
18 0 8
19 0 23
20 0 2
21 0 2
22 0 16
23 0 12
24 0 13
25 0 13
26 0 1
27 0 26
28 0 14
29 0 25
30 0 2
31 0 24
32 0 13
33 0 4
34 0 26
35 0 28
36 0 15
37 0 11
38 0 22
39 0 25
40 0 26
41 0 22
42 0 7
43 0 19
44 0 7
