param num_bundles := 45;

param num_cust := 30;

param price_reserve :
   1 2 3 4 5 6 7 8 9 10 11 12 13 14 15 16 17 18 19 20 21 22 23 24 25 26 27 28 29 30 31 32 33 34 35 36 37 38 39 40 41 42 43 44 45 :=
1 387 226 329 340 398 435 463 506 393 506 266 485 380 370 382 471 476 511 493 460 380 348 484 334 355 477 477 396 285 456 481 377 360 196 315 480 197 268 471 280 401 440 122 322 172
2 434 737 644 582 777 340 457 629 623 392 395 865 605 238 219 607 749 813 861 839 783 891 713 467 868 412 562 269 737 534 786 431 191 877 786 881 779 787 102 703 404 886 135 404 768
3 749 758 906 514 430 158 214 437 509 718 696 874 553 973 548 917 942 589 1026 1098 84 998 506 1034 974 573 645 1041 785 1060 938 1019 760 1068 294 629 168 744 600 715 790 658 832 1063 1036
4 666 216 404 702 592 595 523 795 793 399 821 757 792 467 225 724 670 562 311 275 392 625 465 645 431 482 751 554 649 444 654 753 655 520 556 576 818 672 437 815 387 818 649 616 531
5 893 1244 1219 349 1293 1236 1112 791 1356 1451 647 1363 1288 1536 1144 805 515 1511 1144 369 992 1229 826 670 1084 1314 1311 1443 1510 843 1513 597 1220 995 599 1379 866 1347 1393 1339 703 313 699 1191 1178
6 405 363 74 305 392 504 454 382 429 360 66 320 452 390 211 283 244 440 506 467 461 444 26 449 425 380 485 381 472 357 422 354 247 389 218 500 508 306 254 172 322 257 220 156 326
7 631 848 627 431 1038 759 100 768 333 338 279 1047 837 668 486 991 411 781 819 1036 1012 460 866 904 272 331 934 1033 982 896 700 547 853 702 707 910 516 281 672 849 1049 239 747 317 952
8 1151 545 820 1230 1157 918 965 1078 1239 843 488 703 1202 616 1011 671 1075 764 1226 1276 964 986 371 1270 891 118 1280 940 837 603 559 877 730 774 980 1280 1062 646 1202 868 1046 592 813 1167 1164
9 1057 966 379 783 1421 580 1002 1440 943 1512 1172 1521 1093 1346 1022 995 705 1012 1522 626 612 1415 1123 601 1533 1205 1205 745 240 1478 1336 1168 989 1336 1452 1414 123 691 1468 1120 1422 1141 689 1350 1203
10 1040 209 1125 1126 724 811 743 1047 698 1062 827 977 896 1112 811 1006 1024 987 882 518 637 366 1163 306 908 1160 708 513 882 603 893 453 962 193 679 217 998 734 421 1077 749 669 1171 356 283
11 638 1206 1035 1023 454 833 1151 100 1172 915 507 203 1093 250 1089 641 825 719 684 1040 1004 513 1153 753 890 551 912 986 698 926 996 554 838 774 505 928 367 805 555 428 818 867 359 712 946
12 373 355 531 124 234 767 740 541 222 865 554 641 824 733 418 484 874 566 703 734 158 441 622 523 588 540 707 794 72 454 721 898 805 498 718 512 681 896 476 773 752 655 723 361 823
13 820 1162 934 1228 577 1172 996 777 743 777 360 701 182 434 1189 614 947 619 557 699 711 992 826 697 1101 162 920 1073 351 621 699 969 842 790 1049 911 684 987 199 884 206 612 1001 555 1178
14 1127 1015 1272 503 895 1151 602 859 1411 629 1420 1178 1180 1431 1373 1307 509 779 516 1124 1174 935 434 1199 696 1191 1321 1149 247 924 1442 396 1424 940 987 1214 1254 1055 660 934 1275 965 582 828 892
15 918 696 75 1511 534 1259 1515 1364 202 1459 254 1050 1474 1010 1539 1385 1033 592 1303 1384 375 354 537 853 1322 1033 1537 1419 1101 1305 909 1444 1449 837 511 462 846 319 1448 517 1461 1403 1048 1573 1373
16 185 180 61 147 81 186 146 127 82 84 116 88 111 177 151 137 141 85 43 127 155 106 196 185 69 203 186 140 172 133 179 148 207 102 210 208 191 113 144 67 186 171 137 166 99
17 766 222 269 864 295 845 850 870 872 312 475 615 778 647 782 649 753 150 801 920 717 851 697 726 878 773 502 515 750 363 603 927 502 528 620 570 280 467 710 612 919 863 937 854 939
18 920 950 1449 1149 734 1564 1432 1463 514 1521 1285 1545 1006 1249 882 816 1365 689 1372 847 1108 1348 1262 456 1272 958 1373 670 910 1467 856 1345 237 1478 658 750 1511 1398 1170 1097 1260 980 467 1079 66
19 1135 531 178 553 1330 1314 807 791 1254 827 1146 392 1002 1365 1138 1344 1285 1106 995 292 677 1305 1404 712 1216 1398 853 1162 1265 670 373 523 1170 1269 1072 1275 589 879 1242 1329 681 1179 225 893 1006
20 1007 1365 1300 532 1044 394 951 782 1153 277 1084 1017 1052 369 838 1302 1312 1152 1055 650 1286 891 513 1009 821 883 1210 1316 346 560 321 1334 1289 935 569 889 1043 301 1387 687 1330 567 1199 835 1301
21 714 756 585 917 873 1177 980 980 1138 1141 1243 1226 951 638 518 973 1004 357 1199 1192 1091 526 1258 1287 1304 719 1289 976 655 607 1293 827 1117 919 451 910 746 785 1049 593 763 637 780 247 621
22 699 1259 634 1304 904 402 876 387 954 664 667 1342 643 234 1201 1284 1106 1373 848 1299 686 826 1247 433 1126 1372 1111 1130 1359 1181 773 817 1075 552 1051 1453 752 1179 659 1195 1145 1192 600 1335 1433
23 1172 820 718 1093 192 1313 778 922 686 1036 859 1249 626 695 810 670 755 1160 1006 134 1311 1164 1275 958 1037 683 624 950 1371 696 963 460 504 1103 1363 616 485 659 1369 919 906 552 1268 1310 1000
24 743 1062 631 630 326 474 1034 454 701 528 355 467 944 597 1061 1074 507 692 881 676 835 808 1065 512 307 926 610 688 604 830 166 391 960 643 396 989 687 973 922 1053 1018 521 929 471 397
25 518 1291 1309 573 21 1019 1428 516 612 1346 1258 601 289 1180 1297 544 916 683 1099 1117 803 1421 1421 1322 540 1222 689 1236 1026 1343 787 950 257 1040 1028 1341 1360 1315 1236 485 549 930 1030 1259 1127
26 961 1085 968 494 972 863 759 1078 931 391 37 1063 638 812 560 945 939 1063 648 802 602 811 1093 954 224 349 467 1091 742 145 948 368 918 830 505 898 936 994 701 729 898 808 1057 563 932
27 383 774 749 637 175 357 390 770 778 647 187 456 434 714 675 597 779 619 531 295 661 793 794 786 519 416 313 455 585 625 166 771 624 755 591 733 543 434 398 288 411 462 703 804 672
28 1414 512 656 301 1331 630 1310 1528 923 1433 188 1227 1314 1257 1474 1152 978 930 1406 1442 1106 234 1395 539 1242 756 909 1263 511 965 291 1444 982 643 1248 1108 1500 1353 1488 668 287 700 1436 1481 1468
29 764 813 119 931 304 847 1072 1004 1019 687 763 825 1110 558 851 659 736 875 936 739 711 646 504 1028 796 667 882 756 844 714 359 784 137 1070 413 564 978 1109 1123 685 542 465 211 923 1130
30 583 1270 633 984 585 715 741 762 558 1001 369 937 664 1293 427 1070 915 1306 1325 202 1035 1011 933 1259 838 1277 1082 865 1191 803 1200 1209 725 871 1274 929 452 379 804 548 738 703 1243 764 795
;

param:   cost_bundl  marginal :=
1 37 75
2 125 171
3 140 198
4 154 200
5 200 138
6 52 136
7 172 86
8 166 61
9 161 137
10 104 63
11 153 89
12 80 145
13 108 146
14 183 182
15 160 138
16 210 63
17 173 113
18 176 128
19 196 145
20 167 10
21 134 170
22 136 190
23 102 91
24 7 187
25 167 62
26 198 177
27 168 182
28 60 183
29 164 44
30 99 210
31 199 13
32 134 183
33 60 192
34 193 49
35 88 88
36 14 84
37 124 140
38 116 173
39 133 101
40 208 137
41 186 167
42 113 152
43 132 210
44 197 125
45 46 45
;
param: buyer budget :=
  0 1087
  1 335
  2 1209
  3 602
  4 565
  5 1560
  6 737
  7 444
  8 623
  9 699
  10 1519
  11 1483
  12 1504
  13 961
  14 1219
  15 327
  16 728
  17 759
  18 329
  19 1411
  20 1215
  21 1193
  22 1300
  23 195
  24 570
  25 1034
  26 1166
  27 1203
  28 794
  29 630
;
param num_partition :=
2
;
param: item partition_index cardinality :=
0 0 10
1 0 23
2 0 27
3 0 7
4 0 1
5 0 9
6 0 28
7 0 21
8 0 28
9 0 17
10 0 12
11 0 11
12 0 3
13 0 8
14 0 1
15 0 20
16 0 21
17 0 19
18 0 11
19 0 5
20 0 10
21 0 2
22 0 17
23 0 4
24 0 24
25 0 4
26 0 23
27 0 8
28 0 10
29 0 17
30 0 15
31 0 17
32 0 28
33 0 23
34 0 24
35 0 9
36 0 22
37 0 11
38 0 21
39 0 7
40 0 19
41 0 23
42 0 3
43 0 17
44 0 17
