param num_bundles := 15;

param num_cust := 40;

param price_reserve :
   1 2 3 4 5 6 7 8 9 10 11 12 13 14 15 :=
1 146 384 257 392 214 249 191 262 177 375 315 275 224 335 359
2 351 358 459 264 447 384 432 181 448 102 120 364 398 320 299
3 352 128 202 348 199 186 279 141 248 182 346 268 295 302 137
4 61 312 265 439 290 298 173 457 207 297 168 125 406 251 230
5 199 464 528 457 258 343 191 363 146 544 506 238 412 520 338
6 200 322 125 157 341 243 329 160 270 342 74 237 151 293 355
7 280 181 258 266 259 130 233 28 287 239 332 116 233 132 86
8 282 366 261 220 354 170 339 413 180 351 387 301 28 375 187
9 530 155 217 445 66 97 378 512 425 467 265 497 280 326 236
10 340 259 130 421 311 308 109 216 394 410 351 189 200 199 278
11 440 291 421 318 380 377 442 441 425 348 441 144 399 256 368
12 128 266 194 121 237 288 277 200 251 175 267 189 295 63 263
13 542 136 405 340 381 412 468 528 314 337 314 477 481 429 489
14 487 113 392 210 256 93 30 399 397 64 485 465 488 138 211
15 265 296 179 71 144 206 332 96 261 219 277 314 206 89 311
16 110 502 360 316 541 168 521 298 277 390 188 442 251 502 483
17 200 142 174 182 181 187 130 182 61 198 103 127 84 235 243
18 157 452 436 417 429 147 375 452 334 462 295 346 453 193 130
19 234 331 319 262 323 281 235 246 305 94 176 157 305 258 179
20 151 382 213 291 363 381 247 376 30 306 403 429 387 435 114
21 391 388 318 370 262 239 306 263 259 189 357 170 341 286 225
22 216 173 353 159 168 172 253 166 339 247 194 126 358 293 161
23 151 181 106 185 121 175 67 164 184 166 159 244 236 235 223
24 220 413 196 401 179 415 197 123 404 359 442 138 191 333 302
25 201 333 289 251 318 247 25 197 215 353 100 290 67 321 32
26 223 437 130 454 140 56 371 173 153 411 302 336 301 369 245
27 256 493 286 331 266 207 518 485 492 296 378 325 179 429 333
28 95 179 195 196 215 225 179 183 201 6 180 206 187 151 143
29 416 385 407 300 134 101 197 270 199 406 376 292 335 204 413
30 364 164 293 269 317 336 314 286 287 78 332 182 249 197 171
31 317 197 135 143 167 198 363 271 225 214 255 270 240 257 290
32 173 403 443 424 402 358 250 145 360 387 507 320 491 201 109
33 297 336 321 166 243 213 361 152 330 197 389 381 334 308 385
34 101 280 286 372 309 381 40 221 132 219 329 265 292 304 319
35 231 127 143 37 222 100 51 177 235 237 173 103 113 215 228
36 247 383 272 39 235 313 394 367 158 406 405 262 201 319 119
37 148 308 348 387 348 347 376 111 371 413 212 409 164 367 141
38 403 258 378 347 419 182 410 463 400 263 299 288 404 334 196
39 363 456 234 430 495 504 218 189 405 525 368 379 473 429 433
40 429 185 480 318 517 215 347 459 400 460 234 380 463 106 206
;

param:   cost_bundl  marginal :=
1 58 49
2 85 98
3 100 104
4 61 103
5 30 85
6 111 34
7 72 83
8 25 85
9 96 45
10 109 94
11 80 97
12 106 117
13 81 102
14 98 110
15 74 48
;
param: buyer budget :=
  0 307
  1 427
  2 806
  3 223
  4 962
  5 660
  6 974
  7 891
  8 376
  9 783
  10 759
  11 976
  12 335
  13 931
  14 516
  15 801
  16 364
  17 1051
  18 261
  19 854
  20 221
  21 253
  22 985
  23 478
  24 606
  25 733
  26 804
  27 90
  28 1045
  29 1004
  30 226
  31 168
  32 102
  33 368
  34 794
  35 485
  36 985
  37 345
  38 61
  39 934
;
param num_partition :=
3
;
param: item partition_index cardinality :=
0 0 14
1 0 4
2 0 9
3 0 39
4 0 15
5 0 15
6 0 25
7 0 9
8 0 29
9 0 4
10 0 11
11 0 2
12 0 31
13 1 5
14 1 37
