param num_bundles := 15;

param num_cust := 40;

param price_reserve :
   1 2 3 4 5 6 7 8 9 10 11 12 13 14 15 :=
1 129 377 164 348 332 353 383 367 219 403 402 229 386 223 319
2 234 309 273 352 425 166 478 254 197 443 148 143 102 244 210
3 298 329 350 314 442 90 297 233 131 371 218 64 410 379 384
4 455 471 299 339 304 403 310 378 89 307 187 452 307 264 464
5 387 349 383 363 386 393 330 218 366 247 352 448 371 402 137
6 238 244 240 230 123 181 168 186 238 136 219 82 190 180 224
7 441 129 426 374 333 349 351 286 337 368 151 398 333 275 285
8 361 340 275 307 326 298 367 362 357 351 203 249 0 337 318
9 190 331 322 379 501 464 385 345 308 493 498 580 406 546 448
10 164 199 213 259 249 281 72 97 51 174 100 173 158 198 191
11 77 74 93 99 256 140 285 234 187 194 147 210 120 184 92
12 226 281 345 243 350 291 343 224 350 359 270 318 387 296 195
13 216 427 278 396 476 482 480 437 367 262 179 335 152 302 230
14 421 542 508 162 441 311 370 233 224 483 379 481 452 290 541
15 260 159 294 190 262 360 136 95 171 221 337 237 190 240 292
16 197 300 303 168 297 370 388 236 354 284 113 186 313 353 390
17 486 374 428 355 270 411 371 275 393 153 307 494 322 438 190
18 59 308 195 298 208 183 352 266 215 411 202 332 175 251 178
19 224 415 183 379 186 196 359 384 146 175 290 83 327 126 221
20 52 132 140 147 150 156 237 101 244 165 33 97 135 186 92
21 456 423 255 358 402 311 362 178 323 269 472 193 304 433 399
22 252 245 522 154 547 293 550 506 190 132 394 345 369 415 350
23 216 114 41 210 193 101 224 173 169 174 231 170 217 226 97
24 442 205 323 277 185 341 86 422 348 271 372 156 276 183 217
25 486 221 312 425 164 274 273 217 398 496 282 479 416 295 141
26 112 182 208 205 177 223 228 201 49 37 212 136 111 236 190
27 85 44 119 40 88 112 40 58 121 101 48 74 83 85 65
28 118 62 255 254 283 98 254 257 142 74 257 229 201 65 137
29 211 137 269 235 138 116 136 192 246 291 7 175 175 184 280
30 49 84 34 81 69 41 70 46 80 75 25 110 66 100 107
31 38 106 66 120 102 114 79 74 109 46 75 79 88 50 36
32 277 374 61 101 321 440 199 220 170 270 420 294 351 32 332
33 243 209 143 319 143 152 256 210 324 12 197 331 241 290 205
34 186 242 280 272 128 149 392 389 220 262 210 418 376 309 246
35 312 360 213 80 70 355 356 121 339 382 342 76 386 334 236
36 226 307 446 365 366 407 430 110 382 361 118 352 430 299 203
37 64 442 380 303 406 283 174 145 282 218 378 389 399 460 384
38 290 179 242 264 99 266 248 275 198 113 262 304 33 278 309
39 137 434 372 396 246 340 295 293 455 406 384 228 339 216 302
40 267 270 141 67 204 79 91 89 226 276 259 106 165 239 138
;

param:   cost_bundl  marginal :=
1 112 116
2 109 81
3 112 52
4 50 69
5 58 84
6 63 120
7 114 66
8 19 95
9 38 14
10 89 120
11 41 42
12 108 97
13 24 61
14 97 79
15 53 98
;
param: buyer budget :=
  0 911
  1 214
  2 618
  3 471
  4 1012
  5 965
  6 1038
  7 759
  8 318
  9 189
  10 323
  11 281
  12 25
  13 496
  14 776
  15 1150
  16 780
  17 702
  18 945
  19 967
  20 596
  21 698
  22 376
  23 825
  24 285
  25 365
  26 816
  27 1149
  28 874
  29 436
  30 1060
  31 311
  32 588
  33 518
  34 1085
  35 1126
  36 622
  37 197
  38 573
  39 858
;
param num_partition :=
3
;
param: item partition_index cardinality :=
0 0 16
1 0 35
2 0 24
3 0 11
4 0 37
5 0 28
6 0 30
7 0 20
8 0 20
9 0 16
10 0 7
11 1 13
12 1 6
13 1 1
14 1 20
