param num_bundles := 15;

param num_cust := 40;

param price_reserve :
   1 2 3 4 5 6 7 8 9 10 11 12 13 14 15 :=
1 387 330 388 270 377 239 381 13 75 300 482 311 449 281 290
2 448 547 423 281 347 237 525 530 556 501 354 218 551 317 363
3 219 370 469 199 202 274 297 210 164 413 260 470 160 255 313
4 196 209 256 283 252 334 237 323 315 215 194 262 144 276 205
5 326 257 302 408 397 400 183 339 301 266 268 88 458 125 170
6 451 487 266 374 516 455 454 524 481 123 232 159 418 115 146
7 147 283 268 253 187 222 213 233 160 270 286 198 128 220 285
8 180 453 564 103 380 561 333 429 320 398 75 528 296 556 56
9 219 255 118 288 114 229 115 136 145 109 283 144 179 257 177
10 98 57 64 97 100 100 118 118 80 114 94 56 109 97 121
11 356 241 153 493 409 408 154 185 351 384 354 470 501 467 443
12 184 316 427 332 417 429 436 426 332 118 439 325 369 311 137
13 231 81 227 160 203 214 150 87 134 89 106 241 115 186 147
14 156 89 162 102 220 233 206 103 213 166 212 157 193 229 164
15 115 93 107 96 112 55 100 65 86 117 104 109 66 68 99
16 250 466 406 228 530 320 380 290 361 129 410 426 311 462 546
17 51 282 79 374 422 405 287 243 262 295 442 222 355 456 169
18 320 347 321 197 286 380 379 255 318 334 339 119 329 150 289
19 308 418 18 275 389 181 263 297 307 219 372 201 340 238 350
20 276 245 347 260 381 412 242 313 323 302 392 338 403 290 422
21 73 211 104 244 154 267 149 251 294 176 93 234 214 222 262
22 279 68 194 368 380 230 365 255 351 385 167 81 223 340 350
23 272 119 182 343 405 412 169 235 101 509 337 459 353 242 375
24 311 465 139 380 515 386 218 380 149 387 390 478 491 319 483
25 459 495 456 542 531 240 448 127 244 384 370 288 111 330 345
26 228 304 290 361 284 326 364 332 138 396 229 161 56 192 173
27 421 289 242 373 228 362 47 412 224 282 53 383 77 303 316
28 503 470 443 189 32 440 204 360 496 406 477 354 415 487 175
29 342 423 102 222 344 219 102 400 351 465 351 228 222 455 235
30 69 115 101 82 113 113 98 80 92 93 68 112 58 74 113
31 291 230 310 64 243 277 260 269 204 184 346 163 240 229 90
32 280 420 384 400 346 148 128 421 118 211 311 259 388 369 188
33 212 89 90 195 220 71 208 72 197 225 147 231 199 78 162
34 413 428 332 398 305 457 146 463 417 400 246 359 248 358 309
35 252 390 311 267 176 354 432 291 218 265 275 233 258 454 379
36 382 428 426 188 444 336 282 398 335 125 425 295 319 439 196
37 206 155 346 193 151 248 258 166 232 236 143 332 373 86 343
38 238 112 109 164 118 193 169 147 196 159 165 166 69 140 174
39 493 301 452 324 522 511 485 405 253 500 321 131 437 494 170
40 57 104 18 100 111 91 89 117 82 104 83 122 75 121 91
;

param:   cost_bundl  marginal :=
1 101 89
2 28 110
3 14 37
4 24 104
5 71 99
6 43 81
7 71 44
8 39 81
9 119 64
10 44 82
11 92 30
12 113 113
13 50 112
14 67 62
15 115 84
;
param: buyer budget :=
  0 323
  1 83
  2 44
  3 620
  4 60
  5 520
  6 285
  7 424
  8 141
  9 702
  10 99
  11 690
  12 900
  13 221
  14 59
  15 269
  16 422
  17 315
  18 575
  19 93
  20 87
  21 930
  22 625
  23 101
  24 737
  25 772
  26 443
  27 404
  28 665
  29 892
  30 718
  31 377
  32 712
  33 1110
  34 575
  35 999
  36 123
  37 236
  38 969
  39 655
;
param num_partition :=
3
;
param: item partition_index cardinality :=
0 0 34
1 0 16
2 0 32
3 0 34
4 0 12
5 0 19
6 0 30
7 1 20
8 1 12
9 1 37
10 1 30
11 1 29
12 1 35
13 1 30
14 1 6
