param num_bundles := 15;

param num_cust := 40;

param price_reserve :
   1 2 3 4 5 6 7 8 9 10 11 12 13 14 15 :=
1 270 264 326 314 281 196 304 239 278 115 83 333 250 304 328
2 101 122 163 116 99 177 211 135 214 88 145 179 225 166 230
3 205 311 269 353 339 236 281 125 344 136 350 154 335 63 272
4 151 94 191 193 181 68 28 210 100 214 198 187 242 182 94
5 558 458 407 398 339 282 304 417 429 270 219 244 46 233 561
6 507 537 192 464 306 448 211 394 396 350 311 72 529 319 164
7 513 538 365 507 130 299 497 503 394 238 531 270 449 405 435
8 283 425 372 474 459 322 391 369 494 441 498 336 493 440 469
9 441 452 492 14 139 495 327 387 415 158 369 539 435 570 478
10 209 170 555 462 388 328 499 430 209 190 360 498 452 417 120
11 100 108 105 109 111 71 85 83 38 101 37 93 100 122 107
12 320 337 300 416 371 301 414 204 386 361 283 360 414 157 341
13 501 335 381 533 130 539 430 517 122 467 339 406 522 518 443
14 120 301 238 167 296 370 354 374 119 273 114 195 129 298 228
15 432 110 175 365 403 381 171 367 305 399 79 106 95 396 415
16 535 499 372 541 454 483 180 517 512 178 356 87 340 308 428
17 313 99 361 102 308 346 67 161 281 357 255 263 231 248 212
18 97 142 183 190 106 284 190 170 141 106 294 229 247 201 293
19 110 503 318 320 323 111 138 393 84 298 452 395 299 126 353
20 69 18 60 114 110 79 79 74 104 118 48 85 110 70 18
21 91 106 107 122 71 23 54 103 108 96 100 95 103 24 79
22 214 214 223 168 141 101 226 198 87 223 234 184 225 158 222
23 219 286 279 199 280 31 230 318 89 254 53 314 275 238 277
24 480 192 211 170 248 324 139 328 188 387 157 426 272 177 338
25 92 60 106 91 41 73 119 23 77 111 78 113 34 101 98
26 197 188 66 182 226 101 129 132 206 163 191 89 228 183 75
27 404 455 377 325 61 363 429 365 339 334 422 175 240 328 241
28 372 292 389 220 304 284 327 217 298 315 141 303 387 182 189
29 117 73 95 7 94 40 43 25 102 77 99 115 71 91 81
30 412 79 247 217 38 323 337 416 354 275 419 205 286 330 271
31 491 464 462 180 471 486 264 438 479 119 171 505 125 523 465
32 187 231 409 421 113 315 367 397 334 417 153 380 366 194 44
33 540 376 475 154 83 100 413 237 515 486 127 446 339 253 423
34 170 205 168 218 58 200 127 156 244 158 215 169 140 222 222
35 218 84 223 178 110 97 106 206 194 292 248 227 187 293 237
36 455 74 360 437 354 373 290 408 49 454 103 192 201 175 465
37 168 395 285 405 227 358 428 297 174 408 391 429 430 193 289
38 351 512 473 442 364 302 508 470 470 527 557 344 293 565 217
39 351 135 246 198 116 369 402 456 447 178 215 348 179 90 141
40 376 207 303 211 328 219 134 269 388 466 399 434 338 468 235
;

param:   cost_bundl  marginal :=
1 107 106
2 113 46
3 102 105
4 14 91
5 66 96
6 88 69
7 100 81
8 113 63
9 37 107
10 119 16
11 91 67
12 92 50
13 105 93
14 85 24
15 37 112
;
param: buyer budget :=
  0 334
  1 1067
  2 581
  3 522
  4 799
  5 359
  6 311
  7 1133
  8 911
  9 395
  10 868
  11 226
  12 431
  13 720
  14 416
  15 583
  16 110
  17 274
  18 616
  19 789
  20 409
  21 889
  22 1027
  23 167
  24 263
  25 695
  26 489
  27 332
  28 215
  29 217
  30 837
  31 147
  32 625
  33 1019
  34 26
  35 186
  36 438
  37 414
  38 51
  39 137
;
param num_partition :=
3
;
param: item partition_index cardinality :=
0 0 23
1 0 28
2 0 28
3 0 5
4 0 4
5 1 38
6 1 37
7 1 28
8 1 7
9 1 28
10 1 28
11 1 14
12 1 17
13 1 27
14 1 23
