param num_bundles := 15;

param num_cust := 40;

param price_reserve :
   1 2 3 4 5 6 7 8 9 10 11 12 13 14 15 :=
1 366 418 323 153 321 294 293 350 258 359 343 416 239 93 417
2 41 128 347 257 145 263 393 411 401 383 356 328 401 230 461
3 400 347 295 266 466 459 457 303 152 441 317 344 270 218 250
4 109 138 198 160 161 208 71 205 231 69 174 209 215 202 184
5 202 129 89 290 361 196 321 267 299 211 203 360 196 210 242
6 268 133 86 174 135 372 383 391 223 112 337 146 326 368 266
7 235 345 277 216 328 196 168 204 368 403 188 242 275 170 363
8 425 343 475 405 404 507 503 225 394 357 407 460 211 169 507
9 122 113 144 310 61 339 307 117 347 327 178 338 323 150 142
10 410 326 112 403 179 278 459 422 293 426 331 364 489 413 496
11 397 328 434 386 149 452 273 186 436 242 146 435 396 455 217
12 507 353 346 526 455 492 546 224 70 455 513 408 174 436 240
13 128 218 362 264 302 220 159 296 277 283 207 235 347 133 337
14 419 310 293 352 372 354 69 320 211 113 276 251 393 351 132
15 253 514 438 523 512 218 546 269 427 480 384 330 524 367 396
16 445 268 240 416 325 287 408 456 320 300 169 412 370 391 338
17 203 461 340 271 340 434 155 331 371 485 454 317 477 419 320
18 88 293 161 179 395 153 307 173 344 349 379 365 57 215 256
19 502 558 371 513 507 541 455 297 401 432 515 151 424 323 423
20 288 204 361 381 495 443 494 402 331 464 176 426 469 382 507
21 367 199 296 252 260 408 414 390 144 348 220 103 308 313 194
22 85 97 263 274 203 276 55 189 268 292 266 272 228 191 148
23 280 358 73 229 304 125 221 167 177 98 229 359 265 362 270
24 112 334 291 213 310 280 333 321 282 299 44 256 137 221 66
25 115 285 285 129 214 292 288 268 216 284 223 184 160 250 257
26 96 17 59 107 115 94 101 116 26 106 15 96 106 106 98
27 212 123 131 246 218 199 256 277 316 147 89 276 330 200 82
28 454 400 394 331 356 193 249 186 223 485 448 401 288 367 339
29 314 310 115 270 418 295 406 298 238 134 343 321 352 290 415
30 377 375 232 406 466 68 417 284 416 251 314 387 345 115 412
31 232 177 313 359 35 174 263 272 223 256 298 257 260 304 325
32 522 229 357 384 323 99 537 479 381 212 215 68 512 474 566
33 303 313 323 270 145 314 228 119 164 73 195 287 198 295 123
34 36 225 432 486 122 341 196 409 286 346 502 566 466 423 435
35 448 303 515 323 520 229 334 537 461 245 478 246 470 353 189
36 412 364 518 139 99 484 576 490 308 521 334 499 432 402 173
37 306 530 371 281 354 183 81 521 197 384 460 286 484 495 439
38 219 233 474 149 461 238 190 419 232 387 353 247 255 280 100
39 96 107 228 241 232 223 222 188 237 210 147 98 157 223 179
40 189 336 308 314 278 158 401 145 340 386 232 319 320 277 195
;

param:   cost_bundl  marginal :=
1 34 106
2 76 38
3 101 52
4 71 114
5 64 87
6 9 12
7 104 93
8 64 79
9 100 70
10 95 97
11 75 41
12 115 100
13 57 91
14 104 118
15 51 116
;
param: buyer budget :=
  0 465
  1 1041
  2 714
  3 322
  4 1035
  5 532
  6 152
  7 530
  8 1107
  9 879
  10 582
  11 854
  12 454
  13 741
  14 453
  15 102
  16 177
  17 170
  18 896
  19 409
  20 79
  21 1074
  22 1105
  23 639
  24 946
  25 684
  26 541
  27 534
  28 54
  29 632
  30 971
  31 830
  32 201
  33 583
  34 956
  35 618
  36 105
  37 210
  38 781
  39 398
;
param num_partition :=
3
;
param: item partition_index cardinality :=
0 0 7
1 0 4
2 0 13
3 0 32
4 0 27
5 0 29
6 0 16
7 0 19
8 0 13
9 0 15
10 0 21
11 0 17
12 1 28
13 1 31
14 1 28
