param num_bundles := 15;

param num_cust := 40;

param price_reserve :
   1 2 3 4 5 6 7 8 9 10 11 12 13 14 15 :=
1 432 343 455 100 214 224 362 405 474 296 289 491 329 497 89
2 394 168 352 119 550 217 455 501 554 125 500 461 398 568 526
3 431 240 370 298 380 229 462 356 265 351 197 461 380 88 255
4 472 188 169 303 536 379 537 367 265 121 527 465 270 559 451
5 298 40 239 138 284 255 265 149 316 108 209 312 322 148 172
6 234 107 172 105 120 171 206 138 72 254 312 233 249 343 299
7 341 443 87 204 393 407 253 223 438 510 493 146 431 303 572
8 287 254 187 208 158 227 199 231 297 253 275 282 72 169 137
9 493 435 271 330 273 481 217 451 307 274 427 436 411 198 197
10 344 465 235 555 520 501 489 251 245 559 407 448 334 261 200
11 208 216 159 275 169 288 347 253 387 196 136 73 264 306 369
12 286 162 216 320 224 229 267 234 125 85 240 269 85 181 129
13 102 81 351 456 465 363 445 184 446 409 280 258 406 423 355
14 395 25 375 378 373 230 291 295 107 369 131 303 171 253 226
15 330 366 327 365 276 351 312 322 207 192 155 211 253 20 260
16 360 189 395 116 425 404 305 467 272 286 239 401 266 242 445
17 329 388 465 429 188 408 465 355 225 65 330 473 234 480 479
18 331 350 463 494 423 518 555 536 546 396 464 246 524 42 250
19 498 365 419 132 427 436 279 255 417 426 321 195 209 423 492
20 447 428 129 276 513 435 492 270 421 242 480 447 493 361 131
21 326 218 576 417 206 477 263 467 253 359 467 566 193 436 455
22 442 256 354 371 325 335 271 111 317 287 402 443 402 93 410
23 183 138 62 151 124 153 63 209 195 34 220 195 234 125 167
24 75 169 366 314 211 190 119 273 302 225 393 298 273 153 265
25 480 385 476 501 484 359 446 311 267 284 408 392 384 379 396
26 202 189 422 362 292 253 298 170 305 406 202 346 378 410 344
27 433 457 459 277 415 415 101 439 324 385 434 411 445 278 132
28 313 330 457 60 251 255 437 303 55 425 219 461 189 162 288
29 315 307 361 438 414 273 305 220 144 395 267 260 277 467 494
30 181 221 137 104 199 70 60 89 243 79 113 198 128 133 49
31 291 189 272 216 314 291 157 289 303 217 114 287 233 239 287
32 121 301 300 63 317 293 280 191 67 293 158 149 96 272 252
33 406 417 256 359 426 453 262 305 424 140 212 397 133 433 413
34 178 324 301 399 262 90 425 304 436 415 382 247 426 102 365
35 125 209 261 91 126 248 215 65 103 206 189 25 45 271 43
36 376 428 317 386 286 419 291 436 374 143 211 456 145 41 355
37 426 88 523 507 353 228 541 385 200 473 172 477 483 141 504
38 458 161 503 181 431 156 461 171 328 415 471 384 286 248 401
39 62 96 49 61 94 106 112 99 88 115 8 51 68 94 66
40 247 390 365 444 246 393 417 289 379 357 431 220 300 176 295
;

param:   cost_bundl  marginal :=
1 88 89
2 65 99
3 45 99
4 114 46
5 92 62
6 120 86
7 102 59
8 81 32
9 110 18
10 64 110
11 55 62
12 33 72
13 110 89
14 98 116
15 116 106
;
param: buyer budget :=
  0 626
  1 916
  2 760
  3 957
  4 410
  5 860
  6 1093
  7 1080
  8 142
  9 777
  10 880
  11 296
  12 208
  13 969
  14 1021
  15 354
  16 742
  17 1004
  18 1080
  19 1146
  20 944
  21 18
  22 399
  23 838
  24 917
  25 781
  26 695
  27 1108
  28 588
  29 51
  30 960
  31 744
  32 805
  33 888
  34 509
  35 843
  36 276
  37 1034
  38 605
  39 768
;
param num_partition :=
3
;
param: item partition_index cardinality :=
0 0 31
1 0 25
2 0 38
3 0 8
4 0 13
5 0 5
6 0 28
7 0 12
8 1 28
9 1 8
10 1 37
11 1 29
12 1 34
13 1 17
14 1 39
