param num_bundles := 15;

param num_cust := 40;

param price_reserve :
   1 2 3 4 5 6 7 8 9 10 11 12 13 14 15 :=
1 240 278 249 383 371 230 129 252 177 385 115 139 149 335 311
2 354 468 348 32 283 504 380 128 306 509 465 424 378 419 523
3 220 375 476 414 154 371 524 306 188 453 429 550 557 428 420
4 277 180 166 322 254 333 246 300 326 269 327 297 304 276 149
5 302 141 312 116 207 247 176 159 80 216 268 94 322 326 205
6 262 301 271 244 301 294 300 322 291 258 107 82 212 116 44
7 304 351 207 456 414 168 343 402 414 154 405 318 276 103 407
8 422 298 338 253 409 496 437 241 424 63 379 397 400 474 493
9 113 140 208 57 95 42 277 255 240 84 210 276 160 282 254
10 363 387 40 336 191 290 335 205 330 292 294 196 252 197 219
11 387 463 258 341 484 352 381 69 527 388 520 524 214 14 58
12 234 257 437 330 403 245 278 383 367 300 422 210 274 261 160
13 485 279 137 437 441 470 142 175 125 509 336 484 478 395 337
14 367 269 416 238 381 402 327 283 215 194 155 332 294 151 143
15 242 109 358 544 542 377 540 347 540 452 231 269 279 361 364
16 110 180 475 377 269 508 505 484 433 306 345 159 267 69 346
17 334 262 142 358 220 109 345 356 290 47 183 365 320 345 366
18 96 74 45 102 120 55 91 43 73 102 81 108 66 31 106
19 112 175 194 214 131 301 302 272 222 102 100 324 132 328 323
20 320 321 299 369 523 121 333 108 264 27 454 344 526 485 313
21 197 366 291 209 120 311 62 127 359 237 226 251 30 266 155
22 316 183 488 374 457 287 218 197 103 361 295 461 213 372 318
23 490 373 503 341 477 125 439 428 559 291 480 271 277 127 436
24 386 328 525 530 524 467 534 575 212 448 572 255 483 176 184
25 483 272 239 354 471 266 94 59 426 208 153 182 145 259 469
26 275 276 333 287 306 329 176 254 96 311 145 258 389 301 202
27 340 269 431 382 435 156 496 488 325 380 516 333 119 523 308
28 162 212 320 315 28 299 75 180 316 362 284 349 176 323 263
29 131 322 219 299 333 28 143 327 112 344 343 397 356 367 187
30 393 478 471 374 124 450 493 476 263 469 117 474 412 359 551
31 290 114 287 207 251 245 141 118 58 222 263 280 31 205 221
32 355 365 178 78 226 120 119 21 335 98 217 321 296 246 136
33 475 120 217 235 106 539 158 550 530 475 499 444 241 526 162
34 530 543 357 430 408 382 333 491 216 174 161 459 174 54 247
35 333 235 262 392 389 90 195 347 252 215 389 375 257 249 253
36 121 59 78 89 117 108 65 58 52 108 51 122 112 75 72
37 480 392 274 335 256 157 339 381 368 269 199 408 407 411 389
38 206 179 220 70 377 224 227 228 217 372 195 352 341 165 116
39 450 416 460 174 196 263 290 205 465 180 363 438 534 440 488
40 444 347 322 375 435 339 384 392 400 367 163 487 379 118 400
;

param:   cost_bundl  marginal :=
1 91 32
2 39 79
3 106 88
4 26 87
5 80 65
6 41 32
7 70 113
8 71 57
9 92 92
10 109 108
11 120 31
12 93 119
13 34 120
14 92 118
15 40 105
;
param: buyer budget :=
  0 836
  1 1079
  2 144
  3 137
  4 661
  5 160
  6 114
  7 699
  8 622
  9 450
  10 305
  11 265
  12 543
  13 194
  14 1140
  15 1035
  16 984
  17 94
  18 472
  19 193
  20 1033
  21 781
  22 239
  23 502
  24 993
  25 84
  26 335
  27 1029
  28 269
  29 318
  30 1076
  31 554
  32 229
  33 894
  34 883
  35 521
  36 323
  37 357
  38 306
  39 713
;
param num_partition :=
3
;
param: item partition_index cardinality :=
0 0 4
1 0 12
2 0 16
3 0 10
4 0 39
5 0 6
6 0 12
7 0 9
8 0 17
9 1 6
10 1 11
11 1 1
12 1 36
13 1 32
14 1 19
