param num_bundles := 15;

param num_cust := 40;

param price_reserve :
   1 2 3 4 5 6 7 8 9 10 11 12 13 14 15 :=
1 245 376 515 243 305 316 112 335 493 467 106 226 199 253 203
2 212 152 212 83 242 209 171 241 202 49 141 181 146 175 210
3 347 350 359 225 358 366 357 218 204 464 232 468 354 302 144
4 358 292 238 265 144 363 165 192 271 115 264 181 153 287 328
5 399 278 489 152 470 451 486 299 346 282 219 264 479 340 206
6 363 356 360 288 218 322 282 431 411 445 174 251 142 439 216
7 103 216 236 213 196 200 256 255 217 248 190 281 239 177 137
8 91 97 74 100 108 82 43 80 55 84 118 65 55 57 103
9 132 125 264 250 168 254 130 130 272 254 142 117 123 60 210
10 229 324 60 181 191 309 193 206 308 337 203 245 341 339 241
11 208 253 350 204 187 163 336 147 363 183 281 199 258 63 212
12 244 206 273 151 197 301 333 288 115 333 313 243 170 163 391
13 300 457 161 241 274 489 485 421 177 475 344 192 305 348 92
14 373 267 181 365 357 290 152 289 349 392 262 362 402 256 286
15 448 392 63 209 357 174 240 416 466 283 427 430 133 389 143
16 106 116 112 91 113 84 41 103 104 65 105 112 84 72 121
17 420 261 353 269 62 374 275 302 357 77 277 273 374 381 377
18 259 238 315 142 467 417 311 374 251 330 187 140 274 394 116
19 388 523 496 480 372 266 295 303 506 235 480 456 413 414 499
20 313 291 374 367 344 268 297 225 194 402 329 343 195 39 209
21 464 482 490 362 274 363 334 463 489 446 335 430 464 318 203
22 316 335 326 113 345 338 321 235 179 335 218 339 278 207 145
23 528 451 292 532 178 197 263 472 274 309 34 366 444 412 498
24 413 203 302 232 522 174 333 161 466 371 342 536 559 389 389
25 220 247 315 404 318 102 259 261 347 406 118 327 195 408 183
26 210 266 191 182 266 261 172 272 281 223 185 229 240 107 157
27 256 497 311 257 395 408 274 437 385 267 373 504 501 453 313
28 519 299 487 541 330 165 271 360 324 337 376 427 290 323 268
29 194 194 409 470 318 446 519 145 56 180 376 357 455 349 366
30 414 323 419 254 260 484 188 378 357 359 261 225 479 469 400
31 306 347 467 187 19 388 362 273 513 539 524 325 293 523 157
32 85 80 44 30 111 8 37 63 29 81 90 87 101 76 43
33 96 103 66 94 106 42 80 43 24 62 70 71 118 45 66
34 255 182 253 213 119 44 332 274 307 226 183 172 320 146 183
35 272 259 261 139 66 312 321 334 314 268 322 133 247 263 315
36 208 139 205 80 158 160 42 136 139 55 206 109 142 142 212
37 177 202 202 326 357 133 226 248 363 352 190 284 42 336 277
38 122 298 349 214 446 246 93 432 231 178 280 247 98 452 207
39 471 417 471 288 459 296 425 242 448 412 100 426 304 367 99
40 392 398 150 358 207 190 226 390 243 267 255 199 400 163 336
;

param:   cost_bundl  marginal :=
1 76 119
2 38 114
3 67 53
4 96 102
5 88 54
6 53 109
7 113 68
8 74 76
9 41 44
10 83 34
11 108 103
12 30 93
13 106 108
14 99 121
15 113 113
;
param: buyer budget :=
  0 207
  1 19
  2 269
  3 286
  4 133
  5 172
  6 1010
  7 138
  8 173
  9 49
  10 787
  11 755
  12 1052
  13 532
  14 898
  15 972
  16 444
  17 379
  18 1060
  19 891
  20 888
  21 275
  22 791
  23 406
  24 31
  25 76
  26 217
  27 409
  28 672
  29 383
  30 543
  31 84
  32 1062
  33 51
  34 114
  35 397
  36 976
  37 85
  38 342
  39 126
;
param num_partition :=
3
;
param: item partition_index cardinality :=
0 0 39
1 0 39
2 0 22
3 0 16
4 1 35
5 1 5
6 1 8
7 1 11
8 1 19
9 1 30
10 1 17
11 1 8
12 1 29
13 1 26
14 1 14
