param num_bundles := 15;

param num_cust := 40;

param price_reserve :
   1 2 3 4 5 6 7 8 9 10 11 12 13 14 15 :=
1 232 332 366 411 375 445 443 371 330 391 372 80 295 318 177
2 440 542 247 181 310 473 58 433 370 274 173 172 307 434 387
3 271 252 224 0 265 135 328 298 318 224 91 98 331 323 106
4 211 342 414 166 435 376 96 102 348 193 394 376 184 458 422
5 499 420 448 304 202 436 546 363 216 200 259 143 517 521 159
6 440 430 34 456 193 466 289 245 430 362 179 425 408 447 56
7 298 234 262 242 275 257 424 429 82 448 303 414 417 412 469
8 424 399 416 309 512 525 446 39 192 444 391 432 382 458 202
9 172 169 142 373 347 338 302 356 331 319 259 390 207 380 317
10 450 161 327 564 413 424 357 370 426 338 235 346 258 313 579
11 262 209 241 307 232 398 152 377 420 80 248 326 243 237 253
12 54 93 102 117 114 49 55 44 41 56 94 65 25 66 97
13 309 84 189 294 214 302 178 145 289 21 329 128 315 322 181
14 491 166 372 279 317 415 473 494 402 13 358 449 432 268 394
15 141 374 337 394 348 57 301 257 38 79 141 147 213 287 137
16 227 173 151 204 218 232 202 159 224 157 161 78 234 209 76
17 277 277 464 261 303 450 110 499 411 483 508 385 465 453 336
18 338 198 264 155 280 146 445 199 404 351 143 202 442 352 341
19 146 147 318 97 265 152 352 131 125 290 128 94 342 320 226
20 108 121 54 45 106 122 47 111 81 112 41 109 71 95 52
21 55 139 142 226 81 187 34 105 105 144 208 238 163 24 200
22 225 405 379 143 245 397 548 248 326 463 269 82 381 132 554
23 453 455 415 342 351 310 351 91 232 415 469 424 269 314 308
24 388 140 396 410 179 110 318 193 460 312 188 155 458 301 421
25 215 158 163 319 377 68 190 360 361 213 367 387 230 212 325
26 541 148 51 76 392 505 557 223 258 331 420 391 542 333 265
27 474 402 140 382 352 258 324 361 439 272 117 426 286 137 201
28 300 409 287 381 326 408 263 392 207 231 435 300 202 380 354
29 391 382 370 263 375 161 400 220 332 313 217 387 357 267 250
30 419 127 531 467 536 397 438 499 450 376 477 455 173 364 308
31 164 20 309 190 190 216 301 325 379 115 252 202 56 303 348
32 104 31 61 105 122 99 102 82 83 57 62 99 116 105 74
33 229 277 274 359 300 324 157 324 369 234 153 391 292 338 35
34 241 108 202 221 230 205 225 105 219 163 121 137 219 223 213
35 359 94 429 370 96 423 455 449 382 311 443 102 404 362 169
36 296 245 68 421 284 304 41 413 197 367 87 366 338 427 365
37 49 211 111 365 97 349 296 169 280 262 258 292 201 119 282
38 381 92 337 124 424 247 360 389 373 309 177 275 377 307 136
39 168 186 171 159 243 280 110 124 183 155 79 179 284 93 89
40 279 36 164 97 105 170 268 276 273 125 110 195 56 166 275
;

param:   cost_bundl  marginal :=
1 44 113
2 86 23
3 113 121
4 103 88
5 103 112
6 72 111
7 80 106
8 110 73
9 61 61
10 91 79
11 92 74
12 114 69
13 90 103
14 70 67
15 102 64
;
param: buyer budget :=
  0 53
  1 355
  2 568
  3 136
  4 106
  5 650
  6 435
  7 149
  8 780
  9 336
  10 683
  11 512
  12 580
  13 42
  14 607
  15 1036
  16 201
  17 631
  18 119
  19 1028
  20 905
  21 150
  22 685
  23 581
  24 1134
  25 571
  26 659
  27 755
  28 1083
  29 574
  30 730
  31 358
  32 417
  33 1030
  34 401
  35 963
  36 221
  37 195
  38 762
  39 419
;
param num_partition :=
3
;
param: item partition_index cardinality :=
0 0 31
1 0 25
2 0 2
3 0 32
4 1 23
5 1 4
6 1 15
7 1 25
8 1 9
9 1 26
10 1 15
11 1 29
12 1 21
13 1 38
14 1 34
