param num_bundles := 15;

param num_cust := 40;

param price_reserve :
   1 2 3 4 5 6 7 8 9 10 11 12 13 14 15 :=
1 246 357 438 460 391 366 228 512 161 476 364 423 202 483 481
2 518 246 340 271 484 109 366 149 520 444 84 491 368 506 437
3 326 374 354 358 456 541 224 289 534 463 187 458 170 514 286
4 262 363 188 235 195 298 259 253 308 136 371 345 95 405 268
5 385 278 113 321 465 256 245 476 252 452 481 344 390 348 244
6 176 132 151 318 310 154 265 268 163 281 150 313 275 287 70
7 265 254 121 327 248 320 211 274 300 234 294 333 213 290 185
8 393 74 223 208 238 308 389 405 396 239 281 398 385 304 382
9 116 230 257 167 326 523 543 505 161 410 295 304 528 496 293
10 452 398 286 225 423 384 341 468 279 364 416 413 343 443 428
11 567 242 378 450 402 559 221 289 169 537 184 561 71 295 231
12 494 394 359 452 542 418 525 208 335 413 448 343 405 210 315
13 146 505 555 364 221 538 39 489 145 268 508 294 487 315 368
14 129 359 374 170 355 294 333 394 250 360 57 313 171 327 332
15 427 411 380 398 202 68 566 222 521 543 108 510 340 175 269
16 107 67 76 77 29 39 30 91 90 119 65 51 80 96 72
17 224 473 386 427 475 229 231 329 369 482 498 192 432 131 417
18 480 43 279 369 244 236 432 490 361 418 485 311 299 477 483
19 344 274 222 297 320 268 181 51 350 390 259 44 324 413 283
20 398 223 343 46 396 247 288 15 337 295 363 315 353 344 209
21 392 217 304 247 226 449 410 429 496 466 390 366 84 506 229
22 250 460 317 409 113 167 326 420 481 311 338 188 394 45 155
23 69 304 458 435 227 114 467 313 238 338 359 125 249 259 372
24 243 247 255 243 169 173 135 40 292 156 146 160 234 144 238
25 423 386 254 369 129 517 500 123 255 349 327 400 361 201 316
26 153 335 236 269 339 389 159 380 321 233 281 307 254 368 294
27 486 420 193 237 459 503 480 163 26 229 508 327 319 281 152
28 330 426 106 315 65 339 329 289 176 409 262 221 363 370 152
29 338 459 0 458 133 521 401 296 493 471 328 299 440 436 334
30 271 191 106 266 411 139 440 213 406 240 346 228 206 347 342
31 366 340 435 398 254 296 489 282 120 260 326 47 507 392 275
32 259 182 260 169 290 294 344 289 201 286 245 268 302 120 361
33 156 234 182 259 62 246 168 266 212 140 318 283 296 94 234
34 121 314 216 286 350 387 379 157 115 0 91 301 305 193 244
35 239 508 481 399 579 274 320 426 162 365 367 250 357 353 360
36 168 257 129 288 318 323 284 187 334 171 315 269 255 156 269
37 305 424 140 161 261 186 423 193 229 406 379 168 316 286 371
38 381 297 139 229 364 249 183 296 277 316 148 167 208 201 206
39 73 215 286 280 87 114 157 97 184 276 242 268 205 234 195
40 299 299 165 205 164 206 314 326 166 70 210 226 55 306 294
;

param:   cost_bundl  marginal :=
1 101 107
2 96 113
3 114 121
4 109 103
5 70 116
6 79 77
7 106 108
8 88 100
9 89 109
10 67 71
11 115 69
12 65 85
13 84 76
14 76 62
15 25 96
;
param: buyer budget :=
  0 698
  1 1017
  2 718
  3 640
  4 649
  5 289
  6 440
  7 368
  8 186
  9 281
  10 730
  11 3
  12 315
  13 738
  14 7
  15 661
  16 80
  17 1093
  18 838
  19 121
  20 268
  21 729
  22 847
  23 48
  24 1077
  25 388
  26 1089
  27 891
  28 443
  29 738
  30 189
  31 238
  32 584
  33 961
  34 763
  35 1116
  36 687
  37 704
  38 903
  39 1009
;
param num_partition :=
3
;
param: item partition_index cardinality :=
0 0 11
1 0 27
2 0 4
3 1 26
4 1 23
5 1 29
6 1 23
7 1 15
8 1 11
9 1 29
10 1 19
11 1 21
12 1 33
13 1 22
14 1 33
