param num_bundles := 45;

param num_cust := 40;

param price_reserve :
   1 2 3 4 5 6 7 8 9 10 11 12 13 14 15 16 17 18 19 20 21 22 23 24 25 26 27 28 29 30 31 32 33 34 35 36 37 38 39 40 41 42 43 44 45 :=
1 948 1155 752 1212 581 791 478 1018 713 1009 1125 1041 287 1075 990 620 471 1230 1115 187 1176 613 828 1215 711 1166 489 1186 660 682 904 1055 723 723 417 798 454 762 363 261 992 755 981 1111 868
2 946 838 359 670 881 548 521 597 111 302 450 831 518 695 561 522 384 295 836 504 912 946 814 937 851 822 645 193 645 513 630 770 918 502 816 523 77 896 380 446 869 615 817 810 823
3 793 499 742 842 456 410 638 840 1071 853 276 1125 247 292 1121 769 630 975 759 299 825 605 506 88 488 697 941 657 602 1063 750 241 223 907 513 1064 1016 919 363 935 788 1044 447 1046 537
4 1098 557 605 761 1112 1251 755 961 1016 1102 744 513 643 986 767 1151 1111 775 1000 1234 1301 1018 1290 383 263 1045 103 1112 704 643 938 285 150 829 392 792 1207 85 1240 794 569 1080 940 1199 727
5 753 1510 818 1533 1274 1223 1545 1096 698 1275 900 1028 1532 1018 1495 771 1351 775 392 979 816 1402 781 1331 1507 1546 1224 710 1344 1386 1509 1492 887 976 1542 1486 1205 472 983 1198 1256 1411 1149 282 972
6 799 772 141 795 843 542 770 195 682 595 710 796 815 698 832 156 841 652 602 221 482 544 525 242 594 683 850 814 441 818 784 587 354 388 573 405 438 685 836 822 707 876 867 775 661
7 504 531 370 561 422 392 685 393 385 533 591 477 384 655 460 361 538 268 549 322 469 261 649 675 666 513 684 463 610 642 585 645 641 619 39 345 638 436 145 299 569 633 326 392 236
8 1338 1285 1117 1431 502 1049 1226 1317 1263 1301 1159 754 1370 1126 1127 1248 1053 1397 845 1243 1145 1140 961 877 830 1114 696 355 919 1378 1130 1000 876 774 1369 1298 868 547 1337 873 1263 474 694 158 889
9 526 122 516 568 759 462 672 134 612 123 464 346 686 763 574 65 655 397 241 478 158 483 737 655 597 765 163 658 590 762 550 708 291 669 660 757 569 767 397 249 268 764 183 71 716
10 205 279 433 603 746 623 702 489 647 313 184 532 695 591 651 368 515 680 710 364 566 685 281 447 740 721 759 387 503 769 742 633 751 716 309 197 472 761 505 155 618 550 50 574 563
11 774 1185 1202 173 1056 154 1124 303 1197 901 137 425 445 1196 836 1080 1193 166 1033 1062 763 868 1139 917 650 474 1186 239 748 312 413 790 581 1168 1038 972 622 877 392 796 1011 969 431 1053 390
12 1321 1503 774 660 393 899 512 1247 595 1047 1169 559 950 795 1082 1206 1350 965 1249 1101 708 1421 350 794 999 551 678 1288 1001 932 1506 743 1411 808 176 1158 317 921 1269 625 1166 1215 280 1155 1061
13 896 920 565 401 584 940 820 641 499 577 853 301 692 603 903 897 714 945 895 442 536 740 879 884 735 634 629 911 389 386 449 611 847 120 203 905 715 420 670 788 482 335 843 734 937
14 335 1090 650 1068 960 851 1066 374 1170 573 895 478 975 885 866 1183 708 952 275 644 796 1094 556 724 571 913 278 1043 447 421 648 1095 809 1147 374 668 1113 1155 838 716 724 1076 727 327 459
15 1352 573 1517 1253 1399 1542 1096 930 681 1165 841 587 1409 1510 1259 732 997 1165 1411 1125 1345 962 964 728 339 1488 528 989 1053 1428 1429 370 465 1406 1219 357 1154 1319 1045 1323 1205 1121 893 860 1132
16 424 37 369 309 314 458 507 421 509 128 380 98 428 405 89 338 26 400 474 511 299 356 452 289 467 254 231 344 491 449 269 301 430 162 316 403 214 458 306 511 375 239 360 150 314
17 727 1276 606 991 881 333 1145 1222 939 499 546 1086 794 404 682 1184 1204 890 281 160 1056 364 546 517 720 938 1155 1312 1248 674 594 1061 1098 860 1029 245 1101 1001 1080 486 73 858 827 1100 480
18 807 1033 313 817 999 101 647 1022 713 776 953 1007 482 979 724 186 880 943 769 734 669 964 590 121 942 316 817 850 861 216 509 939 824 173 836 852 517 757 851 130 135 852 228 816 807
19 367 286 556 546 524 373 272 273 443 556 345 290 520 408 575 444 511 349 313 494 369 374 499 415 309 75 252 480 511 73 532 558 307 182 523 439 328 404 196 542 479 295 459 447 521
20 748 837 250 813 499 709 372 644 406 1057 841 426 764 196 585 1070 872 831 738 796 786 809 924 971 874 944 1025 427 513 795 1036 733 1027 761 813 1009 1111 865 469 678 894 258 926 1119 899
21 498 1042 1405 750 998 1114 1429 1309 1412 819 975 1432 1475 808 776 699 439 820 1308 1065 693 774 1181 695 924 213 1035 963 1195 884 1253 710 516 1006 301 1385 1460 1069 399 1365 1255 198 436 526 1413
22 565 1156 674 935 1237 1249 1010 549 1186 777 1285 753 879 971 651 1038 1150 989 1018 699 1097 802 1102 1071 988 704 334 1190 727 633 1044 207 1221 1115 648 1298 290 881 712 292 939 985 326 394 1277
23 1222 355 1100 1158 773 1176 898 1089 1116 786 572 442 1156 574 624 698 414 683 986 420 950 880 543 967 964 799 1222 374 1301 524 892 1095 699 1163 1125 1242 797 758 510 391 855 916 980 1201 725
24 198 413 1092 415 694 391 482 1070 898 785 132 183 875 1063 424 317 972 879 1023 141 931 1093 1013 579 761 196 613 633 692 564 941 297 859 827 572 1092 1062 683 741 290 541 796 338 712 702
25 1064 1201 1424 1365 1107 1532 253 461 1520 392 1537 1149 1328 1373 1139 1424 1362 1559 1144 714 1189 815 606 683 244 851 1477 799 1448 1564 1118 1053 1445 1012 248 1347 1217 1363 692 1482 1137 1370 1288 1562 385
26 807 1312 1153 1231 670 1045 1193 1212 667 1041 388 1186 1318 1315 1054 1111 539 103 1085 964 1076 1139 582 1144 131 1383 532 1109 1188 1328 962 637 1153 1174 686 620 957 1259 968 1194 832 1351 768 679 1346
27 1006 482 338 1255 1219 871 625 884 805 1075 1002 1110 225 1110 1186 647 393 891 1004 943 1169 512 836 948 1218 1004 1041 615 822 1135 930 1261 716 378 877 1264 1038 552 1141 627 1058 932 594 1191 813
28 1069 1481 860 446 1328 1209 1470 190 1379 1137 1006 910 965 1387 1451 290 854 789 1217 1151 789 1364 1312 1306 363 1471 1479 607 1142 1278 1269 1014 1463 1012 553 1127 1439 1394 1072 1275 791 993 502 730 223
29 392 174 825 721 531 440 330 611 251 390 517 146 741 403 809 742 733 341 706 693 676 515 646 757 816 601 659 711 314 811 489 653 696 744 712 575 669 316 798 818 646 456 710 660 786
30 155 351 359 154 384 398 395 240 208 343 167 334 181 303 163 99 199 403 305 274 262 100 265 334 317 352 400 280 247 359 364 139 410 262 173 346 304 329 388 366 377 410 125 174 74
31 287 658 870 770 660 382 851 574 141 845 820 251 209 839 695 912 267 519 337 693 842 232 653 914 732 620 688 844 768 891 854 453 569 805 144 357 375 636 504 808 682 874 778 266 587
32 590 553 580 619 527 680 574 650 656 510 679 613 683 198 679 315 630 387 343 592 556 607 166 562 366 617 671 573 284 157 672 529 622 583 484 169 609 667 303 310 670 613 507 489 517
33 205 683 489 685 112 530 687 392 89 678 669 536 335 634 421 322 674 674 290 605 649 295 547 229 553 448 294 618 410 717 346 303 363 158 418 443 517 350 449 188 691 339 570 428 674
34 1040 554 1154 1102 1004 1126 844 1095 634 1175 1027 623 356 1093 351 630 448 370 910 708 1158 1163 557 994 1093 417 1099 791 543 564 679 1102 915 1025 1207 649 912 763 1274 1263 519 1103 1270 382 534
35 74 83 458 273 378 489 496 442 455 125 411 474 446 393 362 280 95 433 222 441 202 345 441 485 495 108 252 175 510 449 248 176 282 160 476 304 399 386 507 508 315 239 468 344 207
36 276 128 663 724 766 393 408 476 973 1039 1393 741 1026 1323 1028 1475 1258 543 1188 1368 867 44 1282 1473 642 1470 1337 222 126 253 1104 1079 440 1287 998 976 1378 1423 216 1237 1380 511 852 557 1406
37 1078 1054 498 711 830 1177 665 616 1027 561 1047 585 924 669 782 511 866 477 1158 875 641 873 925 518 428 805 1129 814 1142 483 980 887 1128 1020 261 527 1127 402 517 630 450 1072 695 1143 886
38 1102 790 1098 683 554 311 691 1145 407 1115 1032 1242 1123 1194 1097 930 1029 401 1234 1090 538 1185 1089 425 1178 1196 700 870 998 815 1244 398 1117 1201 718 950 743 1061 620 877 940 1209 352 1157 903
39 446 738 286 524 1148 787 1144 1092 1130 976 390 624 800 1008 497 988 476 609 1081 1007 931 954 1151 859 399 1151 736 870 575 642 672 671 530 218 252 781 475 1113 816 712 957 888 491 946 832
40 1154 1342 1251 1276 853 1335 619 1416 1169 1459 689 1143 1286 492 513 1269 989 1349 1268 1004 1266 965 668 961 1114 1352 1278 1289 1147 785 1414 900 990 817 1323 606 1101 1079 1011 835 1357 1394 949 445 1476
;

param:   cost_bundl  marginal :=
1 195 129
2 103 149
3 53 150
4 73 82
5 52 80
6 73 160
7 209 158
8 191 141
9 174 148
10 186 203
11 144 167
12 108 150
13 136 153
14 123 21
15 81 196
16 48 78
17 137 148
18 97 67
19 171 64
20 71 163
21 208 191
22 131 24
23 109 93
24 154 205
25 112 175
26 109 207
27 174 151
28 148 67
29 146 181
30 66 148
31 116 189
32 180 105
33 208 212
34 156 143
35 127 58
36 130 175
37 131 132
38 172 96
39 102 165
40 190 150
41 191 174
42 166 91
43 164 105
44 75 33
45 175 151
;
param: buyer budget :=
  0 1421
  1 640
  2 1432
  3 1447
  4 1556
  5 301
  6 1015
  7 736
  8 683
  9 1112
  10 128
  11 135
  12 155
  13 1292
  14 863
  15 1484
  16 748
  17 469
  18 298
  19 1284
  20 130
  21 323
  22 1029
  23 1496
  24 1466
  25 1196
  26 746
  27 1316
  28 142
  29 425
  30 837
  31 1111
  32 1250
  33 634
  34 119
  35 433
  36 1008
  37 797
  38 1277
  39 734
;
param num_partition :=
2
;
param: item partition_index cardinality :=
0 0 18
1 0 3
2 0 2
3 0 8
4 0 22
5 0 2
6 0 25
7 0 14
8 0 30
9 0 31
10 0 17
11 0 4
12 0 8
13 0 37
14 0 26
15 0 27
16 0 3
17 0 8
18 0 1
19 0 39
20 0 16
21 0 6
22 0 23
23 0 29
24 0 7
25 0 21
26 0 17
27 0 34
28 0 28
29 0 22
30 0 14
31 0 34
32 0 16
33 0 37
34 0 11
35 0 23
36 0 34
37 0 21
38 0 17
39 0 5
40 0 3
41 0 24
42 0 34
43 0 25
44 0 30
