param num_bundles := 45;

param num_cust := 40;

param price_reserve :
   1 2 3 4 5 6 7 8 9 10 11 12 13 14 15 16 17 18 19 20 21 22 23 24 25 26 27 28 29 30 31 32 33 34 35 36 37 38 39 40 41 42 43 44 45 :=
1 334 588 549 812 1274 97 1221 491 993 1234 976 964 633 1202 371 506 735 414 1213 856 552 700 1271 830 314 1014 560 684 93 1258 1291 987 220 427 1002 1164 444 1232 548 929 1083 1178 840 1171 171
2 264 423 213 249 193 303 242 182 391 308 266 385 132 282 262 420 253 182 214 253 221 306 86 297 405 345 388 110 142 268 86 283 75 269 265 161 353 205 398 283 59 332 233 212 191
3 686 1088 835 551 783 625 558 421 854 688 734 690 1045 584 720 199 881 585 1064 715 1049 752 885 1059 1066 900 977 860 803 730 661 1027 270 781 964 293 934 637 311 974 412 339 796 1022 1007
4 792 782 770 1322 1129 398 876 1317 318 1284 1157 802 317 987 1244 967 1260 1420 970 456 1363 1091 1193 393 1271 815 1386 1228 1244 1026 1383 679 1562 1266 1015 1553 459 1091 576 771 1462 1576 1000 982 1044
5 1296 1150 1571 643 247 1008 988 1385 1438 1493 618 554 620 1318 1385 1554 1043 1139 1071 1228 1005 559 294 1329 1505 1550 799 1542 1394 800 1552 322 291 1199 1427 1449 1075 623 1264 670 1031 1107 820 1147 918
6 874 846 383 571 1249 725 789 603 1303 1134 625 1275 875 1136 1298 1269 718 1216 1087 514 813 1043 987 298 1287 1126 982 1183 1197 1052 1146 527 1125 392 931 1162 760 1171 788 907 1169 425 1235 764 1249
7 1534 1071 904 1122 1270 1116 1268 1323 671 1487 1276 1293 1437 862 648 1191 1374 1162 1524 1327 340 295 544 1195 588 1295 1500 802 1203 498 520 653 1180 892 1108 869 1397 433 1018 793 591 1019 1365 952 1068
8 837 1073 867 596 695 1451 1349 1299 1024 1274 419 952 1386 1147 777 718 1155 1397 656 1432 784 1237 335 1346 738 546 803 1258 1103 665 1011 1270 855 1081 1316 1302 974 969 806 539 472 365 526 1110 409
9 597 399 476 612 201 277 575 113 504 562 435 440 437 300 602 631 330 597 546 280 551 583 245 351 498 620 603 615 459 399 429 318 349 457 579 607 353 565 470 619 598 508 137 392 260
10 652 1373 918 1019 387 790 780 1036 1016 994 1050 525 1091 1276 49 1245 859 1337 969 1113 878 598 743 499 791 1434 683 1005 820 1027 795 206 639 1361 165 1391 1265 1402 559 241 1261 922 615 777 691
11 1297 1472 900 1248 1375 1501 1195 1131 1236 1087 1252 473 1199 1212 768 736 1196 1170 865 1294 1053 366 1043 399 1188 688 880 833 599 486 1078 1164 997 609 1424 827 669 1431 475 1293 1032 471 1448 634 1177
12 204 454 825 858 189 876 524 291 514 427 762 583 846 881 299 817 644 582 387 823 470 597 714 720 261 807 556 664 404 58 806 780 859 272 484 415 413 597 619 688 412 635 361 502 686
13 325 560 555 491 454 645 705 199 575 670 436 557 522 766 604 638 635 156 330 530 564 653 678 409 529 492 331 567 629 623 640 704 307 591 589 770 720 114 506 739 582 451 566 403 356
14 953 1165 728 313 979 704 852 836 1151 1069 789 898 457 714 709 870 1129 411 669 666 1130 827 589 777 819 367 582 1026 1024 681 1145 634 513 525 634 811 1059 829 810 1072 688 779 1089 389 1122
15 500 79 629 199 479 299 608 206 606 314 99 261 458 633 232 293 533 578 345 263 471 412 616 622 43 411 418 625 477 589 440 398 632 478 471 600 530 150 74 276 512 558 526 466 574
16 757 1411 42 1016 843 561 1069 697 394 1413 772 662 1140 1153 1092 1318 1365 143 1230 283 1010 764 1137 951 1203 1339 1353 905 590 377 1236 1274 1110 1038 1278 1263 686 1330 1052 888 562 1261 1236 1128 1410
17 545 322 497 145 542 547 676 293 361 567 778 601 324 368 696 496 282 253 799 803 600 767 371 260 685 523 458 298 453 500 801 408 616 644 595 792 770 488 784 752 484 807 753 709 735
18 1003 928 645 1405 1242 1088 1346 1351 972 1177 934 1178 1251 1156 897 941 733 766 356 1426 937 1165 600 1399 515 821 752 927 280 818 485 1348 984 549 528 1163 748 1360 869 457 901 1418 1271 949 266
19 641 913 1062 1109 983 715 808 613 280 1012 517 416 260 888 488 236 310 458 428 626 1072 711 247 859 1093 825 600 421 745 368 1000 963 621 535 188 546 1018 1023 590 378 960 815 776 1051 503
20 268 481 622 549 409 556 531 626 384 627 585 597 512 270 479 403 379 513 618 226 387 440 500 246 231 480 495 630 498 340 297 139 324 528 574 16 353 526 310 379 388 438 634 337 507
21 1104 1517 1398 1259 1536 1263 1443 1517 123 637 1531 560 896 585 1235 1407 1527 1491 985 1088 816 285 627 1223 585 987 1196 1372 1140 1511 435 1372 1307 1387 224 954 1435 495 787 251 708 678 780 1284 747
22 497 706 507 453 626 697 597 336 358 277 481 392 698 713 713 262 178 629 668 369 311 581 390 255 594 260 445 544 451 626 705 142 550 439 84 645 175 588 374 698 492 402 697 577 290
23 1407 1391 637 380 1344 1396 814 528 608 812 1265 1460 1333 1075 1489 1333 1039 1399 1474 805 1128 659 784 86 138 438 1189 1318 1450 708 1234 1125 1198 912 1087 656 1458 610 871 1139 437 1383 511 1295 1276
24 1133 1208 1220 777 1002 1000 1092 503 526 737 268 529 323 972 1054 773 724 816 981 396 960 933 1017 1166 718 573 1229 1138 840 1048 1207 757 812 1180 857 1251 1082 1089 593 487 1022 1226 751 332 1214
25 922 210 1427 867 1399 846 1329 1497 1284 808 853 1468 437 1337 1346 1026 1153 1523 1533 775 1227 1535 1165 1471 753 859 583 1553 1581 1469 1242 1288 864 1552 808 1390 1442 526 576 1224 1037 777 1286 1442 1217
26 1401 746 1146 439 1106 825 483 1334 1509 1053 391 772 608 1381 756 1466 1374 1134 773 402 1350 702 857 1182 1116 463 845 1277 1210 805 840 865 1251 1361 1517 617 1395 961 935 939 481 184 1174 1496 1392
27 317 530 543 1138 971 711 1001 1148 477 718 731 229 895 862 850 197 1166 638 1151 814 531 758 1165 931 908 1010 910 1093 1055 1059 1205 1080 956 250 701 476 916 314 1196 1200 480 1001 787 911 1093
28 813 717 619 582 780 787 476 273 206 365 681 281 242 436 375 411 469 45 854 149 160 380 249 627 780 756 498 650 811 602 741 774 729 736 148 295 437 528 497 477 669 282 259 614 655
29 1235 327 1227 946 1082 385 886 841 981 531 793 905 952 1307 750 1342 1288 931 748 920 229 1140 1114 785 1164 691 666 1163 564 849 636 821 947 644 851 953 1159 964 1253 1164 1245 898 625 1338 951
30 229 903 687 921 800 914 750 426 456 974 894 678 794 896 83 509 953 493 720 572 313 834 251 742 116 721 578 747 518 550 417 558 200 819 682 915 741 719 695 930 151 960 593 276 476
31 493 221 180 917 962 802 804 748 130 610 545 898 722 580 282 311 594 305 342 685 284 215 621 672 936 630 1005 894 885 776 812 555 980 652 871 712 513 734 936 1002 958 850 508 899 129
32 1054 928 1177 1287 177 754 762 957 267 1215 867 820 1093 1152 1189 1306 851 1081 1129 1102 739 592 311 1222 1081 887 447 997 244 1259 511 884 593 1353 1341 116 904 630 911 917 1328 1346 1341 203 1075
33 1234 1169 769 1133 940 1260 925 441 778 1018 1270 802 810 682 306 839 1169 876 826 1221 374 1103 752 1346 1331 1161 1073 856 1023 321 893 525 970 1033 250 379 452 1201 368 1084 517 129 717 1302 385
34 893 1149 886 1324 1450 1492 747 1602 1486 1097 1488 777 951 864 1258 967 544 401 720 1355 769 531 1093 1509 1432 1597 993 1370 1223 1372 1593 484 1135 766 1168 1469 1232 1286 935 879 1064 696 1490 471 1315
35 715 255 607 549 590 277 682 616 355 506 324 421 650 710 524 388 69 694 523 715 647 462 387 614 582 134 352 560 689 582 546 399 270 695 330 667 562 688 532 306 343 512 406 705 680
36 1055 705 759 897 797 943 372 860 709 1303 358 106 960 672 1113 1076 1118 562 683 1230 1182 1346 1227 368 1351 870 943 770 1157 1356 783 1214 1033 719 1201 1107 972 883 749 454 339 1041 447 628 537
37 894 594 882 203 710 765 671 854 410 777 666 702 878 777 930 765 687 559 850 334 806 559 684 913 406 127 488 895 937 542 932 539 796 437 719 718 902 759 685 488 815 640 456 248 210
38 865 1215 1292 586 805 334 852 1243 557 1335 132 1163 1338 713 449 841 1016 1150 513 325 493 321 1284 660 955 791 1200 1089 1187 189 425 180 204 698 1287 1268 861 1177 609 922 1274 913 1251 946 792
39 499 1277 1415 1048 1340 1277 981 1149 417 1019 732 394 190 1108 1075 398 432 650 788 1010 786 448 872 428 888 753 1481 1367 865 1436 863 799 1162 1281 1212 1480 688 611 194 632 738 1362 929 874 1457
40 267 252 219 34 362 263 274 227 423 369 295 285 259 420 421 346 291 211 298 378 366 298 369 306 422 309 420 416 353 266 166 260 317 368 176 389 325 379 371 226 273 52 348 396 392
;

param:   cost_bundl  marginal :=
1 193 193
2 157 108
3 37 198
4 48 189
5 155 198
6 197 125
7 10 128
8 181 146
9 158 92
10 203 102
11 134 24
12 205 124
13 95 104
14 133 172
15 74 76
16 189 133
17 140 120
18 47 199
19 194 211
20 89 208
21 192 202
22 66 118
23 128 71
24 130 203
25 176 206
26 210 64
27 192 136
28 37 203
29 120 191
30 99 158
31 182 65
32 167 186
33 127 201
34 202 5
35 28 172
36 190 136
37 143 140
38 147 108
39 176 112
40 88 169
41 59 34
42 50 98
43 200 186
44 148 36
45 164 74
;
param: buyer budget :=
  0 914
  1 823
  2 275
  3 17
  4 1001
  5 1435
  6 591
  7 1219
  8 554
  9 1111
  10 1528
  11 1396
  12 1112
  13 472
  14 323
  15 501
  16 662
  17 822
  18 254
  19 1066
  20 1561
  21 1311
  22 712
  23 497
  24 1199
  25 1041
  26 1034
  27 481
  28 246
  29 328
  30 1509
  31 847
  32 1597
  33 368
  34 270
  35 908
  36 1463
  37 1329
  38 1062
  39 790
;
param num_partition :=
2
;
param: item partition_index cardinality :=
0 0 33
1 0 28
2 0 2
3 0 17
4 0 34
5 0 31
6 0 5
7 0 1
8 0 19
9 0 37
10 0 18
11 0 21
12 0 20
13 0 4
14 0 20
15 0 28
16 0 7
17 0 35
18 0 8
19 0 6
20 0 19
21 0 7
22 0 8
23 0 31
24 0 13
25 0 4
26 0 4
27 0 16
28 0 36
29 0 38
30 0 23
31 0 38
32 0 24
33 0 31
34 0 24
35 0 14
36 0 20
37 0 2
38 0 33
39 0 31
40 0 13
41 0 10
42 0 1
43 0 24
44 0 2
