param num_bundles := 45;

param num_cust := 40;

param price_reserve :
   1 2 3 4 5 6 7 8 9 10 11 12 13 14 15 16 17 18 19 20 21 22 23 24 25 26 27 28 29 30 31 32 33 34 35 36 37 38 39 40 41 42 43 44 45 :=
1 1394 422 1371 1287 1399 669 864 1349 983 508 851 359 481 744 556 844 1139 1313 704 831 844 1380 1030 655 675 940 989 1138 493 866 876 503 798 1138 791 766 1041 699 1302 1055 253 907 1274 1199 531
2 1534 824 886 868 855 904 734 275 1206 1505 947 498 1409 856 1400 443 1519 342 241 962 1379 1282 1533 902 939 1531 351 219 1267 168 1355 1438 1378 1495 1101 678 190 1240 569 1276 1494 1485 1291 864 1336
3 864 307 253 521 525 969 268 711 198 589 444 926 480 788 177 271 470 909 967 513 648 663 732 240 230 677 617 618 1056 717 713 424 616 856 974 786 902 734 495 61 738 861 943 306 739
4 313 565 769 669 207 843 370 667 474 768 585 768 568 368 437 333 685 880 784 531 542 600 736 866 774 835 779 731 686 833 675 514 478 619 570 225 662 632 708 650 825 767 194 808 852
5 984 955 1067 487 896 724 1040 565 580 985 983 475 718 412 1007 662 706 727 759 986 866 1028 463 1001 622 657 835 857 619 869 967 424 885 763 473 959 1028 916 483 630 618 101 610 201 441
6 1258 33 1454 1321 1571 854 1312 1584 218 1294 897 1086 1181 1337 1385 1570 1220 1365 1246 1570 1304 1015 792 656 799 738 723 615 623 488 1504 537 1227 1226 1533 915 1217 1354 877 748 611 1356 791 1501 1190
7 535 519 352 289 615 464 547 367 493 338 154 178 438 13 213 631 571 279 522 616 587 605 572 594 580 513 384 629 515 613 449 617 488 470 446 529 512 598 238 509 252 302 569 257 627
8 701 317 579 264 792 553 438 662 656 760 488 318 106 704 103 81 243 339 428 772 350 763 789 664 799 688 485 696 804 717 404 811 654 726 695 667 531 607 478 543 724 811 348 764 604
9 543 1058 940 1104 189 1004 958 769 129 763 618 956 753 205 181 496 817 512 578 752 646 969 818 551 533 506 888 685 794 1072 825 843 1063 737 726 1036 1031 983 959 685 1035 1110 816 307 782
10 429 1281 1357 727 574 634 766 975 1242 1206 974 998 772 1534 782 939 670 1269 1144 832 1205 1557 1219 1604 1410 1196 1276 1000 890 974 918 1265 1380 777 1392 701 314 645 191 1548 270 1294 544 898 532
11 634 429 213 746 1242 525 1155 809 448 876 1184 718 729 1001 1079 678 549 371 1232 409 1045 559 1156 754 320 386 1224 884 887 969 928 1251 642 837 911 739 476 344 1093 1270 1070 369 548 776 1160
12 884 1083 954 269 792 1179 1088 280 1148 535 809 1064 558 1011 343 369 599 1078 704 721 1013 517 542 954 766 499 1175 342 476 1073 660 327 984 1009 987 751 900 581 1135 1178 511 1132 1049 799 1062
13 1067 1326 987 953 69 492 303 638 511 927 1124 1176 717 528 1124 1123 907 644 467 1334 963 1085 1346 697 1097 1233 643 1385 163 1212 1192 788 475 912 677 977 1160 1234 828 1183 934 786 991 238 1329
14 1426 1055 1535 1296 490 1483 829 434 1075 775 1420 935 785 1035 1513 344 1416 1403 938 1536 1414 456 1338 721 1581 1069 380 1281 1475 997 1422 1310 1122 1423 407 1477 1501 677 618 1240 1177 346 1057 876 734
15 397 925 652 845 1159 1245 836 1489 1073 886 758 1175 68 620 939 1381 1245 980 1000 1073 1253 1425 554 860 1598 511 1563 512 411 1115 747 1370 1053 1406 1517 1614 200 1410 764 1498 1452 1464 874 1469 1404
16 986 659 218 1249 1062 742 475 1299 1033 1102 381 500 1352 763 1295 976 780 1108 1131 478 449 1252 672 697 893 184 487 570 1161 915 912 330 1206 745 310 932 940 1083 693 1039 934 1110 1007 1235 1335
17 1462 1280 1205 1046 204 1407 681 822 674 961 517 1399 1318 909 817 1129 918 1371 1213 972 325 1260 168 664 1230 394 334 337 1024 682 1338 1377 1478 800 1184 1475 1212 1411 1308 654 981 1324 588 534 802
18 753 1279 1501 734 866 1347 1222 1265 1304 831 1098 437 1345 529 1413 672 1074 357 1456 983 1250 1255 374 1033 1319 645 1356 398 1236 1515 1147 261 887 549 378 1352 824 718 607 1032 1203 1282 1063 1096 1100
19 299 248 176 230 347 336 537 442 339 563 577 527 356 464 539 574 507 309 501 393 372 407 578 514 116 359 270 559 529 249 543 216 324 521 402 150 333 324 227 463 377 376 464 553 538
20 1216 1126 593 1160 803 977 738 606 944 974 1034 1030 820 128 787 255 694 421 1027 1062 873 1052 957 819 413 545 1082 1076 948 1217 411 683 1200 986 670 1009 213 930 1190 1057 233 777 1064 144 947
21 716 580 372 678 188 314 611 695 451 724 595 602 768 239 660 371 176 368 433 193 190 451 554 770 446 480 765 748 547 612 512 397 439 721 383 516 600 110 633 616 332 752 240 772 496
22 859 596 1071 799 897 443 339 1022 1049 787 173 1163 1227 850 838 433 836 987 891 812 1090 583 603 768 653 1133 912 668 671 1089 311 507 643 1187 1072 381 1142 819 773 897 650 1006 960 1109 998
23 886 666 1243 1414 1154 799 200 1297 1311 1499 731 360 959 956 567 1289 466 514 1389 1000 1518 1141 1344 1501 1417 517 772 1433 1140 855 1171 829 916 1261 1124 1240 748 1329 1553 995 1480 1386 115 1431 1062
24 1004 750 1112 1349 1021 1240 1326 586 1319 1064 1226 585 371 829 1042 1313 888 1178 1164 1134 1111 583 486 974 1302 1139 1290 214 1103 1021 798 913 669 1346 892 597 1156 977 737 1288 794 1211 540 858 845
25 495 1013 1124 1140 827 837 1109 425 517 589 1153 538 593 240 699 869 1189 815 736 880 1040 547 594 1080 653 748 841 1166 1201 1134 1168 935 442 1054 689 750 961 1006 1023 842 1090 766 835 1104 702
26 1284 569 490 1327 1512 956 186 845 1527 519 1549 758 1136 355 954 961 804 979 1031 901 853 1497 1420 905 916 525 1046 960 401 1176 1193 1101 406 1204 1076 1507 647 806 1128 315 742 793 197 1417 1192
27 1092 1043 1301 500 1312 112 826 1157 1145 1257 1130 1187 1165 1106 1123 987 912 1146 355 939 1137 885 360 1150 744 1033 839 1032 1220 1205 1313 83 953 1322 1082 1068 1216 194 1302 1021 726 1349 1324 1269 471
28 691 963 727 796 858 513 987 800 370 577 891 852 743 710 778 591 299 660 455 282 768 456 803 415 1064 741 418 897 557 878 1057 835 989 190 1077 356 87 756 561 800 884 629 435 1033 963
29 929 563 922 693 412 1028 1166 1049 556 860 913 1232 1020 1081 607 1174 1176 782 413 1218 1052 1157 1079 1117 829 262 768 855 1250 1310 241 851 1268 706 1236 885 501 1114 610 1005 1177 550 1013 1091 712
30 830 835 784 346 807 936 978 748 470 995 899 938 457 232 693 971 97 921 930 666 926 793 809 31 584 722 164 856 455 343 158 989 1006 257 989 735 904 482 453 538 910 331 1051 702 874
31 859 713 1107 1244 565 961 1011 444 981 140 1296 927 825 464 1210 1251 952 1327 777 1157 1104 1195 1000 461 1230 1014 960 970 1192 257 814 569 654 428 1132 956 682 554 471 1156 815 1252 1235 641 794
32 867 823 690 576 483 827 866 696 658 462 749 291 397 805 787 421 126 897 76 402 886 894 602 727 654 152 889 205 849 761 204 768 768 451 371 292 831 322 547 486 755 864 800 775 730
33 920 545 1249 961 468 884 825 1069 768 625 656 1026 719 1102 562 331 707 752 334 1010 903 1199 680 456 1017 110 397 1231 1042 1251 780 633 554 1156 823 501 287 1146 984 493 875 753 552 505 300
34 356 678 580 1480 1463 710 361 879 1223 1000 965 1030 1215 1011 1126 970 245 1393 1103 894 1409 216 1304 1151 1449 1201 1396 1149 1133 930 1486 1337 1072 438 1384 1301 892 1278 474 771 1480 894 1460 792 1434
35 266 927 848 361 657 949 411 516 830 952 787 1141 588 1087 1101 671 1108 940 1095 716 947 689 965 762 533 428 1070 756 915 835 859 924 837 984 1051 522 435 1092 853 651 753 931 577 987 1138
36 1256 1076 1547 1581 990 826 921 739 1430 1432 1564 542 1400 1577 185 1002 1234 317 1199 1481 624 1016 924 1303 610 727 764 1019 1153 1481 1377 1461 1352 1512 1273 1227 851 1136 985 898 633 1014 758 707 1452
37 1077 846 832 672 969 458 585 784 1100 826 684 1045 663 1043 1030 655 901 849 868 845 928 746 1120 393 392 1150 877 961 425 1070 645 681 242 1155 814 1086 767 542 875 774 792 722 935 1140 719
38 437 732 721 409 102 571 368 801 604 816 420 585 823 824 164 218 643 573 858 805 426 832 238 157 775 814 693 865 498 506 604 561 339 526 305 665 862 739 594 880 496 812 722 790 715
39 488 1095 1158 514 695 447 220 720 896 1015 1157 1322 901 1287 712 626 752 1025 977 1083 952 289 801 709 673 1290 637 1234 840 1149 777 1289 1232 859 1141 822 162 1123 1184 637 541 1348 1046 417 947
40 403 489 371 739 560 376 575 806 465 738 538 628 302 143 663 704 245 505 200 368 516 765 483 294 789 777 610 687 574 309 535 527 744 653 87 769 560 465 780 692 564 515 604 509 792
;

param:   cost_bundl  marginal :=
1 131 152
2 86 114
3 130 171
4 184 108
5 167 72
6 191 106
7 94 152
8 173 162
9 138 171
10 116 132
11 158 211
12 131 175
13 149 80
14 211 183
15 210 52
16 109 165
17 178 190
18 166 210
19 71 183
20 195 161
21 108 193
22 185 105
23 120 189
24 93 204
25 179 65
26 180 103
27 169 196
28 187 193
29 48 164
30 182 208
31 89 144
32 150 121
33 171 163
34 193 88
35 49 210
36 179 183
37 113 110
38 151 168
39 176 202
40 157 91
41 139 170
42 168 186
43 175 76
44 109 174
45 107 199
;
param: buyer budget :=
  0 1429
  1 665
  2 146
  3 1238
  4 349
  5 1321
  6 1418
  7 526
  8 948
  9 1395
  10 1078
  11 609
  12 911
  13 68
  14 1297
  15 71
  16 971
  17 147
  18 385
  19 415
  20 469
  21 1497
  22 768
  23 1141
  24 489
  25 1235
  26 1227
  27 1391
  28 716
  29 1587
  30 253
  31 387
  32 592
  33 289
  34 1053
  35 780
  36 1162
  37 1431
  38 369
  39 1462
;
param num_partition :=
2
;
param: item partition_index cardinality :=
0 0 18
1 0 19
2 0 9
3 0 7
4 0 31
5 0 33
6 0 32
7 0 21
8 0 3
9 0 26
10 0 29
11 0 12
12 0 38
13 0 37
14 0 2
15 0 36
16 0 18
17 0 4
18 0 30
19 0 21
20 0 34
21 0 36
22 0 31
23 0 3
24 0 28
25 0 12
26 0 35
27 0 39
28 0 24
29 0 39
30 0 20
31 0 38
32 0 35
33 0 24
34 0 2
35 0 4
36 0 13
37 0 12
38 0 35
39 0 34
40 0 37
41 0 26
42 0 2
43 0 22
44 0 3
