param num_bundles := 45;

param num_cust := 40;

param price_reserve :
   1 2 3 4 5 6 7 8 9 10 11 12 13 14 15 16 17 18 19 20 21 22 23 24 25 26 27 28 29 30 31 32 33 34 35 36 37 38 39 40 41 42 43 44 45 :=
1 786 659 575 430 674 362 469 527 756 750 656 245 762 754 605 511 623 592 428 549 277 627 270 640 233 742 185 153 730 363 357 350 169 647 803 458 460 651 619 723 718 529 594 762 591
2 1240 447 466 1066 1161 1180 947 1113 50 708 1333 731 813 821 986 1289 1249 1261 1079 1213 1367 362 799 937 608 1205 168 1260 783 350 1211 1245 675 715 1123 936 1259 181 1035 748 663 692 1122 1196 944
3 724 139 387 633 883 463 643 868 584 740 445 269 321 309 366 571 779 666 667 877 727 829 584 592 883 504 707 303 750 770 618 609 728 679 310 491 717 479 679 713 518 69 660 863 623
4 355 410 765 908 358 304 699 327 703 905 302 544 464 677 402 317 321 595 809 895 463 640 899 429 651 547 782 372 326 571 420 90 654 465 718 904 505 734 617 646 781 702 761 888 770
5 592 474 258 601 612 313 454 572 489 466 236 612 346 452 625 287 174 580 412 475 404 573 548 352 280 466 470 524 500 369 563 471 514 155 365 313 464 583 369 357 76 558 396 479 436
6 960 330 596 506 416 865 816 692 827 897 674 560 728 775 872 935 920 308 766 362 889 964 736 155 876 994 174 977 457 710 477 722 753 491 810 642 547 980 465 218 357 496 880 522 877
7 884 993 1420 1386 1146 1355 1374 1253 1213 1082 625 1294 1193 1217 1123 496 198 68 346 857 872 953 1048 817 1388 1104 1119 284 1422 1009 474 1215 1055 927 722 978 1125 521 1403 1327 1233 1429 1117 1192 1362
8 542 1412 1381 1180 775 868 1192 427 1004 1391 966 612 1258 816 1087 1399 734 1418 1295 665 1355 990 1419 1378 1126 1231 1247 1110 979 1359 594 709 933 382 129 293 1226 1335 83 947 500 880 1004 863 1183
9 431 289 373 765 537 544 675 731 782 787 812 425 715 316 490 79 660 645 621 816 398 779 844 653 546 667 108 775 216 348 323 594 730 571 838 642 814 608 656 759 504 378 677 794 771
10 1221 385 1524 1271 1294 1500 1092 810 1432 1446 1261 729 893 1029 1202 1483 894 978 1180 711 998 677 783 1000 996 1321 1481 1227 1040 348 727 178 1557 1386 148 1505 550 589 1519 487 1513 890 1544 944 1303
11 1286 733 536 810 595 322 435 790 938 1324 490 1126 1237 1348 742 1340 787 1167 1550 1201 1381 668 1427 872 358 1163 1206 322 1458 549 1516 1116 1041 221 1092 1343 1413 1462 188 980 733 1603 653 624 1327
12 950 750 997 989 1058 778 981 502 1028 628 164 757 1087 847 569 417 1290 1155 1197 1143 674 1152 887 446 822 1203 116 452 1025 665 787 901 1246 1073 1044 1174 1175 732 959 563 289 324 700 835 581
13 1282 986 849 955 88 1251 1015 1304 1340 1327 1567 1122 1450 1440 691 1363 1006 496 867 878 1383 976 1161 901 721 381 389 216 1437 1181 1171 1470 1227 989 1253 1477 1363 1582 40 1183 1391 1220 713 1415 434
14 522 994 1138 1125 236 1223 862 1054 335 1265 789 905 935 1025 1122 1284 526 374 457 1215 978 963 1267 992 934 1218 1040 494 1260 419 1042 601 1207 1283 963 997 1205 1235 1287 676 974 500 1119 1139 1117
15 805 1072 1004 916 921 1032 1067 615 993 458 983 1057 618 173 958 778 1024 579 635 799 555 574 942 916 688 510 112 280 731 1008 1014 1001 382 697 391 1014 711 98 612 875 503 881 536 984 399
16 259 402 471 382 463 270 320 27 336 245 484 404 326 352 350 167 131 440 300 212 326 395 479 502 189 218 190 135 419 248 203 101 389 503 396 432 111 252 302 473 409 467 475 499 364
17 1097 1285 1369 939 1193 898 771 1191 964 162 693 711 589 599 1284 735 1359 1269 1095 1317 880 1369 1078 1034 1255 250 1121 463 1366 416 258 1364 1122 884 1213 928 1116 1176 569 1292 1306 210 388 517 990
18 1322 1105 515 602 738 1585 1522 1306 1562 501 744 1423 1583 1138 1006 1245 1540 1080 1008 1471 1267 377 404 467 929 743 951 1187 924 1528 686 676 572 900 680 1464 596 588 650 590 1442 1347 1566 1383 1092
19 872 1163 1213 972 992 1102 1394 1447 271 1447 333 1443 1414 1104 1081 1155 994 1092 1535 1092 1535 1553 558 541 1454 1146 1178 1169 1495 1000 1184 778 1047 1149 1347 1428 1316 149 838 464 1238 881 324 472 1190
20 1386 1350 675 1480 252 992 192 667 423 382 947 1226 1221 941 1232 841 1444 1143 985 1120 1290 1201 852 1241 1446 1356 1256 1438 992 592 625 1367 930 1449 905 1508 834 292 579 267 1225 799 1404 476 1133
21 956 1043 617 736 743 985 991 631 1152 672 1164 620 1223 1011 712 421 475 402 713 371 1147 1143 494 988 1192 920 383 969 1238 830 1130 593 905 1069 951 1105 654 656 770 478 834 1233 1095 1017 359
22 763 697 572 673 612 717 402 282 838 197 685 252 496 451 468 779 280 767 123 824 403 667 758 748 662 767 136 219 399 712 771 612 661 616 683 480 470 749 742 540 584 517 544 305 275
23 640 1194 1315 1249 1323 776 855 992 1327 851 1288 1385 261 925 733 1306 1414 266 1039 1416 854 486 601 1137 1387 827 1273 1411 992 1240 333 1307 1259 1216 777 1007 977 1235 1371 889 833 669 1328 1342 434
24 1055 689 895 1176 707 424 808 560 1189 680 1194 642 811 1118 728 1185 446 1134 946 1115 736 1114 369 1192 717 1182 905 1231 1171 179 1059 328 1217 671 317 713 826 184 969 737 1124 1184 957 1183 1196
25 1223 940 529 577 626 1225 1155 1073 677 515 1319 989 558 1113 1175 437 864 1401 1399 1168 831 823 1035 1376 976 1198 1191 1113 338 459 1093 807 1336 715 1363 1301 1119 322 613 809 1211 845 1262 1210 867
26 382 413 343 849 623 706 392 941 742 233 649 725 595 614 201 734 850 513 780 671 850 448 925 220 943 424 814 817 515 763 302 935 500 148 674 261 745 721 471 411 739 771 748 734 350
27 208 150 177 89 141 124 138 101 158 155 88 195 95 150 145 111 97 161 193 172 128 189 158 195 57 187 182 173 83 160 132 180 175 74 161 158 55 101 118 202 62 76 183 187 193
28 618 1208 1320 516 1424 856 916 1515 1136 406 666 1357 208 1302 1410 1344 61 507 1335 908 967 1520 378 480 1528 1510 1529 1274 1013 1098 1300 1316 1193 1054 1313 1261 709 519 643 1075 1258 872 665 800 954
29 561 576 358 503 310 429 280 725 209 172 285 520 250 751 563 246 501 353 554 516 501 372 414 343 584 597 394 152 592 493 657 481 514 257 726 451 492 748 571 650 644 645 359 130 315
30 245 995 636 1230 788 997 1017 1223 698 838 481 1150 1218 742 803 1410 804 1231 595 994 232 909 649 1136 1020 836 558 1069 850 696 1446 407 1210 1312 1219 1144 1399 382 1361 1237 513 530 762 1411 1228
31 664 973 740 1096 802 1024 779 944 246 977 320 1063 512 499 335 595 901 950 814 885 703 247 587 1016 541 946 614 1071 920 866 613 845 1016 762 116 1047 951 947 1046 875 972 511 417 1029 693
32 605 685 774 860 403 416 539 925 881 455 952 1009 958 938 305 784 990 624 1005 931 968 396 975 1032 765 584 682 855 974 896 426 733 1019 916 606 983 1020 479 605 1001 694 795 548 391 301
33 379 821 734 780 627 714 819 718 489 719 766 205 507 644 722 651 541 641 372 461 636 698 864 470 735 679 826 844 806 826 872 827 867 882 624 624 667 301 685 234 761 459 647 552 762
34 502 1044 1051 736 993 714 203 939 1087 626 859 792 1111 477 1097 1006 521 788 1130 218 1095 824 429 986 737 847 996 712 1017 1009 1022 500 407 459 563 1097 674 891 922 660 1082 566 877 1108 1109
35 961 940 776 1068 227 1225 1264 467 1192 815 360 1258 627 1268 624 1307 489 1129 1319 65 1066 661 1056 1070 694 746 307 637 413 464 1136 1287 726 1301 1123 1060 1071 784 362 475 1220 1099 799 544 215
36 807 1369 558 1299 489 1419 1196 883 919 1439 1349 1296 387 992 1470 1205 759 749 307 1058 1320 855 441 717 1035 1175 761 1057 737 1315 910 1164 716 1183 1182 264 1487 1169 1240 1030 1091 1061 1198 876 1364
37 387 911 775 637 908 135 874 821 741 749 106 758 782 781 895 711 618 806 201 942 932 898 570 605 654 580 752 801 905 470 488 611 496 714 788 529 916 819 782 259 742 792 568 404 725
38 1070 853 530 777 661 804 928 653 759 212 910 719 274 1198 467 1160 431 1004 271 707 1146 1035 1101 1281 872 1295 734 1166 1272 1180 990 990 1054 978 1133 1290 1082 1314 534 1047 1319 274 1239 572 1329
39 1242 1067 1256 1306 1240 1167 1244 951 1217 1091 968 1181 691 648 782 569 526 994 1314 794 1135 1332 364 950 764 1061 994 360 496 972 1173 1314 1210 936 635 1145 640 1245 95 1170 1149 798 588 638 841
40 1296 1222 975 1421 588 1111 1425 1247 1372 984 909 836 1416 1125 1378 1009 998 566 155 1313 1220 1306 1134 1154 1060 1022 1181 904 1308 1107 301 1022 958 1093 625 1159 422 1316 1311 745 331 1033 1296 1433 1248
;

param:   cost_bundl  marginal :=
1 38 148
2 133 43
3 82 149
4 179 147
5 167 105
6 184 142
7 170 85
8 182 105
9 75 199
10 43 101
11 152 116
12 182 173
13 141 104
14 199 143
15 139 201
16 30 196
17 93 203
18 49 118
19 124 157
20 202 191
21 199 188
22 184 82
23 58 154
24 207 66
25 132 118
26 158 96
27 192 176
28 99 92
29 77 59
30 146 144
31 130 159
32 181 211
33 149 116
34 145 184
35 204 127
36 178 191
37 96 204
38 152 172
39 185 159
40 201 124
41 137 211
42 103 112
43 204 152
44 101 125
45 79 189
;
param: buyer budget :=
  0 1388
  1 1103
  2 407
  3 690
  4 171
  5 257
  6 838
  7 822
  8 1271
  9 331
  10 238
  11 340
  12 343
  13 1450
  14 191
  15 323
  16 1584
  17 560
  18 1121
  19 984
  20 749
  21 285
  22 690
  23 205
  24 612
  25 579
  26 1286
  27 135
  28 998
  29 620
  30 766
  31 1573
  32 1518
  33 1508
  34 386
  35 1534
  36 226
  37 760
  38 302
  39 524
;
param num_partition :=
2
;
param: item partition_index cardinality :=
0 0 17
1 0 7
2 0 12
3 0 9
4 0 9
5 0 20
6 0 12
7 0 36
8 0 26
9 0 1
10 0 22
11 0 21
12 0 25
13 0 13
14 0 15
15 0 14
16 0 30
17 0 34
18 0 27
19 0 24
20 0 35
21 0 22
22 0 23
23 0 13
24 0 31
25 0 23
26 0 19
27 0 24
28 0 9
29 0 21
30 0 16
31 0 4
32 0 6
33 0 7
34 0 23
35 0 11
36 0 39
37 0 8
38 0 28
39 0 19
40 0 17
41 0 10
42 0 9
43 0 18
44 0 21
