param num_bundles := 45;

param num_cust := 40;

param price_reserve :
   1 2 3 4 5 6 7 8 9 10 11 12 13 14 15 16 17 18 19 20 21 22 23 24 25 26 27 28 29 30 31 32 33 34 35 36 37 38 39 40 41 42 43 44 45 :=
1 998 889 1049 876 777 812 628 829 107 364 850 921 1006 745 989 927 671 631 793 1026 984 790 492 1053 841 129 312 959 362 569 269 670 852 1015 431 796 1017 631 1059 450 926 699 816 509 972
2 907 968 829 667 1170 979 852 1115 265 469 849 536 1068 1080 450 681 915 610 804 351 978 599 856 589 953 1077 700 423 919 1064 316 669 215 962 1087 1021 1155 957 956 545 1169 1069 203 649 1070
3 105 101 198 117 210 166 67 32 34 199 96 179 63 86 202 180 195 82 102 165 201 73 196 95 135 125 144 145 49 180 122 195 186 130 175 156 162 184 77 156 69 73 211 158 159
4 552 535 271 601 452 608 415 661 122 475 159 539 721 278 377 290 574 213 453 547 687 493 234 435 73 566 593 266 374 424 413 646 540 145 711 676 347 399 217 479 711 106 423 614 654
5 520 351 86 249 717 289 520 279 376 165 498 434 416 643 641 299 501 339 479 773 510 740 578 697 819 801 429 756 535 463 675 763 565 292 397 427 677 809 612 596 506 370 644 689 812
6 195 1047 909 1099 649 1153 880 1097 502 796 771 970 878 397 632 1000 826 624 961 1215 777 897 659 1228 297 679 896 1255 1206 440 794 767 121 933 1070 731 1243 423 382 1119 775 1004 1132 1019 915
7 1348 1008 1271 881 1135 1071 1115 565 1168 346 1060 982 985 1246 400 1474 470 1384 1005 566 1424 410 1347 1089 1027 1403 1457 1098 579 1317 1129 1444 1023 1418 990 138 1106 1403 1408 1203 1188 1416 839 1119 873
8 1027 1386 1519 362 1581 1597 1059 1350 1065 1154 1599 1286 903 763 1486 1291 601 1162 1544 1131 707 1459 662 1566 1363 1600 1503 1135 344 1534 1290 1384 1049 1165 537 1066 922 912 58 1382 979 454 1523 1174 1033
9 804 1517 677 1295 1375 1051 1348 1109 1360 629 396 1011 1070 1119 717 708 1289 582 1400 867 1396 1065 611 581 568 1117 1388 540 1306 1164 1003 1203 1198 962 1335 1288 705 960 374 1082 1337 993 971 547 1098
10 755 1406 1177 345 874 1352 923 1287 489 1265 727 852 918 1381 506 471 1035 746 606 996 1068 1291 442 554 712 1056 602 609 1213 839 723 569 1092 1007 289 891 1178 351 826 1264 765 1412 653 837 995
11 365 434 706 316 318 517 744 767 412 482 747 503 522 873 529 811 879 849 643 834 555 560 480 742 816 650 785 464 817 279 98 748 69 425 97 624 781 699 615 360 128 584 441 733 564
12 798 1203 644 48 824 408 769 774 958 920 1199 1271 917 436 1117 949 477 1291 1083 1229 1074 1064 1002 1143 681 592 367 890 748 1120 1249 131 732 1321 501 1217 1147 1165 745 499 199 938 1054 1168 940
13 684 621 655 463 468 637 385 493 580 656 235 237 536 627 509 522 764 282 504 510 515 516 447 715 442 463 699 590 722 290 343 547 689 510 607 606 764 557 627 572 649 391 568 581 754
14 1073 1116 1105 788 875 673 1126 1103 674 763 422 800 820 789 977 758 668 971 432 1129 1115 463 734 1067 719 916 1105 272 707 834 1061 972 906 993 757 1042 786 897 1007 783 868 537 654 1047 682
15 1397 1522 1444 843 575 1203 1500 1459 1327 525 779 843 1025 1263 1117 1218 1043 1347 702 268 752 1253 613 1190 717 363 850 404 989 601 1167 597 1475 989 449 292 1024 302 900 703 1136 496 849 558 1438
16 351 761 253 781 756 531 729 483 218 514 841 402 599 784 814 845 811 822 674 393 222 140 566 685 538 694 618 533 796 503 347 800 699 739 477 589 621 226 671 548 649 406 769 812 730
17 259 750 666 649 696 584 739 796 442 781 644 832 801 274 725 810 707 509 517 155 798 741 298 257 752 836 633 608 640 428 323 694 762 809 457 499 384 153 699 420 354 682 786 368 582
18 1207 949 224 196 441 1007 500 628 903 1168 639 447 1088 621 995 1171 889 1123 965 1185 556 495 160 1149 451 393 1173 628 315 833 384 1168 702 1101 1136 453 440 1024 462 1011 1119 939 769 772 1056
19 786 154 925 901 933 433 216 888 849 838 564 932 791 917 761 698 697 955 467 869 873 399 500 877 441 885 932 738 925 927 833 820 852 796 321 533 781 574 692 857 800 811 511 651 740
20 509 608 522 607 336 282 486 358 551 428 313 512 479 403 455 270 579 462 583 542 217 471 516 252 341 512 560 63 605 391 191 485 537 80 194 143 199 337 318 459 392 270 330 515 427
21 848 1073 51 1074 945 219 1086 309 941 787 837 1032 473 892 869 863 790 724 920 901 526 890 1047 843 452 871 722 976 866 961 692 475 972 422 210 858 1029 718 763 770 220 835 872 845 692
22 865 1012 679 569 599 0 444 846 715 945 763 1018 671 866 1012 623 184 476 162 296 667 871 868 655 687 925 935 531 846 22 604 780 869 1071 927 904 1062 966 942 810 449 1086 981 691 274
23 572 674 696 360 651 555 379 472 378 43 560 485 317 637 619 668 645 543 674 319 648 729 406 79 754 73 588 559 708 463 225 663 278 251 455 379 342 198 381 457 236 189 471 151 720
24 327 1193 892 993 775 1132 806 205 1036 623 982 882 945 811 1036 1024 1134 544 263 224 933 738 147 1124 1151 371 763 168 1059 461 1123 1111 1099 415 825 905 1105 1150 1204 1024 1115 1005 626 1077 385
25 1179 648 1551 1049 1445 1278 1452 695 795 1407 852 1347 259 831 1483 1420 1034 1355 831 958 1225 664 931 596 1264 1194 428 1430 184 1281 1144 702 1189 1234 1018 670 956 1125 729 1201 1433 634 1535 974 990
26 497 414 295 512 514 453 146 496 217 568 270 521 503 406 534 174 387 409 431 525 435 224 338 363 293 529 320 564 130 514 507 278 349 566 556 433 204 412 524 517 352 506 418 390 443
27 1358 1465 307 1462 1467 739 150 648 1197 1276 1447 1490 923 950 1430 1039 1289 1231 718 1484 539 1165 1286 897 1203 1090 256 1459 943 1349 1325 1434 1220 851 1305 67 1416 1489 1116 1172 798 1303 1430 1186 310
28 621 586 498 703 616 488 699 836 461 713 726 580 381 832 601 759 848 754 737 490 801 873 541 863 579 611 791 843 315 709 543 811 188 870 433 244 515 715 801 544 631 834 873 694 383
29 252 730 280 241 430 663 867 362 617 548 636 898 743 431 973 914 458 811 735 796 545 917 365 909 640 865 63 734 777 946 550 666 777 487 477 895 185 541 633 815 850 658 929 660 971
30 399 138 397 382 321 200 214 289 192 242 307 40 218 375 344 108 171 30 53 156 221 179 382 187 356 345 291 261 395 317 412 111 281 422 180 276 352 313 413 347 376 297 345 364 307
31 1327 988 1197 365 532 1224 1258 1162 1290 1176 1077 480 684 357 1134 871 879 682 311 330 189 619 1306 736 1314 1123 596 1267 778 199 897 1048 407 524 1109 711 667 963 1282 670 1126 863 1060 1233 999
32 920 1322 1314 1265 726 1303 770 1022 990 1305 1037 553 1349 1357 848 665 1297 1164 468 1210 1141 1053 1106 793 879 1051 1267 602 1197 1153 793 1067 1127 731 786 1275 255 1004 674 401 488 858 1343 939 1121
33 1161 1009 564 867 944 1235 981 999 1028 1209 789 1095 1055 49 301 1154 988 1132 449 495 711 287 331 1189 310 329 1245 347 1112 1078 436 884 1103 1056 981 826 980 1183 900 955 1146 716 324 979 986
34 395 172 956 1221 1311 658 545 1327 1094 1361 919 1358 851 1271 784 335 1452 975 747 1419 276 1459 1000 962 466 824 1124 759 903 650 983 1247 1399 1443 707 1293 1238 859 1415 719 597 529 1269 1028 768
35 492 1207 644 584 835 1133 1115 916 720 750 1168 1107 270 611 1171 960 753 1119 527 570 729 386 922 490 1003 689 1165 816 1209 1177 653 1132 1211 821 767 1069 376 827 859 1077 777 1235 528 1284 1173
36 748 881 1081 961 607 230 549 914 506 873 908 596 222 269 973 800 1067 811 589 704 524 982 176 748 1002 1047 832 1092 504 891 855 583 177 82 996 777 847 1032 802 1015 313 1046 569 822 988
37 803 675 458 845 150 1520 191 1040 1298 966 588 1305 659 1030 1438 1461 1289 1371 1235 1385 911 225 540 1411 784 1226 1366 821 1437 1219 1305 1442 1256 1087 716 733 1084 883 298 834 403 481 934 1318 1482
38 1189 1345 1281 746 1148 766 1533 1350 1555 1308 1509 1238 752 182 1260 871 1217 1470 769 1389 1043 999 865 928 1369 1439 554 434 1262 1433 1530 684 206 1022 907 917 922 1226 753 954 495 1529 422 267 1303
39 860 681 1267 1169 973 879 1118 549 769 973 437 433 1119 206 1320 685 1350 421 1234 916 1115 706 569 1131 980 361 517 1356 607 519 1217 1403 371 1100 198 823 1021 586 759 1394 467 1343 1002 579 1424
40 147 813 965 584 760 1063 989 866 1036 616 348 728 1076 1026 353 1078 974 389 836 943 594 821 958 1079 453 744 403 698 643 984 868 689 767 975 601 861 927 1083 326 942 455 939 669 718 223
;

param:   cost_bundl  marginal :=
1 211 169
2 90 148
3 131 157
4 197 155
5 71 172
6 88 182
7 120 129
8 175 134
9 167 57
10 182 121
11 179 180
12 117 164
13 154 193
14 87 120
15 110 204
16 90 202
17 161 147
18 177 69
19 161 195
20 198 172
21 72 88
22 66 86
23 201 161
24 189 72
25 154 163
26 163 48
27 44 144
28 141 169
29 164 22
30 172 172
31 202 114
32 146 184
33 188 199
34 208 186
35 123 95
36 157 68
37 24 92
38 196 209
39 122 139
40 70 211
41 60 203
42 165 203
43 42 111
44 195 139
45 121 204
;
param: buyer budget :=
  0 1500
  1 1336
  2 496
  3 891
  4 185
  5 1229
  6 1255
  7 1117
  8 105
  9 823
  10 178
  11 1499
  12 924
  13 43
  14 217
  15 1544
  16 428
  17 1182
  18 516
  19 1207
  20 593
  21 1217
  22 329
  23 795
  24 49
  25 616
  26 871
  27 1324
  28 1230
  29 1013
  30 125
  31 1318
  32 1540
  33 763
  34 334
  35 586
  36 104
  37 1358
  38 1043
  39 746
;
param num_partition :=
2
;
param: item partition_index cardinality :=
0 0 28
1 0 15
2 0 12
3 0 4
4 0 15
5 0 26
6 0 14
7 0 37
8 0 32
9 0 31
10 0 35
11 0 2
12 0 34
13 0 8
14 0 32
15 0 18
16 0 32
17 0 14
18 0 31
19 0 35
20 0 30
21 0 37
22 0 14
23 0 5
24 0 30
25 0 13
26 0 27
27 0 25
28 0 1
29 0 31
30 0 24
31 0 32
32 0 30
33 0 25
34 0 37
35 0 29
36 0 6
37 0 34
38 0 25
39 0 27
40 0 34
41 0 1
42 0 19
43 0 38
44 0 25
