param num_bundles := 45;

param num_cust := 40;

param price_reserve :
   1 2 3 4 5 6 7 8 9 10 11 12 13 14 15 16 17 18 19 20 21 22 23 24 25 26 27 28 29 30 31 32 33 34 35 36 37 38 39 40 41 42 43 44 45 :=
1 721 791 756 778 370 349 182 580 767 763 800 583 298 395 306 732 750 605 511 769 208 784 713 308 747 471 593 515 537 490 737 660 735 423 732 633 475 600 176 711 768 613 138 554 658
2 334 1315 568 1195 174 1012 962 1455 470 612 750 557 781 1134 1081 1444 808 1492 791 1091 1061 1241 1403 1373 1483 936 732 1457 1439 1237 1411 1485 1475 1230 1488 602 911 1384 792 400 1365 1019 186 625 515
3 646 806 936 434 752 639 524 587 593 700 972 849 472 931 801 679 890 798 676 606 635 950 886 800 665 106 574 877 853 566 110 909 566 409 415 204 771 888 556 631 215 510 959 674 596
4 1028 1216 1331 1391 768 728 1480 1551 1288 1160 286 1293 1267 709 397 932 1055 1299 824 419 1585 523 1517 979 1069 1041 614 1482 1487 1149 1139 1512 674 1368 475 1277 1194 377 488 816 1195 1386 1102 901 1392
5 947 1245 407 1105 1194 1142 1196 1073 423 1125 967 942 676 1102 556 721 919 891 1070 58 931 1024 887 1217 1288 873 904 1014 991 1038 1015 798 1045 1021 1204 19 926 708 1017 1273 727 882 498 190 965
6 795 836 325 340 1350 781 441 1117 1286 1179 1145 1181 655 826 1257 970 571 771 240 1124 1111 933 1227 1309 167 993 1259 1365 652 393 1156 925 1305 1022 464 911 1216 273 896 1138 746 1204 1028 537 870
7 535 1032 960 129 877 820 733 804 1060 620 786 1055 581 576 339 668 1057 927 206 732 659 349 405 1001 702 1003 835 1030 1051 449 617 893 1051 795 531 860 677 1012 957 678 666 798 609 859 777
8 507 587 752 772 516 138 680 851 378 782 694 530 499 422 568 809 531 774 438 818 372 99 793 571 305 486 337 847 691 683 711 515 435 729 355 837 651 702 790 585 454 821 676 859 857
9 115 189 161 198 205 173 171 211 83 186 188 111 37 140 173 96 104 164 195 153 185 179 197 150 132 183 40 130 156 89 172 144 149 74 204 109 117 134 129 188 108 140 117 201 157
10 1064 1176 404 956 1411 918 858 978 1334 1192 761 1429 1278 806 1354 259 1309 253 1420 444 1182 1171 57 853 1296 1151 1020 1193 488 1434 1106 398 1157 207 1166 820 848 635 1043 1306 1445 1326 1194 753 775
11 322 328 466 426 339 391 617 481 190 656 574 479 612 345 599 165 498 448 222 468 270 435 449 550 626 176 640 409 543 558 293 511 229 381 585 572 510 379 615 213 355 345 637 676 516
12 399 448 659 933 817 893 577 495 496 594 966 985 987 1081 516 782 732 942 644 362 1048 668 661 627 598 945 718 963 587 971 600 378 347 689 825 870 1038 959 480 703 1128 1030 292 961 878
13 1027 713 1106 297 923 1042 1109 689 961 296 918 979 250 627 802 593 872 562 890 608 666 563 1035 897 1102 584 1103 370 329 724 840 592 865 1012 855 333 950 1094 421 717 1007 924 728 717 536
14 143 891 761 1087 1104 1164 1071 909 543 1055 917 518 351 291 273 88 972 662 216 829 299 324 198 829 1163 244 620 780 945 358 78 1051 856 305 937 927 1152 731 1020 432 628 959 1033 982 648
15 676 905 446 896 384 962 744 914 866 970 879 903 927 828 619 743 781 853 488 905 784 573 868 687 883 710 633 798 723 939 528 594 573 595 674 622 964 149 125 716 508 846 789 783 411
16 212 775 1362 985 1580 1566 1459 221 1107 800 399 857 197 803 1204 1187 412 1167 1155 1559 1479 1456 1221 23 1532 573 755 966 1076 997 1347 1489 1197 1470 1563 703 448 1507 192 1055 1324 933 558 824 1191
17 805 1124 854 211 563 976 533 968 677 620 581 853 450 448 810 1219 875 1222 402 994 1116 212 893 363 337 1162 1135 933 645 1112 950 664 1133 561 1142 1194 539 1190 738 497 659 1104 796 932 1148
18 1179 1173 574 1111 728 888 1442 851 1368 874 1297 1235 1165 1205 311 1440 916 1004 229 1081 1330 1405 811 493 1206 1024 748 1072 606 710 832 982 958 1140 180 1045 1433 633 1115 704 91 726 508 1361 1273
19 206 1053 786 462 646 277 939 538 473 519 1003 281 811 977 673 1015 363 822 1003 922 794 918 1086 560 993 635 929 434 680 610 1032 1065 1055 700 641 899 950 442 898 669 883 995 761 1009 640
20 611 515 99 593 658 563 470 470 540 525 621 90 509 418 43 497 724 425 455 494 761 260 477 539 719 653 671 550 753 411 742 426 422 447 241 627 369 383 163 707 744 203 333 672 721
21 461 1195 619 721 1287 1183 1306 1185 607 676 966 647 1143 843 1203 1167 792 1245 964 1082 1178 1291 1154 931 1105 1117 1105 534 1330 1018 1268 551 1274 1307 1238 709 1226 432 221 760 550 740 227 888 1188
22 180 609 491 471 637 499 374 510 719 162 437 407 749 666 336 590 321 667 670 439 514 666 685 764 572 410 580 600 560 244 339 119 749 725 464 673 487 632 430 762 592 366 433 527 669
23 535 619 769 356 530 582 555 444 749 314 380 157 137 243 714 574 732 532 454 589 724 651 695 474 641 274 284 691 269 582 207 553 270 271 324 417 663 609 622 542 723 423 247 553 629
24 575 1070 426 1419 1094 1335 1585 1377 888 1424 1329 1020 540 1556 951 1419 1221 1241 1334 1451 556 1273 807 1481 944 1578 683 683 1506 1140 1210 970 1563 805 1177 610 1214 1085 785 724 910 1436 698 571 883
25 804 429 672 857 550 458 927 351 471 184 793 642 519 483 587 616 786 860 745 538 945 740 723 491 704 608 377 841 593 746 912 894 863 747 783 678 551 899 656 782 790 825 846 907 794
26 1155 1264 357 1281 1221 1213 415 455 1286 1216 919 1260 926 307 1123 677 1116 974 1219 610 681 91 514 686 380 1257 737 786 800 533 951 454 639 978 857 674 555 927 386 1141 1131 759 796 700 408
27 1081 1267 795 1016 872 826 1065 486 1234 1227 1129 793 368 775 664 955 1144 920 1241 1274 681 961 397 1254 1054 1012 501 1270 961 1104 1101 763 711 1278 1272 1240 888 747 972 1248 995 463 406 1273 105
28 1483 1219 1539 765 868 1348 925 517 1194 158 983 844 980 729 901 1536 802 1008 1522 1336 955 509 1301 1269 626 1390 1369 707 826 494 813 720 1006 396 1212 1344 744 1014 667 926 971 1324 860 1392 564
29 341 542 827 1029 716 533 765 151 272 1072 318 882 805 144 841 864 868 944 723 595 630 840 1057 962 102 803 829 678 554 877 266 215 107 743 255 512 572 353 667 638 687 575 1084 632 571
30 1007 1108 1136 445 751 765 455 902 907 793 746 1056 1047 768 179 996 1085 740 926 410 969 438 922 846 1073 988 900 1074 507 1124 900 996 891 819 1058 635 262 946 1067 869 693 750 740 398 864
31 613 364 782 548 742 201 804 532 755 668 558 723 706 770 498 524 233 290 218 820 571 521 209 424 722 493 674 328 660 498 779 299 606 335 210 814 632 364 774 774 216 684 321 514 131
32 591 694 997 1134 244 400 1245 1112 340 805 816 503 1086 715 760 443 1302 1199 1207 1147 204 1272 239 897 1347 1208 648 398 979 1033 793 774 1298 1224 700 611 1146 936 894 651 741 686 295 91 1177
33 585 734 642 736 706 579 395 411 657 532 590 331 224 266 712 714 512 661 66 110 475 616 702 589 614 454 762 538 779 800 322 750 399 444 712 650 703 555 672 342 687 300 392 785 607
34 792 648 1126 1240 316 1144 189 150 1075 588 804 356 924 1145 1229 1267 967 971 1095 531 1048 801 853 684 675 1034 1258 1154 1068 1291 907 697 1290 148 940 856 1206 553 899 920 1225 672 792 710 1256
35 1206 1155 725 1199 1237 815 315 946 927 1109 1281 532 1148 208 823 706 1234 818 1114 469 443 148 609 988 1137 890 1292 694 351 1097 486 1251 136 1003 939 541 1071 539 687 389 583 724 994 860 885
36 687 694 676 824 268 364 822 834 396 803 847 259 748 485 844 733 318 731 442 497 606 678 668 773 500 612 762 725 833 621 823 511 704 797 428 752 723 257 774 154 754 519 555 660 630
37 485 1107 1124 570 800 185 818 954 240 916 1200 1167 174 820 735 701 923 997 774 774 682 351 849 1026 1244 1164 405 621 1185 1057 785 964 45 775 1113 1112 269 805 945 1133 652 331 638 547 929
38 743 576 769 260 991 942 740 744 906 533 748 768 621 978 242 569 1125 611 824 508 123 1034 763 607 718 1066 1156 1031 976 907 1119 1205 444 1015 892 192 434 569 158 1147 1192 1180 831 590 933
39 1303 1284 1030 919 565 609 1200 199 1047 526 447 1161 335 1034 900 1075 468 993 1227 817 511 1229 841 1212 785 1155 1312 372 1095 502 833 586 1130 1216 310 940 264 958 467 1139 1188 858 1286 1139 1129
40 789 119 596 880 495 622 670 393 484 803 735 636 335 700 882 715 605 803 762 372 709 465 273 496 703 515 800 545 756 877 252 581 714 677 563 755 427 211 180 794 197 778 493 596 237
;

param:   cost_bundl  marginal :=
1 131 166
2 64 210
3 203 166
4 92 139
5 80 208
6 202 94
7 149 193
8 58 77
9 187 85
10 123 186
11 205 43
12 142 114
13 199 158
14 43 140
15 30 75
16 96 20
17 80 205
18 135 105
19 76 195
20 52 125
21 115 188
22 104 105
23 152 199
24 186 189
25 65 87
26 79 195
27 128 142
28 117 173
29 52 21
30 166 114
31 184 128
32 162 118
33 158 193
34 120 97
35 46 129
36 164 169
37 95 212
38 64 55
39 156 115
40 159 184
41 181 163
42 99 179
43 170 169
44 31 147
45 147 205
;
param: buyer budget :=
  0 1518
  1 817
  2 807
  3 434
  4 709
  5 553
  6 137
  7 913
  8 546
  9 1541
  10 1377
  11 309
  12 1176
  13 156
  14 1194
  15 595
  16 683
  17 1164
  18 731
  19 1296
  20 794
  21 501
  22 61
  23 126
  24 1510
  25 1169
  26 1266
  27 1294
  28 1341
  29 1375
  30 1469
  31 846
  32 202
  33 1537
  34 659
  35 54
  36 147
  37 290
  38 154
  39 1526
;
param num_partition :=
2
;
param: item partition_index cardinality :=
0 0 28
1 0 14
2 0 4
3 0 33
4 0 15
5 0 18
6 0 26
7 0 7
8 0 37
9 0 19
10 0 36
11 0 30
12 0 20
13 0 31
14 0 7
15 0 15
16 0 28
17 0 9
18 0 34
19 0 32
20 0 39
21 0 21
22 0 21
23 0 14
24 0 27
25 0 37
26 0 5
27 0 25
28 0 37
29 0 1
30 0 6
31 0 38
32 0 4
33 0 25
34 0 16
35 0 16
36 0 30
37 0 28
38 0 20
39 0 22
40 0 37
41 0 21
42 0 12
43 0 27
44 0 17
