param num_bundles := 45;

param num_cust := 40;

param price_reserve :
   1 2 3 4 5 6 7 8 9 10 11 12 13 14 15 16 17 18 19 20 21 22 23 24 25 26 27 28 29 30 31 32 33 34 35 36 37 38 39 40 41 42 43 44 45 :=
1 787 952 603 638 588 934 616 650 767 749 675 824 641 814 373 347 509 748 641 949 428 314 827 893 920 894 583 678 943 765 721 397 742 869 831 584 797 854 527 875 834 710 376 479 233
2 283 1322 826 1205 227 1441 1194 1185 1348 1162 521 1212 1140 21 1174 1276 787 1040 1453 1110 1347 1001 1165 1235 148 1443 316 806 672 770 1447 1455 1224 847 491 992 1129 1395 1433 1178 1080 615 1163 849 1088
3 967 900 923 529 822 859 495 674 756 519 1029 960 919 385 411 764 566 405 745 294 381 1032 602 458 563 745 304 723 788 505 676 805 832 1016 594 701 651 784 568 855 449 708 887 989 552
4 345 1014 1116 1338 1345 1060 1269 648 754 997 837 1234 305 809 1027 1005 547 554 680 724 798 538 574 875 711 1174 530 820 447 1261 863 1327 1231 1164 899 483 772 739 471 1193 1085 403 1159 1160 1212
5 1224 949 460 482 1391 1066 1244 550 1011 1279 682 893 510 1364 1064 1177 1008 1014 684 897 1045 406 1016 1082 816 1262 1248 1018 943 1035 955 813 802 1329 1119 1257 1097 336 894 624 917 1189 514 1354 901
6 1082 208 1231 369 1122 569 1207 1234 1137 1114 187 1014 966 1211 405 738 1109 1249 508 253 1023 1123 1213 729 1156 915 1174 460 316 879 461 509 912 197 446 1053 960 1194 907 753 911 736 1006 648 1222
7 274 1054 1541 1377 455 1307 1465 1572 305 1279 597 1477 1343 783 1531 1167 1309 792 1190 1587 1042 1587 1487 1351 1092 1226 1470 1203 459 1056 1163 1004 1264 736 1336 1114 857 1206 1371 1053 1287 478 1462 1060 1341
8 1244 835 566 1089 1314 571 1520 1177 1258 1295 669 1289 540 996 1532 1454 1011 857 1276 809 371 572 558 1014 831 326 1069 1160 1220 1121 692 1161 1451 1311 1443 1559 1340 372 538 1247 1529 501 1289 848 484
9 705 718 565 847 201 933 786 464 647 697 897 687 473 291 614 914 906 486 721 172 440 566 922 616 696 542 814 954 503 857 802 916 690 998 515 913 941 513 414 955 610 884 520 104 1001
10 247 678 447 558 449 494 289 130 451 591 571 204 594 374 116 447 197 86 368 559 428 438 597 594 586 93 470 415 631 489 631 421 483 506 650 572 547 492 427 235 50 655 286 602 336
11 438 888 574 349 745 701 364 404 397 627 859 898 870 685 440 628 448 448 369 616 903 566 614 515 649 523 913 580 575 912 914 584 370 656 241 859 875 791 406 609 836 727 831 728 715
12 1147 1347 481 410 1227 1284 1298 1239 530 726 1040 1219 1302 961 1170 1046 1003 1109 1328 149 1221 237 1003 1331 712 870 1293 1307 485 956 888 360 1058 412 506 1090 606 442 1207 709 1194 299 428 760 953
13 1112 783 1114 1417 1150 1219 713 464 1337 1333 1055 1247 566 601 717 1423 1282 500 1085 1121 1197 668 1396 1104 386 1161 923 1042 848 1362 1360 609 1389 1260 1327 396 1406 327 1270 912 911 1190 1340 1275 687
14 617 1063 1168 952 959 1195 848 830 1178 330 128 1221 302 1005 1005 1119 652 1228 763 1183 954 760 762 853 829 967 868 1045 1100 1084 290 317 1219 1196 582 285 1013 771 920 610 1061 967 472 888 1195
15 763 620 1335 1022 952 333 1190 136 641 972 930 971 1270 774 940 1285 1371 1362 880 103 407 1137 1105 1036 1264 1278 1138 1346 968 1225 1263 1408 750 617 1312 1384 1418 807 1440 800 608 896 1092 1004 1287
16 314 410 315 136 192 65 159 187 423 148 199 328 269 290 164 375 345 271 137 339 351 349 127 276 384 303 213 248 274 146 242 309 239 227 333 297 179 254 322 132 339 380 397 336 408
17 1493 1103 1320 1259 1428 425 1164 1446 1462 555 1286 1356 229 1095 1346 1181 1132 430 707 397 1551 1324 452 354 638 972 735 779 242 1518 1062 1293 1260 1419 1097 1076 1480 1484 1541 585 1128 681 1304 1297 1316
18 352 502 226 490 424 435 171 408 414 233 305 500 491 412 100 354 355 343 262 311 342 106 473 265 435 494 329 317 318 487 461 492 508 389 427 457 476 346 322 338 315 460 349 496 360
19 192 1086 1238 1432 1155 1151 1424 1157 828 800 494 1436 797 1324 1404 672 1407 736 935 1367 1344 1369 857 233 1153 1400 719 1311 1437 1470 347 1023 1189 544 1230 1394 1440 1350 329 516 1029 1097 1206 1439 375
20 1538 1292 1020 1249 1132 1469 783 512 971 874 407 1133 94 995 1187 433 1350 187 686 679 459 1218 1162 1466 1063 1454 1578 1586 538 1333 980 525 1276 1476 1556 1251 915 1415 1405 808 510 761 858 947 1477
21 1225 1547 1283 1035 1533 1024 1301 685 1290 1581 1316 1174 1295 941 1467 1132 1501 1429 1388 1157 1576 906 1286 1111 610 1313 303 1222 1509 1432 1373 156 393 716 980 1306 615 1025 1434 673 1215 505 506 361 1255
22 857 511 484 710 836 513 625 344 459 477 702 490 917 854 578 433 238 935 311 661 690 976 756 949 467 602 738 780 871 410 869 317 943 965 939 745 855 243 575 339 875 775 898 276 428
23 515 544 829 333 95 596 461 387 470 785 808 500 726 756 555 645 827 417 842 870 633 405 621 179 418 321 682 564 760 853 785 760 764 808 519 670 481 834 597 759 528 353 357 523 594
24 886 859 838 1243 567 1195 1304 1051 448 160 665 414 1105 592 815 1067 1277 879 1217 469 782 794 1216 1024 718 786 485 1038 361 773 1009 1299 1040 1235 1262 1126 345 1307 642 972 1188 596 1204 855 1084
25 913 1245 349 371 395 854 1142 549 1076 990 1213 722 263 602 1008 1088 854 769 958 410 827 1216 203 724 709 623 1102 270 989 163 204 674 1219 711 1168 665 1053 1239 176 589 806 510 628 736 1190
26 834 671 1007 530 791 998 932 612 587 568 773 672 451 398 769 990 174 129 823 617 799 503 698 990 937 733 215 738 1007 725 319 882 518 853 473 669 935 584 446 434 891 490 118 824 432
27 584 612 903 703 691 359 723 600 89 858 685 100 325 429 361 618 633 416 738 620 234 741 589 688 858 679 896 511 284 741 475 864 355 444 855 332 932 164 899 905 615 820 679 916 934
28 678 755 938 548 829 732 627 506 276 705 632 914 749 649 251 995 507 924 899 849 940 993 905 893 928 942 436 794 637 194 368 560 918 579 743 663 608 387 671 945 412 884 683 810 641
29 895 1442 552 325 822 1105 1032 1266 1127 431 761 699 1328 1487 1513 936 664 1149 160 675 361 220 704 787 1267 1084 1302 1421 1010 1244 1011 660 1045 1386 446 1307 482 593 1456 507 1253 1079 616 1417 752
30 694 497 241 294 700 316 556 630 691 516 607 414 273 645 558 590 574 69 572 717 580 692 473 471 688 661 623 536 648 702 611 711 578 461 521 676 230 608 519 334 228 678 615 171 560
31 918 746 802 1038 1049 675 839 721 284 1028 605 1145 812 191 1115 1053 844 1182 1157 666 1220 1000 370 1229 1194 1023 790 566 886 1192 829 560 1217 741 567 240 358 1231 927 696 487 655 636 1261 835
32 858 579 698 594 371 557 756 540 169 471 487 787 713 574 568 733 736 516 402 692 762 805 390 694 714 260 767 473 375 706 852 730 691 484 506 644 746 865 478 708 572 632 751 797 558
33 1095 231 451 735 482 757 374 702 692 390 289 249 573 853 902 668 1092 430 932 554 880 766 407 561 768 213 581 995 684 957 766 1054 1107 677 865 481 1011 388 992 1123 219 1134 728 701 876
34 163 312 309 620 595 590 615 627 192 623 639 420 626 394 653 484 641 372 601 618 602 515 412 347 438 488 430 560 638 288 371 542 407 376 663 562 51 532 579 401 423 356 637 332 595
35 265 577 561 598 796 157 476 790 690 253 540 605 810 320 716 153 314 804 461 626 358 695 487 713 804 438 506 337 771 595 723 456 532 342 683 351 600 798 595 133 787 681 693 219 741
36 96 874 728 1096 581 1014 1081 590 831 1294 1090 752 1057 808 1250 1312 1028 937 706 872 1109 638 874 1165 976 476 803 647 1205 938 540 1210 884 609 433 270 1324 958 1157 1071 1096 869 910 971 1283
37 1091 449 523 233 1019 1148 1129 1195 1231 1070 1018 529 902 776 717 628 1326 1033 1287 600 936 809 558 604 1329 473 755 1095 339 1314 414 1287 928 630 1011 1307 1321 995 730 978 518 506 1146 1202 920
38 517 798 251 325 955 943 461 985 908 937 480 983 797 640 725 516 958 675 178 565 943 937 523 974 495 403 855 67 349 405 639 812 699 805 600 396 291 965 994 468 793 359 286 499 573
39 1178 978 1424 1542 755 149 956 977 923 1561 1376 1065 302 481 1272 1414 1147 1585 1259 701 1032 669 307 575 623 935 1283 937 536 449 962 513 1215 62 1469 1023 1565 796 608 821 1568 1435 105 1385 1509
40 1262 916 624 350 611 740 829 891 706 850 1130 1207 1177 1237 96 1130 567 692 1039 358 1064 552 868 940 468 593 579 937 787 475 669 582 1207 1136 828 698 508 635 421 637 674 1257 935 1107 359
;

param:   cost_bundl  marginal :=
1 188 168
2 97 188
3 101 94
4 187 173
5 41 96
6 201 183
7 197 141
8 195 181
9 116 68
10 197 183
11 67 183
12 202 197
13 125 191
14 192 182
15 153 146
16 137 72
17 127 170
18 190 158
19 93 208
20 21 185
21 127 105
22 156 76
23 179 41
24 101 62
25 60 81
26 189 100
27 91 204
28 144 192
29 74 192
30 163 154
31 180 172
32 127 201
33 199 201
34 64 106
35 153 170
36 162 152
37 91 188
38 120 67
39 149 112
40 147 83
41 189 81
42 153 208
43 128 212
44 178 121
45 171 209
;
param: buyer budget :=
  0 587
  1 1258
  2 1174
  3 1303
  4 1329
  5 949
  6 703
  7 898
  8 1244
  9 1522
  10 564
  11 694
  12 1370
  13 752
  14 1175
  15 1448
  16 24
  17 320
  18 434
  19 1181
  20 927
  21 1472
  22 707
  23 426
  24 678
  25 136
  26 545
  27 588
  28 692
  29 286
  30 589
  31 1407
  32 846
  33 835
  34 549
  35 1096
  36 112
  37 962
  38 951
  39 827
;
param num_partition :=
2
;
param: item partition_index cardinality :=
0 0 15
1 0 32
2 0 25
3 0 16
4 0 24
5 0 10
6 0 3
7 0 16
8 0 12
9 0 24
10 0 11
11 0 36
12 0 11
13 0 39
14 0 8
15 0 16
16 0 17
17 0 7
18 0 14
19 0 23
20 0 17
21 0 2
22 0 6
23 0 2
24 0 36
25 0 22
26 0 33
27 0 5
28 0 24
29 0 9
30 0 26
31 0 3
32 0 35
33 0 16
34 0 10
35 0 8
36 0 12
37 0 23
38 0 10
39 0 26
40 0 37
41 0 1
42 0 18
43 0 2
44 0 33
