param num_bundles := 45;

param num_cust := 40;

param price_reserve :
   1 2 3 4 5 6 7 8 9 10 11 12 13 14 15 16 17 18 19 20 21 22 23 24 25 26 27 28 29 30 31 32 33 34 35 36 37 38 39 40 41 42 43 44 45 :=
1 989 844 829 688 343 289 978 515 1115 448 1054 718 1078 614 1061 1116 1050 692 293 1084 1021 1107 128 800 277 291 320 438 1122 896 912 503 1034 416 976 488 953 669 863 956 1145 303 655 756 1036
2 1241 781 1084 1211 1142 1395 1134 1291 575 1205 864 1339 280 1078 1180 486 555 964 485 1069 1099 860 1346 875 622 661 1221 999 1166 646 534 808 1335 1338 1345 1082 74 1166 168 1008 1416 355 1373 1116 1359
3 1041 247 1139 884 1165 674 1010 1098 637 1176 299 668 492 557 810 809 1136 1263 1129 694 1200 409 1267 1033 982 211 930 1265 715 973 1210 329 1198 651 951 1307 1225 820 222 1177 1271 1278 1222 906 1098
4 976 1110 1127 640 1008 710 749 294 195 897 470 820 991 670 837 880 850 991 1026 765 632 302 475 747 790 451 262 336 199 1034 530 612 939 571 1038 1127 1045 131 1086 708 308 677 1012 627 867
5 875 862 1509 1212 1328 1098 999 345 955 1177 1369 446 1040 1281 464 993 455 1395 1062 660 676 1495 1353 861 1381 1213 1073 1207 1205 1482 825 526 991 1381 1401 1403 1460 1509 1273 1346 1379 1350 1290 626 1007
6 1315 610 1343 1386 653 988 1143 1280 701 174 1427 1115 853 576 650 1313 1272 1424 1397 176 656 1143 1193 651 882 1279 761 614 1288 1232 212 699 1235 489 1490 1273 714 737 1361 723 688 1389 711 659 1182
7 1189 1260 994 1154 801 1149 1366 1335 1312 1089 466 658 375 1195 1008 1063 824 1415 1285 678 554 1436 1240 836 1110 441 174 274 941 626 1134 572 872 1067 736 1169 706 1260 603 254 1342 1108 1009 1239 309
8 335 338 142 314 400 258 192 266 411 193 190 319 81 380 212 346 102 131 352 356 233 391 300 173 163 247 373 293 227 248 318 211 216 112 404 348 60 152 48 416 323 384 382 318 62
9 730 231 771 451 1235 1015 1124 1254 1075 1259 954 763 338 527 1137 1180 469 840 1022 952 799 813 440 528 1071 224 867 1148 926 1194 1095 295 932 717 1033 1071 1137 259 529 524 513 1177 1081 1174 346
10 587 987 652 764 730 968 638 559 393 690 630 828 621 835 530 675 968 309 873 986 407 409 741 870 181 625 800 853 826 964 797 431 864 752 887 385 632 347 955 761 407 560 848 742 868
11 725 294 993 834 779 931 629 636 800 976 802 1089 644 1117 1145 730 1224 1056 844 1093 1182 409 1186 1073 583 805 800 969 175 1005 948 979 983 1152 538 1027 1034 578 703 1193 623 807 621 787 846
12 628 1305 1131 626 931 1008 695 753 772 944 977 614 804 1228 552 1173 1074 887 584 512 730 1059 865 725 1313 840 803 1014 1248 238 1208 1147 804 640 809 250 996 1262 1162 454 1267 681 1073 742 347
13 859 1232 1061 1412 1164 853 1311 1106 655 1171 1038 514 1277 1165 1279 1255 1368 1274 574 1264 848 1167 867 652 757 1053 857 1117 1165 799 880 1044 279 1430 421 1356 1169 1414 962 936 1104 495 207 1425 1418
14 1212 467 1094 1443 1493 763 1429 1266 1236 533 1448 993 820 1567 557 1239 526 845 692 1374 1408 1327 902 1148 817 1475 1442 1417 872 1203 602 1480 988 1259 411 1218 1358 1066 1413 1490 1220 895 1331 1239 1476
15 648 659 218 974 732 591 366 654 803 392 960 661 212 898 798 872 384 747 240 309 449 206 855 743 798 603 900 888 216 271 872 784 890 846 691 251 591 935 999 761 550 717 466 515 903
16 915 181 995 897 741 1146 1043 630 842 879 846 911 953 631 918 901 1053 1089 711 1176 891 1035 1178 1094 121 556 889 257 467 176 397 716 1110 1127 1056 281 922 1003 996 431 389 543 411 1173 409
17 1151 1140 583 488 1354 325 1145 1315 1061 1238 282 1348 909 1061 1296 996 832 790 189 1316 753 1093 561 803 798 1123 692 1199 1223 1157 1366 313 634 984 994 803 415 1094 1171 910 560 1210 410 1183 1373
18 494 342 491 198 325 222 469 535 433 497 243 379 455 347 168 516 527 430 191 398 333 68 561 530 315 503 371 233 499 309 140 48 277 507 497 106 548 531 375 257 291 575 352 346 359
19 1170 881 365 345 230 466 147 943 1104 540 1003 938 591 1059 895 1136 519 858 1054 1058 908 320 962 886 891 1101 248 423 493 845 476 664 770 1141 850 645 1048 1160 533 809 1097 1084 1186 326 955
20 764 539 828 1011 554 434 168 494 953 750 752 914 774 405 266 673 815 1052 1108 1182 1182 1117 798 1093 612 82 519 258 977 486 953 1058 816 994 946 779 518 107 919 1024 809 1162 972 968 446
21 446 223 317 386 446 323 465 446 481 488 423 453 400 186 487 376 383 473 371 491 256 264 488 324 107 266 505 471 480 462 275 390 474 77 461 426 495 326 310 362 99 78 308 234 503
22 854 1288 1251 1234 1366 764 1377 1504 1495 491 1022 796 756 1532 1495 1259 282 1372 1508 1199 1056 1419 804 970 1303 456 483 1042 521 1261 1441 1258 936 783 1425 475 384 560 819 870 1047 1307 1005 881 1544
23 573 324 404 494 399 553 401 477 299 564 495 274 428 483 540 533 441 464 335 364 533 280 564 127 221 440 336 553 541 510 572 470 428 520 510 541 461 161 252 428 449 512 314 468 115
24 373 369 478 145 203 423 480 355 459 93 373 399 426 10 77 436 410 508 87 457 316 282 458 362 261 510 133 142 147 99 128 314 318 246 330 317 299 452 280 456 329 447 474 321 82
25 1114 472 1019 1087 1191 898 813 733 329 803 1031 126 1212 407 1073 1094 304 1242 937 327 1010 981 289 544 1159 943 624 1197 975 1188 1033 340 909 512 1124 806 592 1059 651 989 688 511 1182 1192 1132
26 1142 487 1054 1290 873 608 1093 1135 897 262 1284 1231 924 653 125 973 1106 1198 1122 355 992 342 575 660 1091 595 1091 496 821 683 1026 1170 765 1131 824 394 707 1280 426 126 1268 759 487 536 909
27 1002 908 911 284 992 766 795 969 573 464 123 562 350 1159 972 870 1107 683 620 744 822 1005 875 689 640 846 861 918 923 1170 1081 1096 424 767 932 670 180 896 1044 627 978 1152 518 1088 816
28 900 479 588 944 547 786 797 1072 931 1118 1141 1173 1184 1045 796 612 319 1060 1180 1142 210 1056 1028 463 1137 542 937 407 859 1044 373 734 891 678 1078 846 947 1085 680 1160 1138 501 862 1087 405
29 913 1244 1421 523 1172 812 764 718 314 874 939 1400 1027 1405 707 648 1092 751 1183 1227 302 879 989 1146 468 1089 1118 1070 1211 499 937 594 1423 737 215 1244 752 683 687 1097 1357 1127 1149 895 1053
30 1189 503 835 1159 286 694 830 806 1090 1262 183 983 620 1248 175 1138 850 552 1034 1165 1111 1216 928 1195 542 1159 633 219 1064 1059 1256 770 907 1142 1265 1000 727 766 1093 1079 46 653 774 1047 1189
31 1307 891 949 594 949 938 839 1225 1268 617 966 631 711 1143 469 379 875 512 1310 1248 644 641 500 1002 1252 665 1004 922 1296 303 571 759 1285 1183 511 1275 1016 1310 971 837 1255 213 1020 975 499
32 955 1194 1190 802 950 834 1024 715 299 978 397 887 374 744 868 1068 216 1156 722 1214 294 661 1162 611 969 637 1199 211 574 938 684 664 91 927 344 205 1029 1092 1218 752 1074 219 1152 851 1003
33 224 923 1307 1003 1061 1141 1008 976 540 236 105 1206 752 669 117 1181 1234 686 862 424 853 1116 705 595 854 1318 865 711 1129 653 1004 254 885 853 95 1155 410 1079 1264 726 1212 808 910 1000 253
34 402 183 442 168 500 70 239 626 74 607 610 193 136 471 525 323 440 613 451 539 552 511 468 537 266 325 100 565 353 131 576 190 300 614 384 456 250 347 457 526 578 535 633 326 165
35 144 191 149 204 160 138 154 197 155 144 146 81 145 211 129 187 160 159 194 132 135 133 191 132 151 209 134 131 188 182 175 96 157 73 136 139 153 173 203 106 183 197 109 63 93
36 1057 836 1178 979 1069 988 1372 1363 1411 428 520 1133 1055 1120 1067 1065 725 1114 546 1415 777 1259 496 1265 1027 1184 1237 942 1080 1458 1033 509 1066 496 925 835 601 1339 1119 443 1277 1118 940 1126 707
37 950 263 1004 102 665 680 373 973 974 730 890 981 694 374 441 917 304 299 580 567 371 686 708 967 945 338 713 397 548 950 902 987 665 391 887 345 912 518 864 575 571 427 815 591 680
38 923 579 480 836 715 489 765 639 630 716 746 763 391 500 588 754 725 444 434 600 661 518 258 712 432 882 413 487 908 725 257 779 917 636 694 850 718 277 172 306 364 795 872 777 766
39 1081 703 1399 1058 696 1070 1230 961 1532 900 489 1054 1390 1378 552 1026 1345 545 573 871 996 1016 990 1472 827 860 943 469 1438 1208 812 1315 891 1295 1139 850 242 1088 371 1166 993 1277 1246 1062 1103
40 218 1321 1301 463 420 735 1382 292 1381 1124 1551 796 1100 873 1125 1212 622 1323 897 1364 792 625 510 522 455 1488 1084 1376 1080 992 831 1472 802 920 864 334 1139 691 795 852 1086 1387 1517 1347 437
;

param:   cost_bundl  marginal :=
1 203 148
2 97 152
3 183 77
4 202 147
5 204 81
6 181 120
7 140 77
8 149 183
9 211 132
10 187 43
11 153 208
12 117 95
13 61 200
14 27 205
15 87 127
16 133 87
17 58 119
18 56 201
19 74 110
20 165 50
21 100 206
22 202 25
23 181 198
24 147 114
25 183 96
26 202 185
27 123 178
28 40 194
29 168 144
30 20 85
31 196 15
32 108 91
33 156 135
34 192 199
35 190 125
36 109 105
37 186 172
38 111 210
39 133 162
40 72 189
41 206 31
42 193 141
43 209 189
44 166 162
45 189 113
;
param: buyer budget :=
  0 414
  1 319
  2 997
  3 955
  4 1532
  5 615
  6 1058
  7 622
  8 699
  9 309
  10 1370
  11 680
  12 892
  13 160
  14 691
  15 131
  16 982
  17 1153
  18 204
  19 560
  20 1023
  21 1215
  22 666
  23 436
  24 893
  25 1464
  26 128
  27 1404
  28 946
  29 551
  30 233
  31 290
  32 621
  33 459
  34 1423
  35 61
  36 403
  37 1500
  38 1259
  39 954
;
param num_partition :=
2
;
param: item partition_index cardinality :=
0 0 32
1 0 36
2 0 35
3 0 28
4 0 2
5 0 33
6 0 13
7 0 27
8 0 32
9 0 14
10 0 22
11 0 3
12 0 28
13 0 39
14 0 12
15 0 12
16 0 26
17 0 31
18 0 3
19 0 26
20 0 10
21 0 17
22 0 6
23 0 2
24 0 29
25 0 17
26 0 19
27 0 12
28 0 2
29 0 6
30 0 1
31 0 2
32 0 19
33 0 12
34 0 11
35 0 6
36 0 25
37 0 18
38 0 9
39 0 24
40 0 11
41 0 29
42 0 4
43 0 11
44 0 27
