param num_bundles := 45;

param num_cust := 40;

param price_reserve :
   1 2 3 4 5 6 7 8 9 10 11 12 13 14 15 16 17 18 19 20 21 22 23 24 25 26 27 28 29 30 31 32 33 34 35 36 37 38 39 40 41 42 43 44 45 :=
1 806 1189 478 951 1030 484 1246 1164 1036 991 284 1121 1229 1129 474 1031 1205 1180 855 752 1198 1007 608 684 783 898 1086 956 575 877 1064 1077 388 311 391 1213 1067 780 33 604 1051 918 929 1119 641
2 864 679 529 911 632 866 726 984 823 884 479 943 766 434 543 841 59 366 1007 490 997 1031 898 385 714 691 812 650 991 800 976 536 712 975 61 822 553 770 463 368 292 710 331 964 717
3 762 946 1216 1231 529 696 1412 1405 843 810 1346 835 882 632 862 1192 1151 1115 1388 845 628 1186 1325 500 1236 598 1254 952 1000 1155 164 993 1144 809 1053 1345 1065 1252 1301 876 340 1069 1063 938 905
4 537 803 410 200 719 556 388 746 657 547 511 396 768 343 323 404 515 650 528 567 230 699 573 580 658 668 386 719 438 480 647 588 811 609 599 642 764 158 335 621 431 727 267 808 689
5 405 437 382 746 667 581 696 251 558 746 474 518 640 317 636 695 256 230 646 479 765 425 705 691 585 522 740 425 416 381 681 375 426 565 462 760 509 675 697 597 258 527 573 748 368
6 572 857 458 642 506 558 620 291 699 865 829 785 715 500 819 450 880 505 862 688 414 605 506 671 829 765 791 228 289 579 431 366 840 709 364 657 150 389 642 648 349 710 405 160 812
7 1252 1403 790 1361 872 643 706 1514 832 1313 1382 1517 1351 1284 967 601 1424 1043 1096 514 1191 1535 1396 760 580 755 1331 1116 1211 221 588 1172 587 1368 1273 1011 1234 392 1120 744 1319 946 912 1183 1251
8 228 677 447 389 353 348 603 616 567 598 497 615 247 605 795 788 304 665 338 446 635 776 552 434 571 680 770 237 572 599 669 598 403 695 640 637 611 411 536 796 399 635 429 699 638
9 1229 689 957 1124 116 1343 1181 726 428 652 522 663 656 1253 1351 604 491 356 734 1041 357 645 1188 959 969 941 969 398 262 385 900 869 1180 1305 296 825 1013 815 629 1122 804 319 595 1170 1330
10 1586 920 837 978 932 1032 1429 266 1170 731 1327 997 1202 1553 721 1418 1546 1471 1308 893 1278 1372 1480 912 933 1403 1313 1552 1290 1274 1070 1062 1534 787 1508 946 951 1395 1555 1395 1017 493 1005 1277 1429
11 1376 1279 1333 1304 1496 1428 1409 742 1303 1060 1302 1437 935 1204 556 1037 1425 361 636 1176 430 733 476 1341 1201 792 1458 1266 439 892 348 1026 1052 1066 1101 1011 1014 384 287 596 1266 1250 1373 1288 358
12 363 857 597 708 263 220 794 671 412 137 473 479 767 479 839 709 343 630 972 299 728 291 824 981 433 889 679 629 609 265 692 425 186 899 925 203 773 682 920 233 455 777 810 791 234
13 173 187 208 156 194 199 77 171 160 147 179 193 106 161 183 192 136 186 188 149 179 31 122 195 16 198 200 201 167 121 168 98 95 87 134 166 206 132 170 146 172 210 205 75 85
14 798 898 1035 805 522 290 632 423 884 791 844 907 938 307 525 534 400 621 54 864 983 397 836 1035 946 697 220 838 537 451 962 749 249 946 1053 690 642 655 785 613 488 167 739 524 1057
15 574 785 597 665 806 477 1046 683 619 1012 942 790 396 727 1032 678 695 1037 688 649 900 293 991 707 903 671 400 570 794 626 705 931 750 652 823 599 676 812 958 741 680 464 836 656 363
16 437 753 298 97 547 514 730 262 475 160 157 695 347 731 524 616 694 273 543 395 444 550 201 456 642 652 711 391 416 336 566 734 412 771 647 737 241 583 437 694 610 679 747 520 299
17 103 1226 1283 810 361 1384 608 1097 696 1073 1471 1394 1339 1253 638 1518 223 1100 828 685 1062 731 1415 809 1485 1293 675 1315 1416 266 1404 621 1435 1271 1157 687 383 731 1030 1400 1116 580 1303 1139 871
18 1124 424 950 1168 709 1107 846 1044 1245 1203 1007 1240 1112 1012 1214 1218 567 804 501 828 1141 997 809 727 1130 730 1000 910 680 1186 621 359 117 376 582 1058 645 750 754 510 329 280 960 910 1258
19 367 531 742 357 908 440 650 465 890 547 898 585 900 655 823 462 657 241 690 327 462 493 687 329 867 852 294 949 612 620 873 886 495 260 281 841 608 467 918 407 568 976 407 662 821
20 1476 944 1283 1095 1266 1163 31 1130 939 879 1158 942 641 1076 1145 1249 566 977 741 1075 1327 1101 904 843 1014 821 955 1169 632 857 999 1003 1033 1219 819 645 956 970 449 1433 307 1030 1320 614 1152
21 1242 263 1446 1122 1023 1064 1451 1198 1045 972 1534 1050 1054 1098 934 695 1430 1463 1054 1183 1403 398 932 993 687 1335 1175 1050 1413 922 1309 1396 1385 1501 1073 1452 1371 315 643 1132 1185 1156 1165 1118 494
22 373 350 268 370 68 163 257 147 236 262 419 312 258 245 237 357 371 264 343 380 277 415 292 126 262 416 217 330 329 255 317 282 156 389 362 354 270 314 187 350 308 383 399 129 54
23 767 1138 743 774 638 648 265 1028 1130 675 912 1037 1126 688 1049 580 1080 853 1123 956 1030 736 871 674 832 649 571 1015 957 1102 627 550 1152 188 1014 1083 1156 957 1078 704 926 607 910 621 995
24 342 735 206 1040 633 741 964 971 992 659 650 739 1064 809 793 619 61 491 449 1089 646 928 580 585 505 955 1109 256 492 490 1076 909 1091 378 223 629 974 690 678 713 781 1120 1032 889 757
25 150 469 612 435 308 584 616 607 572 577 366 118 176 393 366 560 595 573 307 604 381 429 307 493 544 327 584 571 456 519 469 305 368 576 161 632 580 589 523 594 245 367 217 442 553
26 1213 867 1406 628 1394 1024 119 696 856 457 1375 1224 1286 1208 567 1211 1465 1007 722 906 1185 826 1309 417 653 1114 1144 985 979 1257 985 1275 862 1244 1166 1422 1214 384 1350 1176 652 667 793 1387 1218
27 475 1159 1245 1408 300 1216 1320 1486 817 1255 1117 1561 1360 1566 657 969 736 322 1575 836 672 534 1237 1095 1578 1223 1343 1478 996 590 986 1310 642 1022 771 1213 1444 885 881 1268 821 1060 1315 1415 1534
28 425 981 1311 1396 904 1238 1207 927 1532 229 688 719 1563 927 1205 797 839 1356 1241 1188 794 1201 1140 1085 1370 1177 929 1578 1128 1535 1264 1396 812 1386 817 1517 1522 1572 1506 651 1539 1479 1476 922 507
29 1030 422 1322 1183 979 782 1084 916 405 439 845 552 99 829 982 1070 875 870 964 243 1093 785 463 956 816 305 870 959 1062 425 657 888 817 1192 1210 845 189 675 733 1158 903 570 801 392 731
30 1321 1387 1161 1439 1262 1281 1279 1142 1024 748 1381 1434 1218 1480 1291 1513 254 1182 985 772 1383 351 1357 372 493 720 1179 1062 887 507 836 1382 916 943 75 292 1095 1518 1343 675 1491 1215 1507 889 656
31 498 428 535 510 399 270 511 298 399 426 252 537 471 483 486 211 266 310 497 399 228 433 403 233 551 501 422 362 573 357 480 318 273 365 396 518 171 79 516 336 502 346 300 239 420
32 592 908 253 434 1153 730 156 1024 1227 1242 922 913 1110 529 385 438 110 895 338 105 951 1016 1197 888 1104 942 464 1087 1129 1000 843 714 297 340 970 971 698 445 540 120 1011 722 939 1243 806
33 1020 205 363 1024 188 224 252 792 1144 1188 911 490 818 1162 149 963 291 1093 606 1172 1145 1154 261 797 1195 1048 899 921 483 845 526 1179 180 439 896 1182 676 1144 170 603 1086 427 682 785 184
34 1425 1086 1397 1243 761 740 545 1425 1039 400 1093 1559 1216 616 283 589 1340 1442 514 440 1095 549 1372 1302 1195 784 321 1519 1429 1546 903 1570 1006 1039 1553 1326 1168 1411 589 1149 1525 928 1339 1412 1415
35 438 527 585 372 707 568 538 600 511 647 859 995 1020 858 984 627 922 594 986 373 594 216 823 826 882 357 964 1040 804 975 801 728 959 1013 793 981 671 611 981 951 872 730 867 538 927
36 906 1036 933 1412 1166 906 1240 754 214 1372 455 612 1333 633 1240 1339 1196 1396 1142 925 515 1499 620 378 1462 803 1416 1194 1146 1111 1411 655 626 427 393 1159 1133 1209 202 932 1152 831 1332 1247 788
37 437 702 807 790 748 801 784 153 766 504 596 179 486 229 749 426 355 768 785 257 750 505 482 669 377 240 157 653 500 440 625 737 371 525 551 133 762 670 487 612 787 486 566 342 678
38 137 367 404 267 263 363 378 353 382 420 323 145 409 116 196 163 159 411 393 407 318 294 300 234 198 120 250 183 379 38 418 289 311 296 345 152 228 343 218 301 209 356 130 265 374
39 1403 371 1491 1014 1478 820 901 1473 1556 1379 515 1555 1157 543 1089 1201 85 580 902 1380 1367 1153 1423 746 1422 1560 793 1267 922 653 415 1000 926 607 1203 687 1240 1374 1530 829 319 254 1169 1552 581
40 331 313 236 325 331 325 411 228 96 400 320 258 420 186 86 297 262 297 211 291 208 263 354 162 301 378 47 310 318 291 364 410 378 402 229 55 214 254 305 276 342 309 412 279 395
;

param:   cost_bundl  marginal :=
1 169 144
2 182 114
3 171 206
4 115 188
5 121 170
6 169 163
7 205 190
8 197 180
9 80 200
10 44 200
11 41 152
12 201 209
13 150 187
14 160 134
15 124 71
16 198 124
17 172 195
18 38 165
19 157 148
20 173 195
21 49 193
22 191 199
23 196 140
24 159 157
25 49 39
26 103 89
27 211 208
28 145 172
29 73 162
30 52 212
31 168 118
32 206 160
33 76 161
34 199 186
35 112 166
36 183 147
37 191 144
38 168 163
39 95 57
40 173 172
41 76 130
42 166 208
43 169 210
44 48 106
45 86 98
;
param: buyer budget :=
  0 827
  1 1346
  2 918
  3 800
  4 535
  5 694
  6 379
  7 1558
  8 659
  9 743
  10 689
  11 1205
  12 104
  13 877
  14 681
  15 1068
  16 312
  17 1474
  18 988
  19 83
  20 949
  21 1292
  22 1188
  23 1224
  24 1169
  25 1474
  26 1053
  27 779
  28 383
  29 1561
  30 935
  31 1573
  32 462
  33 248
  34 829
  35 401
  36 893
  37 862
  38 1379
  39 1139
;
param num_partition :=
2
;
param: item partition_index cardinality :=
0 0 15
1 0 16
2 0 32
3 0 11
4 0 30
5 0 17
6 0 32
7 0 26
8 0 4
9 0 15
10 0 18
11 0 6
12 0 39
13 0 36
14 0 24
15 0 22
16 0 24
17 0 24
18 0 15
19 0 33
20 0 12
21 0 13
22 0 15
23 0 9
24 0 39
25 0 2
26 0 11
27 0 27
28 0 11
29 0 24
30 0 33
31 0 17
32 0 23
33 0 4
34 0 15
35 0 21
36 0 28
37 0 32
38 0 8
39 0 11
40 0 20
41 0 11
42 0 36
43 0 23
44 0 17
