param num_bundles := 45;

param num_cust := 40;

param price_reserve :
   1 2 3 4 5 6 7 8 9 10 11 12 13 14 15 16 17 18 19 20 21 22 23 24 25 26 27 28 29 30 31 32 33 34 35 36 37 38 39 40 41 42 43 44 45 :=
1 685 1024 438 826 1027 1153 1014 1161 728 829 600 944 426 660 1017 875 1085 336 540 1218 886 245 1148 892 332 89 1207 1202 1221 347 1221 856 286 479 565 1006 1121 1078 323 939 1068 604 768 389 505
2 719 618 551 822 1067 1118 1059 739 486 1041 783 978 1130 758 736 825 1103 169 626 1021 657 738 848 1151 702 71 516 992 1049 544 1116 511 993 1085 723 535 590 173 571 388 611 1040 523 591 967
3 309 1014 954 953 642 996 558 723 1154 1010 377 614 995 785 403 600 983 825 977 1036 1124 1115 455 1070 1144 829 773 982 1171 774 847 969 155 794 900 1194 364 711 551 432 509 784 831 1076 1010
4 587 515 605 413 347 369 518 548 462 522 586 463 245 569 559 313 303 480 521 241 280 403 295 321 599 502 450 565 430 426 124 475 318 610 604 326 464 381 385 402 585 308 399 495 588
5 553 1034 678 323 785 614 804 1109 1042 268 1033 658 585 800 270 457 957 1081 293 236 846 583 605 935 850 911 871 665 883 750 681 582 640 559 875 904 838 748 912 1085 695 441 831 1048 967
6 1001 690 666 902 791 1161 965 1193 1260 1142 377 792 1271 969 187 433 1214 486 970 928 342 1276 682 1212 996 290 815 884 1027 911 439 1089 112 1127 1197 1292 1091 986 547 1118 799 838 1017 915 1005
7 1261 1421 1324 1048 1119 958 1120 1102 1360 582 1226 830 1322 773 509 1140 863 1335 846 1285 1129 1433 176 636 1112 1422 1372 719 971 1076 752 1104 1287 676 779 1281 200 1242 1274 906 202 140 816 1055 1003
8 446 718 463 338 669 385 311 432 112 428 394 568 317 296 661 374 562 607 456 677 620 251 579 509 632 189 674 725 492 654 560 623 292 730 409 573 551 431 562 583 398 724 197 260 449
9 1169 1302 512 616 1080 1214 391 418 829 542 659 341 1082 365 326 987 642 1217 527 1237 1260 382 862 962 433 1296 1004 1179 1064 1015 1175 1086 1094 1102 1280 973 638 500 1028 1241 1045 1022 408 1072 1183
10 601 638 1232 1183 826 598 1218 1427 90 752 768 1214 1143 1312 1212 842 246 597 1461 138 1015 629 1139 1374 1190 524 1172 891 1445 865 1235 1348 1256 350 468 577 521 1107 932 1106 1226 1179 1324 545 163
11 1165 459 1263 1292 960 610 1010 1100 1288 841 679 1107 204 1060 702 594 1057 1221 1149 289 507 535 1075 964 1119 1309 365 848 1247 613 1233 924 834 1289 1235 890 676 717 860 681 974 805 930 482 630
12 923 684 986 617 1051 1012 705 540 941 613 527 987 760 658 993 515 984 1102 161 1003 1004 1021 1110 1057 717 854 694 722 1093 814 1070 1085 461 183 948 241 429 593 1018 1107 320 1037 773 606 282
13 601 1243 1506 936 1565 1528 1221 785 1142 1335 465 1034 634 1292 1282 1457 1559 1433 1116 492 298 1134 368 1492 1257 1079 1143 352 683 1240 633 1471 1529 1368 1089 946 1459 1552 542 540 1155 300 1147 1507 1212
14 150 1396 936 912 407 1188 1386 803 962 554 386 940 139 1201 695 1224 1126 443 1262 1356 1271 895 332 1087 838 1410 393 1261 1004 1118 1057 850 833 1369 1009 1388 577 425 1096 626 717 587 764 1346 679
15 1029 882 1008 921 1246 918 1150 1011 1131 1109 610 1059 652 722 1007 608 610 677 360 657 1265 1198 1170 196 833 1050 1194 757 1154 1214 463 1085 929 1232 616 1071 134 880 561 1060 1017 632 551 1190 1180
16 962 223 997 935 1529 1171 1436 1177 1195 1132 653 685 1184 825 667 1549 909 1484 1311 580 1153 903 118 1182 794 1306 1159 1207 1006 1558 1383 1296 1146 659 407 1365 1503 1274 870 1359 658 1403 567 1346 963
17 954 1108 1069 1006 922 1001 966 905 334 476 568 750 1015 862 620 1110 1102 1089 380 1006 1057 780 1084 770 172 1106 955 855 1044 669 925 1088 850 695 679 863 337 491 886 270 1025 987 951 859 699
18 1209 445 1575 1147 1300 1494 1486 433 1578 994 1236 572 1598 784 904 1264 1436 433 698 457 730 1056 1387 1226 875 1397 915 1525 1246 916 965 369 1442 1434 1067 190 1036 539 1424 1283 655 640 652 1083 1523
19 773 754 898 983 1088 902 1105 1213 655 813 1293 384 1135 1201 1232 1166 493 632 656 849 1138 355 463 1085 976 503 504 321 635 1277 677 711 455 1172 431 1233 1166 708 269 1244 807 765 864 553 381
20 540 1485 1397 825 356 1214 886 1122 1266 548 695 1399 861 1331 1054 1437 1430 1049 1327 1113 1523 1159 340 1550 966 1228 1401 741 1215 1201 1090 652 200 1003 1539 1240 706 873 882 1157 783 1100 1545 1115 805
21 357 593 177 598 818 378 865 619 603 292 430 554 299 765 916 350 795 824 845 474 361 769 634 288 881 619 690 879 926 907 313 711 694 755 639 696 543 874 852 630 849 695 334 458 953
22 149 25 153 114 116 171 190 144 180 161 79 97 192 100 87 141 152 152 134 142 112 72 194 102 206 155 196 97 113 131 170 184 202 159 194 17 154 97 111 143 144 173 190 209 195
23 283 995 409 299 665 845 860 602 1014 1129 840 852 907 1320 596 993 1066 847 905 1012 1091 797 389 1005 658 1045 345 1283 954 1285 1022 1019 984 870 1068 1149 933 1255 250 854 501 1234 1300 1319 125
24 502 1171 1393 531 402 578 815 1180 1373 442 1004 1029 1388 1237 1082 791 942 1007 437 908 516 962 464 1275 734 1299 895 1006 416 829 978 552 1373 1193 1337 985 560 883 796 1242 988 1377 618 659 111
25 1037 313 1096 699 868 739 778 994 937 605 586 655 826 867 1017 1079 1058 1045 246 597 966 862 437 999 1078 1162 1030 1219 1068 1186 980 1013 1037 1236 1060 555 1162 496 439 731 805 1043 310 892 1272
26 968 350 790 360 155 103 613 684 756 574 827 764 849 1000 765 849 759 895 1047 771 251 832 953 955 997 850 703 508 672 637 68 477 253 779 541 264 704 277 579 765 712 686 244 158 371
27 729 1047 508 848 763 1490 1064 1066 802 961 1382 1499 775 1303 1352 552 1349 593 466 322 1304 744 1173 1444 822 1173 1385 111 1437 1449 1077 1255 814 281 832 1412 481 801 634 1093 1250 972 584 806 686
28 449 814 1078 1028 966 633 1086 831 1082 637 770 1087 690 776 688 878 576 1087 1128 281 1013 1131 663 1082 849 1133 556 853 907 878 748 1014 880 902 463 562 761 1115 1080 588 834 546 632 1033 681
29 1194 790 829 1361 539 673 1446 998 770 683 1236 1117 843 1429 1080 500 1408 1189 766 260 1558 1245 1118 219 1447 925 924 1386 1064 1043 986 358 1565 1230 766 472 1242 803 1460 1523 476 934 1503 938 826
30 422 248 491 375 466 414 500 64 118 354 285 437 73 372 288 438 407 245 298 301 206 192 486 328 483 456 455 468 496 482 275 208 334 464 504 421 337 470 433 388 366 435 82 508 434
31 332 455 182 357 575 531 432 455 549 184 813 810 629 447 743 381 620 335 578 577 373 563 236 837 532 320 821 718 876 514 819 821 601 802 547 754 778 345 694 271 647 431 751 829 347
32 1172 473 636 1321 712 887 1124 657 1106 492 1184 1293 536 410 1114 587 1243 425 1310 358 947 1183 849 1318 1322 907 566 1054 1325 933 1319 1284 861 1158 1121 1306 996 899 1230 1235 1230 562 1116 1187 665
33 483 793 883 912 278 626 768 681 894 256 141 642 564 772 814 784 211 521 640 624 747 399 852 808 197 735 729 312 876 836 751 158 531 593 736 846 895 724 397 604 431 743 810 869 408
34 650 1090 1505 634 183 1498 1126 1383 860 1119 1203 1039 1164 338 1158 887 920 1210 820 1280 457 1150 793 602 1389 1138 369 1418 890 1250 355 1149 1080 1496 1482 1193 899 167 459 1385 948 1507 886 1179 229
35 775 355 230 827 1150 498 707 1223 367 1169 981 784 782 1277 587 816 977 802 545 270 1164 817 312 717 514 1270 1259 1290 553 976 1273 1067 1292 628 308 1238 527 1244 1175 482 1000 1149 362 1166 986
36 658 632 506 1110 1054 712 595 861 1101 127 645 820 998 447 990 783 257 159 338 745 1025 633 910 960 1031 906 888 859 300 662 518 1080 945 1038 868 245 577 776 941 1018 869 329 1021 1016 277
37 1029 881 650 992 1074 456 518 388 679 1068 952 670 1007 451 863 159 769 124 596 986 988 105 1069 578 481 533 487 1029 988 627 1050 930 626 916 907 955 894 138 782 693 1014 856 258 675 820
38 828 1040 562 247 720 320 923 1059 679 606 1101 955 447 747 696 1016 866 883 485 533 172 1032 865 1030 903 1034 1087 747 1004 837 861 980 1007 532 558 409 420 453 968 1041 934 833 426 874 853
39 179 157 169 132 190 173 197 179 194 195 166 90 183 183 147 172 173 94 210 115 6 176 106 160 132 167 208 87 195 118 210 116 186 195 122 134 145 177 156 169 60 37 34 62 92
40 1093 773 923 859 863 1278 1074 576 508 676 1060 514 482 670 474 1291 472 1008 999 782 858 969 1018 639 935 1312 1289 314 1195 1052 1216 1260 906 1268 819 153 501 519 917 881 1021 1187 872 495 924
;

param:   cost_bundl  marginal :=
1 171 139
2 51 128
3 64 130
4 198 178
5 161 144
6 166 169
7 72 83
8 195 92
9 198 106
10 174 87
11 65 61
12 131 123
13 197 52
14 137 101
15 189 161
16 135 97
17 34 181
18 101 138
19 198 153
20 95 201
21 161 178
22 100 153
23 124 115
24 106 186
25 108 208
26 172 87
27 119 169
28 198 155
29 181 102
30 189 97
31 111 132
32 170 192
33 84 31
34 207 179
35 151 155
36 85 190
37 157 63
38 112 144
39 159 82
40 118 196
41 14 203
42 153 31
43 204 210
44 82 182
45 115 200
;
param: buyer budget :=
  0 203
  1 1348
  2 301
  3 271
  4 573
  5 925
  6 1168
  7 1430
  8 999
  9 690
  10 436
  11 939
  12 1549
  13 921
  14 1252
  15 725
  16 240
  17 1323
  18 185
  19 328
  20 991
  21 719
  22 516
  23 951
  24 1384
  25 989
  26 27
  27 594
  28 619
  29 1548
  30 127
  31 465
  32 183
  33 143
  34 1196
  35 1076
  36 325
  37 1468
  38 405
  39 1147
;
param num_partition :=
2
;
param: item partition_index cardinality :=
0 0 23
1 0 32
2 0 6
3 0 18
4 0 1
5 0 19
6 0 20
7 0 15
8 0 19
9 0 14
10 0 35
11 0 8
12 0 34
13 0 19
14 0 9
15 0 8
16 0 34
17 0 34
18 0 37
19 0 2
20 0 38
21 0 22
22 0 16
23 0 34
24 0 33
25 0 6
26 0 12
27 0 11
28 0 21
29 0 36
30 0 36
31 0 20
32 0 38
33 0 15
34 0 35
35 0 37
36 0 19
37 0 6
38 0 15
39 0 25
40 0 1
41 0 4
42 0 36
43 0 21
44 0 25
