param num_bundles := 35;

param num_cust := 40;

param price_reserve :
   1 2 3 4 5 6 7 8 9 10 11 12 13 14 15 16 17 18 19 20 21 22 23 24 25 26 27 28 29 30 31 32 33 34 35 :=
1 1224 1277 418 1164 1230 1131 1038 1192 359 787 1081 1132 633 804 932 388 1185 500 1172 959 279 1171 1247 807 906 240 899 772 1074 727 283 415 846 1010 495
2 532 805 624 484 684 657 610 610 665 597 552 840 735 682 420 666 487 803 810 695 796 537 335 490 738 619 825 801 741 735 254 384 847 655 310
3 842 1024 375 892 947 532 409 1138 874 516 632 665 329 62 763 559 1072 609 943 214 336 226 539 1128 987 644 706 888 786 473 911 275 965 928 810
4 464 928 431 1153 867 815 727 589 775 955 1227 484 536 1117 679 1028 711 351 1020 925 912 855 423 927 1079 950 1095 742 1177 735 1119 756 1066 1169 968
5 713 599 374 713 439 649 646 604 665 660 367 508 299 655 580 694 429 259 215 373 609 465 413 483 253 699 318 414 635 250 380 679 703 637 442
6 283 74 201 437 374 314 365 258 317 183 131 178 332 345 414 433 450 356 367 114 362 381 170 303 237 441 108 446 434 262 411 233 258 187 399
7 355 438 531 369 613 498 341 551 624 178 570 104 363 284 63 78 378 595 638 389 193 120 563 147 474 331 327 461 255 64 640 431 73 338 582
8 326 404 600 739 910 708 718 919 371 257 931 820 950 879 789 468 996 895 931 507 773 888 807 772 663 363 887 325 885 760 892 793 360 716 813
9 636 360 678 242 650 359 283 126 291 314 428 439 560 456 488 333 673 672 340 646 460 476 309 394 677 87 458 616 495 184 622 454 457 533 633
10 503 365 475 550 441 508 326 356 107 545 226 569 284 235 494 572 531 224 324 202 473 597 480 633 571 285 240 608 593 506 413 427 279 602 425
11 136 488 774 373 167 632 783 657 186 491 664 796 658 672 234 534 625 474 790 718 332 115 617 375 663 117 601 252 625 436 591 705 543 767 368
12 129 108 157 113 146 35 41 137 115 71 117 117 116 79 105 172 144 130 129 102 175 181 98 135 105 80 77 166 161 138 144 91 185 183 128
13 313 912 313 460 758 1008 423 162 737 986 708 330 242 920 864 270 974 912 1008 89 1033 308 557 223 614 854 687 520 713 874 619 922 701 353 164
14 688 480 534 894 837 656 557 225 160 826 250 610 821 834 431 510 496 796 273 788 741 772 302 840 242 886 706 842 889 549 249 345 516 775 656
15 812 684 699 643 311 871 856 237 805 692 888 748 598 677 774 610 780 801 844 603 819 435 220 405 934 808 445 170 872 205 773 167 231 899 847
16 1166 572 201 947 530 876 1077 1239 568 606 1205 1138 700 1219 1151 976 1067 932 1178 824 943 872 772 1188 625 1239 1161 1047 999 293 462 493 220 846 771
17 609 747 925 334 939 373 794 335 1041 337 498 797 595 1039 644 540 860 1020 1073 278 877 732 275 102 758 311 1000 627 1029 322 1056 995 759 1090 901
18 1198 804 1163 672 933 1063 633 878 839 314 981 734 764 644 777 936 805 746 542 769 588 396 803 1021 290 778 937 1259 1197 1185 743 897 1173 1149 758
19 345 340 143 407 293 264 332 270 180 367 112 397 87 314 439 334 291 123 335 431 395 342 221 374 193 451 408 237 315 171 155 423 428 384 106
20 225 453 322 179 415 461 243 226 367 458 310 161 433 469 462 398 295 219 265 460 378 340 254 409 278 496 167 410 453 399 471 366 420 166 403
21 734 350 878 241 896 662 888 425 537 690 887 838 911 510 641 385 447 612 934 706 409 867 419 460 767 908 705 879 665 842 875 915 121 854 553
22 1061 554 1122 571 283 597 520 432 352 860 897 159 583 478 643 278 607 798 497 163 565 125 989 729 533 419 330 906 631 834 962 1038 367 1150 311
23 538 183 221 380 487 437 465 328 388 541 276 464 359 390 366 151 416 284 398 134 256 396 343 207 384 65 371 392 360 376 494 416 442 402 409
24 897 778 712 604 645 701 598 694 595 826 578 247 783 346 327 783 591 385 621 698 781 652 593 401 106 651 494 541 709 364 282 513 844 624 678
25 1107 379 821 1174 661 1104 1155 1071 1026 902 1009 992 1141 1125 406 493 892 1186 589 531 840 1219 741 162 194 607 1220 929 840 1256 1189 470 1190 1100 1043
26 278 279 313 92 333 395 148 332 248 379 321 428 365 391 236 293 273 436 420 152 314 419 436 225 281 433 196 414 305 397 450 371 223 244 96
27 678 844 651 836 950 587 871 849 514 740 466 517 924 273 550 563 600 832 663 408 831 305 740 559 381 946 590 1003 1029 887 919 595 639 595 605
28 486 530 241 623 629 613 736 726 826 775 864 750 590 386 716 624 684 632 822 832 230 606 827 784 541 386 623 482 837 773 405 731 550 743 625
29 1059 1125 688 1011 1161 780 1110 612 1105 166 329 763 963 1045 1031 1116 1118 193 713 856 1062 360 912 204 966 1108 911 1018 482 796 422 597 959 523 999
30 631 990 536 535 696 636 1028 856 669 419 736 693 519 973 1041 475 775 446 662 1015 557 884 381 744 198 624 614 551 755 1039 307 760 778 613 490
31 868 911 1085 836 229 1153 965 62 1044 662 246 737 821 727 667 1057 892 1163 1077 939 1074 1101 560 771 641 520 1112 1145 788 633 849 608 849 1123 937
32 635 603 261 493 592 683 49 623 714 352 380 282 734 575 232 723 742 192 647 586 507 765 191 592 85 521 318 773 201 323 604 438 231 732 549
33 109 937 631 335 763 797 830 545 840 591 585 558 412 247 100 925 762 1057 1098 1098 129 592 770 1070 1007 920 1140 1020 975 887 298 1047 817 414 338
34 644 559 238 811 543 855 373 677 716 563 682 646 271 757 223 457 715 590 794 718 511 199 669 333 471 611 274 440 500 475 751 630 503 683 703
35 225 797 430 849 560 572 838 399 976 824 603 836 833 388 700 946 240 829 901 493 599 671 887 1015 677 269 764 1018 170 819 866 971 617 54 574
36 547 411 548 820 965 643 846 735 764 590 946 935 274 511 163 873 305 859 327 593 561 859 492 895 246 745 567 823 954 546 579 752 973 447 675
37 735 432 242 621 736 795 411 715 729 756 127 403 601 413 364 598 232 608 775 379 614 489 567 746 552 597 479 511 381 640 635 752 532 729 781
38 578 727 412 614 698 758 503 740 905 491 601 285 689 271 903 753 479 779 224 191 409 177 754 434 241 610 784 538 534 719 683 635 437 291 898
39 138 445 286 290 506 123 501 397 430 405 411 505 450 478 301 92 456 506 510 449 286 120 289 433 162 415 260 390 169 500 479 284 233 475 386
40 465 925 398 1186 760 1180 1018 945 1153 901 499 1105 1124 253 528 1134 1013 747 1070 892 732 1086 1032 685 884 594 488 1020 651 1005 798 843 100 1053 1079
;

param:   cost_bundl  marginal :=
1 20 30
2 176 134
3 53 66
4 151 172
5 102 147
6 172 146
7 99 163
8 154 185
9 158 176
10 147 90
11 23 133
12 78 52
13 77 148
14 138 163
15 155 145
16 99 138
17 160 142
18 161 178
19 80 121
20 183 135
21 56 81
22 144 102
23 101 91
24 121 157
25 164 178
26 152 178
27 15 77
28 111 14
29 125 158
30 175 151
31 177 132
32 125 172
33 106 146
34 74 69
35 118 100
;
param: buyer budget :=
  0 1051
  1 1096
  2 967
  3 615
  4 997
  5 574
  6 195
  7 558
  8 798
  9 884
  10 1117
  11 135
  12 650
  13 124
  14 416
  15 1263
  16 637
  17 659
  18 1236
  19 442
  20 138
  21 704
  22 655
  23 1249
  24 692
  25 103
  26 644
  27 639
  28 55
  29 779
  30 1147
  31 611
  32 818
  33 656
  34 808
  35 399
  36 663
  37 1046
  38 642
  39 62
;
param num_partition :=
2
;
param: item partition_index cardinality :=
0 0 27
1 0 23
2 0 22
3 0 10
4 0 26
5 0 35
6 0 27
7 0 37
8 0 31
9 0 17
10 0 31
11 0 18
12 0 22
13 0 17
14 0 36
15 0 9
16 0 1
17 0 4
18 0 31
19 0 10
20 0 30
21 0 25
22 0 14
23 0 39
24 0 2
25 0 39
26 0 14
27 0 18
28 0 20
29 0 25
30 0 1
31 0 23
32 0 2
33 0 5
34 0 2
