param num_bundles := 35;

param num_cust := 40;

param price_reserve :
   1 2 3 4 5 6 7 8 9 10 11 12 13 14 15 16 17 18 19 20 21 22 23 24 25 26 27 28 29 30 31 32 33 34 35 :=
1 762 1020 560 461 1023 1078 497 1197 789 1184 1077 1173 662 761 1161 1105 734 732 415 823 1227 813 830 1217 1127 994 557 1107 465 924 367 794 1163 131 680
2 329 603 415 414 237 486 502 434 596 436 397 410 588 154 594 586 518 478 130 254 510 585 515 574 551 574 170 400 562 166 481 158 70 509 429
3 962 1106 847 828 867 1123 603 438 774 915 889 1044 1022 834 564 781 449 1001 501 966 809 1113 426 779 365 641 998 960 1003 984 891 858 960 966 1115
4 528 381 304 567 279 330 601 375 484 613 415 594 506 217 562 372 633 564 94 473 325 532 547 362 410 464 171 556 489 560 361 515 519 89 276
5 801 110 538 283 225 766 748 679 833 640 963 79 889 760 132 782 697 578 982 691 1016 1002 737 105 527 398 802 703 632 156 532 584 542 940 802
6 911 874 791 1170 1033 963 1066 378 575 165 1155 1028 523 1071 870 832 1170 903 690 409 1063 1171 1135 722 484 797 1034 639 853 994 1140 979 602 663 691
7 987 876 740 841 532 679 968 734 1003 691 804 1007 771 843 720 875 617 972 729 797 836 706 483 236 873 621 887 792 870 860 352 874 940 587 460
8 770 510 771 761 895 641 970 678 351 840 373 873 786 440 545 897 941 946 412 338 950 423 466 553 732 619 643 751 686 988 958 347 550 172 507
9 227 525 668 186 629 580 305 19 435 670 401 735 500 538 259 603 617 251 285 491 485 398 673 767 754 445 282 416 233 207 194 574 346 457 360
10 1049 578 257 775 1068 749 917 892 948 806 1042 981 621 959 813 620 386 809 309 554 800 1057 855 938 461 1023 866 731 972 806 1009 778 716 552 818
11 366 184 674 122 860 306 618 489 618 270 605 828 781 683 223 393 701 809 587 827 576 439 749 632 524 608 514 580 308 775 616 305 725 670 515
12 299 589 562 493 705 497 661 864 245 666 732 854 874 527 698 795 743 705 725 744 527 709 858 624 807 721 529 815 558 494 674 254 838 785 800
13 695 564 732 639 373 577 556 620 671 515 699 305 741 483 598 730 386 577 153 514 690 658 626 725 429 68 92 474 446 423 135 113 606 138 127
14 1007 1115 809 738 900 277 748 474 1033 235 966 471 878 549 980 480 586 890 775 761 1117 695 889 948 1108 661 1093 993 847 855 1052 18 612 708 857
15 488 305 785 942 255 857 957 717 69 739 597 608 389 883 891 630 772 722 597 178 710 509 753 191 205 192 849 346 536 817 566 820 493 749 665
16 1106 1078 1140 797 960 858 988 246 1131 634 992 650 1020 387 419 1076 329 510 925 1024 396 819 274 1094 1080 960 548 449 1053 863 677 335 325 580 733
17 460 565 532 732 233 521 699 259 306 746 575 335 539 493 647 376 660 105 634 446 743 657 503 756 819 797 368 767 828 468 528 685 457 495 708
18 844 264 891 854 642 420 727 739 212 923 678 281 913 576 879 625 169 910 698 694 703 850 674 261 490 797 752 394 837 377 749 285 907 348 496
19 525 665 501 160 1068 1265 1140 1105 1256 737 593 452 1168 1207 904 729 560 1024 1199 951 990 1124 899 1044 532 647 1262 494 1245 1021 652 636 1110 505 314
20 472 520 719 397 438 656 693 553 709 228 723 495 254 301 681 417 683 211 471 569 671 543 704 697 324 161 457 330 632 672 620 263 399 415 685
21 816 967 806 730 1012 835 814 982 729 829 844 991 799 379 884 744 758 872 739 461 520 895 721 645 1009 728 427 324 554 875 916 911 310 730 396
22 304 604 271 568 597 443 470 170 322 378 626 279 648 379 541 592 620 663 444 350 593 283 566 364 553 500 236 648 330 438 412 399 411 223 450
23 921 978 507 88 946 381 831 994 961 804 480 514 596 952 174 729 260 508 65 995 353 866 391 581 307 956 482 393 909 764 304 987 715 841 927
24 328 919 904 644 924 31 743 44 896 865 690 780 446 922 127 784 329 585 613 742 919 935 628 713 424 874 649 282 689 883 778 829 746 770 809
25 996 1083 422 525 1198 646 1161 507 1129 379 805 824 963 849 936 580 486 1142 1077 904 572 1003 689 966 1076 668 782 983 1018 1019 403 536 649 1195 914
26 383 777 614 359 487 457 839 834 767 526 668 654 786 147 686 783 458 693 790 852 433 643 599 823 728 404 230 824 511 570 293 322 626 780 406
27 436 211 268 343 378 278 416 409 403 263 99 239 451 264 319 366 338 305 216 233 313 250 272 280 171 93 48 415 266 321 241 422 354 267 68
28 815 826 792 691 882 815 817 321 947 991 802 809 276 195 312 1059 792 140 924 913 785 122 526 1006 670 958 577 1051 1054 993 986 417 510 971 895
29 689 410 704 510 529 724 688 649 579 724 561 434 575 668 701 631 388 692 176 711 264 620 618 306 195 480 213 537 747 427 617 637 536 582 565
30 840 1145 458 1105 1113 969 366 927 1076 430 820 250 1195 575 1118 1093 847 970 874 1053 124 1197 1060 1075 890 1094 843 1153 1096 851 726 858 910 697 846
31 662 666 493 596 663 584 845 389 809 139 879 858 651 237 774 326 712 442 453 701 176 563 56 433 481 515 879 513 825 556 363 552 342 862 590
32 1049 80 864 600 1064 990 769 945 1169 731 960 883 904 1122 1144 1137 1014 263 329 1066 420 806 502 271 894 395 621 705 1065 1053 407 764 517 1061 1012
33 771 648 282 940 1035 183 1071 563 1030 532 528 910 1089 569 381 661 488 1055 969 472 1100 695 521 1102 549 975 925 843 640 845 704 542 58 711 492
34 458 269 536 66 527 380 537 299 210 82 500 251 323 427 558 504 524 332 81 501 416 138 283 240 199 493 235 454 535 492 497 392 386 281 508
35 829 631 338 516 262 251 101 721 579 688 167 339 812 300 452 467 696 439 287 331 155 327 457 731 750 271 636 625 751 591 586 564 298 292 440
36 630 163 107 873 637 329 329 850 595 874 945 975 543 565 854 950 453 842 694 326 765 649 351 334 846 297 379 815 876 196 833 619 697 963 964
37 1059 1023 803 942 947 256 505 156 653 690 674 701 884 855 918 313 629 871 967 1071 333 403 877 129 695 1139 929 744 513 514 983 753 359 833 296
38 330 351 501 286 513 579 740 714 625 675 342 489 618 596 138 465 573 768 432 443 291 648 429 186 798 318 726 574 718 466 591 607 268 223 804
39 686 636 691 624 374 895 802 697 743 204 418 518 801 371 1001 776 686 604 452 825 471 454 927 925 867 726 745 785 126 908 567 868 503 890 872
40 254 713 780 616 684 934 364 826 831 186 382 917 467 687 287 141 880 384 338 569 685 303 472 880 705 362 592 469 938 518 739 799 633 644 946
;

param:   cost_bundl  marginal :=
1 129 129
2 87 170
3 175 21
4 70 95
5 139 164
6 176 64
7 107 150
8 130 93
9 184 145
10 172 181
11 152 132
12 97 128
13 165 178
14 178 63
15 182 90
16 71 132
17 177 77
18 93 62
19 143 179
20 149 153
21 109 164
22 157 172
23 143 83
24 31 137
25 47 179
26 134 34
27 168 29
28 137 102
29 111 155
30 145 115
31 74 142
32 132 102
33 33 127
34 62 175
35 153 100
;
param: buyer budget :=
  0 957
  1 451
  2 650
  3 943
  4 629
  5 240
  6 411
  7 536
  8 1073
  9 1041
  10 941
  11 1199
  12 958
  13 18
  14 270
  15 1172
  16 657
  17 314
  18 836
  19 1097
  20 68
  21 190
  22 1241
  23 180
  24 1165
  25 617
  26 589
  27 352
  28 998
  29 195
  30 1042
  31 56
  32 812
  33 755
  34 719
  35 837
  36 48
  37 405
  38 697
  39 214
;
param num_partition :=
2
;
param: item partition_index cardinality :=
0 0 18
1 0 28
2 0 14
3 0 35
4 0 17
5 0 21
6 0 9
7 0 7
8 0 13
9 0 21
10 0 33
11 0 31
12 0 30
13 0 1
14 0 32
15 0 20
16 0 21
17 0 11
18 0 23
19 0 37
20 0 15
21 0 21
22 0 39
23 0 17
24 0 5
25 0 6
26 0 16
27 0 6
28 0 8
29 0 23
30 0 37
31 0 24
32 0 34
33 0 22
34 0 34
