param num_bundles := 35;

param num_cust := 40;

param price_reserve :
   1 2 3 4 5 6 7 8 9 10 11 12 13 14 15 16 17 18 19 20 21 22 23 24 25 26 27 28 29 30 31 32 33 34 35 :=
1 310 425 454 377 502 281 88 438 128 358 275 457 495 258 411 483 381 374 118 411 324 501 371 282 254 509 178 203 394 348 310 483 446 150 152
2 838 505 308 906 895 861 473 782 737 50 265 854 921 857 361 249 727 770 468 926 834 921 757 808 381 835 909 353 780 252 680 263 549 651 266
3 737 1043 1159 875 854 818 900 678 641 668 537 1166 645 304 700 708 883 834 1012 1144 867 911 940 1092 339 937 366 217 688 981 939 1174 375 1132 1010
4 138 17 70 92 145 88 19 143 182 132 90 44 172 3 173 105 71 147 77 68 175 184 169 180 177 130 22 59 148 91 130 65 129 89 181
5 757 1165 411 598 563 185 968 981 251 622 873 883 387 1207 1027 1097 1044 825 803 579 1152 453 1158 697 1095 1062 939 1152 451 1159 726 1194 131 947 764
6 941 350 914 377 588 258 572 895 540 502 817 1033 743 1006 843 1032 818 811 685 615 840 555 604 639 615 775 579 901 753 724 402 571 173 927 662
7 923 1006 757 985 981 458 99 877 1148 1071 880 1145 546 795 858 1068 487 343 679 1065 700 810 1071 704 301 650 566 1033 822 1016 601 762 590 513 1140
8 567 589 389 436 437 74 743 224 727 591 692 420 585 348 688 572 725 529 299 625 221 171 675 361 773 459 278 571 179 707 519 704 770 633 193
9 169 308 231 90 292 428 351 207 149 133 375 286 178 185 356 403 260 420 383 183 146 368 62 419 391 412 340 415 431 319 95 417 415 268 251
10 1173 890 766 882 558 1120 1225 362 722 858 844 1028 993 956 1140 717 1217 822 1156 734 957 696 644 771 862 831 264 868 1244 1227 989 581 559 619 633
11 534 1042 894 711 269 1073 825 418 874 326 423 882 1050 1157 811 683 859 572 183 1050 403 661 499 606 532 880 246 686 205 423 562 744 889 323 1065
12 750 337 1132 457 858 214 1192 534 277 561 846 870 754 385 1038 776 844 1205 771 610 1160 920 760 819 1113 843 1007 1140 239 705 336 323 1039 1119 938
13 746 94 416 229 776 589 204 625 701 727 219 144 725 686 690 622 472 767 89 764 322 353 755 167 735 669 404 415 637 276 244 730 292 571 281
14 218 489 473 383 368 284 468 442 338 277 510 246 399 428 409 73 492 22 266 492 254 321 485 345 351 109 504 508 330 135 503 397 321 276 356
15 792 238 835 840 387 456 814 729 781 217 221 832 975 272 172 428 469 902 950 678 882 892 484 513 931 723 205 875 936 788 925 623 958 916 684
16 0 817 871 740 1068 1171 910 305 973 882 1119 564 965 872 732 641 1167 1087 606 1142 1059 787 785 568 705 964 888 408 1147 569 804 1147 1028 1040 367
17 287 392 287 481 120 448 466 443 441 418 266 445 126 220 330 405 226 136 312 451 198 494 343 232 424 447 227 145 308 218 245 140 495 409 488
18 839 557 911 785 672 694 546 523 902 560 938 456 469 917 151 707 275 683 261 620 564 910 802 752 782 826 825 882 374 741 455 952 932 924 886
19 762 1011 839 1008 924 801 931 1049 140 805 275 1041 397 158 444 532 919 1062 701 897 875 223 555 848 646 915 620 908 518 1060 683 296 705 440 583
20 806 191 925 847 958 971 795 822 929 923 751 223 750 972 706 833 321 900 660 971 858 913 529 214 734 897 665 574 317 944 768 307 841 541 86
21 488 588 410 373 625 272 596 329 355 571 382 439 555 626 513 526 465 352 622 236 426 518 392 546 133 493 604 577 644 601 529 493 488 536 406
22 403 437 824 797 798 769 331 830 314 763 446 830 820 421 469 598 391 396 438 776 790 241 630 50 420 697 313 584 820 487 734 688 700 348 723
23 677 263 741 103 698 732 386 563 627 643 465 606 617 416 690 720 251 239 579 738 647 515 330 513 688 309 218 576 730 76 678 516 739 717 526
24 1086 1075 253 914 1145 989 1003 1054 839 1041 719 1032 904 714 333 1071 899 980 775 581 846 1058 939 836 959 628 915 740 872 366 815 673 1016 976 553
25 478 459 360 455 146 484 253 149 486 431 72 453 271 424 193 432 90 373 346 363 478 249 325 474 465 467 375 403 479 113 160 458 269 450 435
26 598 833 666 822 263 659 590 611 786 564 720 646 640 61 778 678 473 793 448 662 762 725 398 730 283 650 540 361 356 757 782 620 634 696 760
27 233 731 722 1076 428 924 987 756 850 488 974 1061 453 1028 904 796 422 1092 709 1024 373 764 203 605 943 487 365 237 1002 1055 853 1046 990 491 357
28 535 292 678 282 488 616 539 662 297 668 355 318 709 714 596 231 563 744 358 322 343 733 356 600 720 548 641 565 730 538 571 290 721 723 636
29 1016 645 972 877 569 962 690 724 921 320 744 537 1043 945 726 163 951 1031 376 838 374 384 812 423 245 874 741 1027 1016 350 410 946 943 473 308
30 1120 950 536 373 1130 436 682 989 934 950 1192 983 1193 736 1131 655 785 238 512 1194 792 863 968 1198 878 1059 624 1114 810 759 793 690 717 1179 414
31 571 166 777 706 502 834 827 817 837 410 741 736 538 544 724 854 817 590 850 732 572 634 472 748 543 617 643 810 793 491 183 689 620 704 827
32 872 378 1100 839 1056 846 1015 434 1006 526 949 1023 848 1072 899 1021 659 1193 974 582 609 467 1256 509 511 1235 1235 483 932 803 537 611 696 1204 1187
33 262 658 448 208 496 540 650 153 561 182 571 450 720 453 759 311 599 533 389 710 141 614 403 259 590 594 125 244 348 682 467 311 768 756 494
34 703 775 852 630 791 1074 1141 1155 479 988 971 1116 900 291 504 573 1193 384 810 865 1049 926 910 352 1033 361 1041 1096 1097 512 1066 843 1183 849 763
35 39 759 425 704 193 519 203 885 841 799 865 738 782 455 548 713 778 216 728 639 496 97 467 522 407 704 451 209 373 476 779 861 704 321 272
36 580 801 72 526 340 370 633 568 778 867 592 754 260 809 531 556 906 366 208 668 731 538 834 447 580 749 300 530 218 628 454 423 432 539 888
37 90 1127 721 1053 745 650 21 1241 1162 1255 920 432 682 1200 1045 968 1102 1049 684 581 605 964 1025 1111 1129 353 162 824 714 1185 862 931 554 1124 756
38 370 569 571 617 706 766 528 697 525 294 441 781 200 70 789 30 487 690 450 406 600 745 187 796 396 611 371 706 545 359 775 804 529 415 425
39 710 935 1050 631 377 515 637 1082 1181 1066 1000 981 545 1080 1119 1092 721 1102 807 975 745 964 1155 982 385 589 948 224 409 1026 93 1003 1096 1070 488
40 482 544 927 789 602 989 891 307 608 711 617 642 714 103 477 992 236 812 895 858 941 982 679 465 423 773 616 402 415 906 986 285 124 911 943
;

param:   cost_bundl  marginal :=
1 132 183
2 157 104
3 163 186
4 128 173
5 176 165
6 154 132
7 101 126
8 181 153
9 179 70
10 110 125
11 117 48
12 179 173
13 123 157
14 99 136
15 67 116
16 166 163
17 171 54
18 133 139
19 84 185
20 139 137
21 171 170
22 171 82
23 63 160
24 70 161
25 142 133
26 142 123
27 135 185
28 119 92
29 182 28
30 108 173
31 79 61
32 103 11
33 59 140
34 157 129
35 162 177
;
param: buyer budget :=
  0 1164
  1 1157
  2 112
  3 1036
  4 303
  5 628
  6 449
  7 107
  8 1206
  9 786
  10 39
  11 246
  12 1118
  13 634
  14 173
  15 1115
  16 902
  17 346
  18 587
  19 316
  20 1012
  21 1186
  22 176
  23 1101
  24 966
  25 388
  26 821
  27 851
  28 1110
  29 686
  30 994
  31 1242
  32 1086
  33 909
  34 993
  35 1198
  36 185
  37 1104
  38 461
  39 753
;
param num_partition :=
2
;
param: item partition_index cardinality :=
0 0 36
1 0 28
2 0 13
3 0 11
4 0 36
5 0 3
6 0 6
7 0 33
8 0 11
9 0 21
10 0 19
11 0 2
12 0 25
13 0 23
14 0 7
15 0 28
16 0 36
17 0 36
18 0 7
19 0 14
20 0 31
21 0 10
22 0 13
23 0 29
24 0 8
25 0 9
26 0 27
27 0 22
28 0 12
29 0 31
30 0 26
31 0 4
32 0 36
33 0 3
34 0 23
