param num_bundles := 35;

param num_cust := 40;

param price_reserve :
   1 2 3 4 5 6 7 8 9 10 11 12 13 14 15 16 17 18 19 20 21 22 23 24 25 26 27 28 29 30 31 32 33 34 35 :=
1 752 867 269 831 629 657 855 955 1002 887 1049 211 846 460 730 802 586 1054 605 295 1032 662 1054 827 1058 585 669 577 80 865 997 410 977 496 806
2 830 484 685 528 573 615 582 906 597 506 444 887 806 574 853 487 643 790 735 823 670 410 682 615 147 636 781 61 669 894 659 383 408 790 372
3 706 725 866 475 696 624 779 132 755 702 780 514 243 704 40 798 658 617 626 600 695 884 881 645 238 757 858 822 597 501 829 793 598 704 708
4 450 419 448 299 394 207 342 376 374 289 296 445 284 409 410 251 248 384 358 224 410 441 412 321 423 306 335 441 111 181 329 295 322 308 386
5 690 683 364 425 651 584 573 410 710 310 353 324 433 423 609 173 323 316 138 543 269 579 623 498 650 635 431 502 613 308 389 335 307 482 674
6 639 937 529 720 316 693 363 625 619 392 713 771 505 648 280 907 959 812 971 505 998 485 797 723 798 709 313 287 594 972 728 900 658 957 733
7 160 169 53 102 76 111 33 125 140 66 147 26 123 161 133 163 98 34 172 112 121 55 115 128 131 146 80 130 33 157 151 106 148 107 162
8 412 664 1221 1061 1070 1019 527 247 773 1110 536 799 384 538 1263 677 1205 990 947 1013 318 950 884 315 1252 978 1180 758 904 1227 1174 470 447 1239 951
9 888 88 648 170 753 1101 415 730 968 84 539 1037 1112 1064 1094 997 1138 685 712 1158 1119 763 1077 952 1148 812 453 315 579 704 1044 861 738 773 759
10 411 465 566 518 320 474 668 417 395 729 407 287 700 653 349 184 377 401 138 737 596 160 724 106 497 154 595 80 675 520 573 301 727 604 451
11 587 245 748 438 419 687 648 207 249 724 461 677 26 699 731 672 758 584 774 268 715 585 519 764 713 486 606 774 627 707 592 690 538 607 507
12 166 162 396 417 358 448 301 260 238 104 328 334 381 366 302 337 178 137 451 397 396 313 344 434 440 446 34 259 444 217 428 283 209 400 407
13 819 807 887 1106 990 1104 1078 720 858 1001 353 733 966 629 439 969 893 1093 1104 780 1044 693 778 722 850 795 986 917 594 786 379 1037 288 253 1105
14 808 1132 717 753 591 620 213 335 471 1072 1068 972 518 1054 1059 718 1136 724 505 622 821 100 779 1077 1102 1058 495 1126 1135 1001 739 564 893 919 713
15 1015 808 601 478 769 880 883 784 986 690 800 933 896 795 993 751 320 915 167 936 930 771 1013 1022 831 894 794 510 531 908 762 257 881 214 808
16 511 976 896 1102 245 157 892 1038 529 939 813 1030 286 813 287 388 1063 795 793 922 1075 819 980 952 1030 997 1094 739 1011 1071 824 434 216 660 893
17 846 134 676 894 1042 347 1116 965 536 913 912 1108 1123 581 673 922 600 1016 348 580 1077 982 1146 770 842 297 903 965 1054 653 844 937 477 863 909
18 912 872 124 407 733 704 695 415 168 619 890 64 239 752 820 894 550 203 862 665 334 629 674 624 706 922 882 534 455 913 884 766 850 699 473
19 435 999 492 608 70 956 148 1034 63 697 439 1029 984 406 974 911 1009 266 995 652 824 731 992 392 785 999 700 964 902 493 912 806 840 781 786
20 878 840 660 808 485 486 288 852 764 631 496 616 459 772 479 212 488 795 765 788 789 185 828 455 504 136 434 794 369 248 874 368 382 512 850
21 205 673 968 747 316 566 574 673 942 678 937 257 375 881 916 727 931 702 951 553 285 756 220 664 938 623 938 736 835 517 970 694 579 754 707
22 437 289 370 313 360 142 139 295 423 150 412 420 252 437 391 274 338 388 439 287 346 251 366 174 394 421 332 257 410 415 379 232 259 328 337
23 589 696 554 576 502 595 661 619 588 521 695 546 237 474 290 413 499 740 400 122 717 364 681 623 405 145 744 730 704 744 730 765 590 754 248
24 411 708 952 749 874 479 961 586 306 319 494 813 688 986 908 650 812 824 984 524 985 366 925 938 555 784 310 649 931 773 926 1022 720 798 544
25 1153 639 1110 578 1144 1128 266 699 473 957 64 1150 726 797 929 982 832 257 562 1022 802 383 475 519 514 389 738 644 549 623 853 958 660 339 1056
26 884 1099 1005 979 1044 1003 913 712 795 1038 874 992 915 280 581 677 324 706 360 310 888 916 799 924 905 597 512 464 900 916 282 818 889 558 894
27 395 618 451 723 492 271 721 165 529 449 405 494 293 649 493 522 385 616 430 690 554 566 575 307 607 691 370 149 230 422 450 228 237 527 425
28 854 697 1072 764 1030 971 996 180 994 807 792 740 1113 945 910 734 792 601 1042 582 740 971 798 1091 1099 740 451 1046 1068 402 616 535 368 538 997
29 706 718 529 215 693 765 386 659 426 705 592 371 654 672 733 613 741 286 482 734 739 730 568 462 288 650 731 653 743 706 607 360 658 465 461
30 591 916 558 1143 949 750 1182 1174 492 730 244 1191 1157 1039 1184 1131 820 625 898 705 733 1046 949 542 986 289 566 1001 154 399 986 583 863 98 1096
31 241 308 947 1149 783 1043 1132 1169 893 532 1165 957 1186 141 1029 698 1028 840 1006 994 908 300 374 1048 607 1167 895 1145 728 662 823 701 1004 1083 565
32 527 962 726 1067 640 743 1164 1095 1192 879 237 979 50 1056 1225 1008 1059 601 960 839 675 825 343 860 1196 873 1143 815 784 1096 994 752 268 759 639
33 724 503 225 254 384 539 816 357 704 563 884 240 821 672 701 866 505 1011 408 884 463 468 859 822 1004 797 595 639 911 416 380 769 694 1034 1009
34 327 481 360 221 513 471 468 311 591 461 594 66 432 476 501 587 369 556 382 265 576 394 439 502 227 523 288 393 408 548 591 483 232 386 575
35 903 229 783 467 754 932 271 618 355 790 507 843 777 743 916 126 868 867 786 480 387 154 872 631 705 751 803 933 407 869 590 819 0 433 449
36 518 687 693 625 679 114 268 497 681 420 586 731 69 309 755 346 622 479 745 401 647 190 704 750 724 755 291 294 176 557 432 644 663 485 469
37 709 918 230 830 1017 959 1003 266 982 944 580 974 808 1021 780 775 999 562 773 932 508 711 316 960 353 756 983 643 908 232 1027 917 619 669 788
38 488 614 487 497 545 282 499 605 209 669 528 482 579 612 648 384 418 457 622 569 499 661 540 608 604 513 520 519 317 420 677 247 349 123 639
39 482 200 510 209 43 716 783 500 238 764 797 598 668 307 54 670 429 431 719 376 475 597 684 685 453 812 818 686 543 694 474 477 827 174 641
40 717 965 860 762 877 839 357 833 710 952 631 287 312 213 389 252 459 267 868 185 912 708 903 768 618 159 488 804 846 668 580 659 345 767 703
;

param:   cost_bundl  marginal :=
1 41 141
2 99 184
3 15 166
4 149 146
5 126 142
6 37 174
7 97 143
8 97 178
9 153 148
10 108 174
11 107 167
12 88 181
13 130 108
14 176 181
15 185 174
16 172 99
17 165 176
18 181 38
19 180 152
20 128 36
21 184 131
22 160 153
23 186 138
24 129 139
25 169 148
26 22 43
27 94 97
28 172 158
29 85 180
30 180 96
31 161 147
32 40 169
33 116 100
34 182 159
35 143 128
;
param: buyer budget :=
  0 473
  1 724
  2 397
  3 814
  4 1111
  5 530
  6 586
  7 239
  8 396
  9 641
  10 511
  11 327
  12 758
  13 567
  14 9
  15 334
  16 1046
  17 393
  18 903
  19 353
  20 732
  21 762
  22 1103
  23 667
  24 328
  25 600
  26 1251
  27 348
  28 515
  29 1115
  30 908
  31 639
  32 673
  33 1244
  34 1025
  35 1042
  36 688
  37 1112
  38 791
  39 329
;
param num_partition :=
2
;
param: item partition_index cardinality :=
0 0 20
1 0 12
2 0 20
3 0 24
4 0 8
5 0 14
6 0 36
7 0 11
8 0 38
9 0 16
10 0 9
11 0 20
12 0 27
13 0 10
14 0 13
15 0 32
16 0 35
17 0 18
18 0 4
19 0 28
20 0 10
21 0 27
22 0 7
23 0 16
24 0 36
25 0 4
26 0 22
27 0 8
28 0 36
29 0 37
30 0 18
31 0 36
32 0 34
33 0 11
34 0 21
