param num_bundles := 35;

param num_cust := 40;

param price_reserve :
   1 2 3 4 5 6 7 8 9 10 11 12 13 14 15 16 17 18 19 20 21 22 23 24 25 26 27 28 29 30 31 32 33 34 35 :=
1 198 399 736 387 119 382 452 632 605 657 413 764 192 501 643 764 684 520 536 523 670 762 456 751 544 520 775 343 340 324 375 128 656 500 564
2 262 389 384 398 100 512 412 281 508 367 589 536 360 308 511 574 473 575 567 79 559 286 219 426 450 545 569 236 336 573 152 526 527 193 557
3 789 959 1050 1099 761 645 1214 626 716 286 1181 1027 1142 353 630 999 961 1078 1178 901 642 688 1022 1193 1223 813 416 1023 470 656 663 909 803 1110 869
4 1008 1179 1059 871 852 703 1026 529 563 615 752 1131 1103 832 249 492 1023 870 943 864 1200 728 1037 507 1200 1193 893 977 368 1198 446 627 1204 1156 784
5 494 306 714 745 546 795 354 475 279 662 445 627 678 931 745 546 393 517 895 717 412 425 592 504 773 354 327 905 691 845 977 323 104 416 873
6 495 367 560 767 239 482 607 320 183 350 289 406 715 620 310 818 631 740 378 86 468 253 835 778 700 796 394 689 594 418 553 441 399 548 506
7 735 627 772 738 876 148 758 572 261 353 504 41 558 478 452 597 296 718 874 906 858 257 745 536 326 143 592 331 807 685 484 841 768 808 443
8 376 119 231 448 177 99 444 442 375 179 105 359 192 174 108 437 90 439 413 344 384 367 399 401 211 238 269 276 212 87 435 290 323 408 275
9 792 454 614 401 549 798 820 444 336 767 153 680 576 269 806 488 504 384 798 338 269 726 652 161 664 100 859 761 715 538 232 807 603 759 710
10 741 475 644 849 738 875 956 503 876 369 905 945 670 372 999 932 405 783 392 601 570 370 862 265 143 937 413 497 994 282 119 526 289 422 803
11 660 843 665 493 149 749 912 917 888 832 758 484 206 817 663 836 916 846 514 913 833 821 66 845 612 698 231 711 951 410 643 508 688 411 702
12 20 148 166 52 184 151 86 135 161 172 158 168 120 157 81 161 57 167 138 95 173 170 23 118 185 99 123 180 176 24 93 131 128 61 181
13 1088 377 1116 1044 900 899 510 953 417 1010 893 1144 491 539 540 1133 233 898 926 989 287 852 586 1036 714 357 1127 752 891 811 1081 273 161 988 330
14 771 306 561 710 819 934 559 925 982 570 420 1064 1096 861 1055 952 290 226 970 222 1082 1056 852 1099 199 842 869 598 276 1036 189 295 750 779 959
15 198 711 494 577 884 765 902 572 666 139 920 778 689 878 811 364 224 806 916 856 322 688 434 921 181 859 907 758 441 847 793 547 775 906 379
16 292 833 885 983 697 347 718 748 612 436 942 1037 870 1114 657 1051 1059 1023 796 792 204 943 1175 1176 151 489 1140 857 946 982 1083 609 1025 1272 1078
17 394 411 314 344 295 450 223 35 427 122 309 236 177 413 267 38 373 205 344 212 446 421 447 212 228 184 315 205 404 325 380 175 372 257 155
18 1159 509 1008 634 1123 881 1033 1171 971 1162 953 112 678 1069 319 1079 469 574 663 1186 1187 888 1275 924 684 1257 1042 892 963 1261 632 690 956 1241 722
19 536 318 660 611 654 657 253 623 481 325 409 612 158 328 382 411 503 594 634 256 643 393 611 527 439 516 604 629 448 99 653 465 456 112 297
20 389 565 281 652 779 781 192 671 702 792 638 538 346 265 470 589 767 643 251 734 706 783 441 466 492 243 644 137 119 712 687 663 748 738 465
21 430 771 597 262 984 1183 821 1084 1049 975 496 945 801 1190 555 1023 1170 455 698 1185 563 1064 1042 866 279 1123 989 192 805 1022 618 863 221 603 513
22 790 955 430 662 251 977 117 843 807 558 617 477 602 840 655 481 359 909 766 998 912 769 596 541 782 944 141 994 56 701 614 991 947 976 747
23 602 104 440 341 421 369 58 264 325 390 448 654 678 161 396 514 607 526 447 251 277 632 309 706 465 269 633 693 517 514 694 395 702 374 666
24 678 927 941 805 824 835 757 835 97 951 911 276 418 680 873 177 501 551 813 762 620 811 955 847 896 597 795 864 778 823 583 264 943 461 649
25 717 911 324 1088 450 1136 807 1013 609 955 575 1058 592 94 476 722 977 1126 770 705 835 853 826 381 1079 1055 819 1063 1008 1087 424 173 1019 761 227
26 349 324 162 330 270 93 270 274 338 343 343 367 282 340 372 237 149 266 330 338 247 363 270 370 293 363 262 233 305 152 64 163 238 312 362
27 278 1196 265 492 943 789 1175 757 900 933 509 909 603 597 691 1198 1129 1061 1044 1195 840 748 339 693 1167 922 499 542 1165 119 740 1030 602 329 1139
28 932 935 567 933 768 694 280 458 562 938 1006 715 929 1033 1010 761 557 841 201 957 433 775 743 630 901 927 786 1070 999 1033 871 615 935 540 1053
29 83 105 147 46 96 98 106 140 111 137 172 100 186 147 175 33 125 105 125 159 112 50 152 155 65 79 8 52 136 118 176 33 151 133 116
30 272 440 746 712 304 613 636 603 423 617 382 738 361 501 484 467 709 308 544 597 291 534 642 560 343 411 577 301 648 471 384 299 612 629 675
31 619 644 361 298 482 607 214 629 587 319 642 626 54 277 600 575 606 555 327 311 497 550 523 488 394 328 620 624 367 108 279 573 412 301 522
32 965 484 1167 1078 1221 873 802 1204 979 589 1053 988 562 1024 654 973 474 947 804 236 738 824 578 854 743 1033 1170 1206 1104 877 1234 1219 671 1088 956
33 991 1229 1104 481 585 318 431 626 1121 1074 1096 429 1016 892 1018 697 206 547 240 1082 1102 1240 115 745 729 754 867 528 1167 757 618 1170 995 1205 1218
34 548 663 747 936 880 664 986 848 677 1015 643 113 563 260 575 554 780 830 76 773 998 263 500 998 1001 288 895 152 752 1037 942 1010 806 513 1040
35 784 999 467 916 667 909 905 1086 835 1138 1165 804 639 925 1079 822 689 1100 617 541 1073 794 1050 975 978 1144 991 662 839 735 642 1055 1185 1115 1146
36 478 246 686 814 886 730 671 772 853 891 869 880 908 905 393 285 436 927 756 403 385 407 416 714 290 255 744 554 783 544 618 452 429 573 597
37 1080 473 669 751 880 967 885 157 966 994 232 862 1022 401 1004 1051 266 730 427 997 74 704 1091 663 835 335 220 1000 934 709 665 786 919 657 886
38 563 545 617 914 473 759 969 1069 514 866 531 442 1233 1190 1175 1139 253 672 765 761 1012 1191 138 1267 1084 921 1127 945 1128 597 1054 643 908 37 1210
39 656 255 558 873 456 705 119 906 460 858 796 304 548 908 829 566 830 1000 900 813 822 805 841 818 228 855 636 983 574 745 407 571 596 123 603
40 581 253 419 546 493 462 384 477 487 591 417 140 554 391 146 511 545 364 544 259 271 407 551 310 580 183 567 537 338 572 582 115 412 306 492
;

param:   cost_bundl  marginal :=
1 107 125
2 145 130
3 106 178
4 171 76
5 113 158
6 183 116
7 61 97
8 147 144
9 106 27
10 100 71
11 126 182
12 151 132
13 130 129
14 54 125
15 71 161
16 136 134
17 118 150
18 113 180
19 6 174
20 180 180
21 41 90
22 123 111
23 140 83
24 131 115
25 43 8
26 126 179
27 76 132
28 128 134
29 168 172
30 147 131
31 170 174
32 90 79
33 115 157
34 86 164
35 175 37
;
param: buyer budget :=
  0 377
  1 324
  2 104
  3 661
  4 77
  5 680
  6 871
  7 803
  8 921
  9 1087
  10 222
  11 254
  12 155
  13 424
  14 270
  15 237
  16 335
  17 726
  18 834
  19 848
  20 887
  21 973
  22 1188
  23 233
  24 665
  25 935
  26 1071
  27 670
  28 742
  29 384
  30 898
  31 282
  32 277
  33 680
  34 511
  35 311
  36 542
  37 900
  38 1029
  39 465
;
param num_partition :=
2
;
param: item partition_index cardinality :=
0 0 4
1 0 26
2 0 17
3 0 36
4 0 17
5 0 8
6 0 7
7 0 1
8 0 34
9 0 33
10 0 17
11 0 22
12 0 2
13 0 20
14 0 7
15 0 35
16 0 30
17 0 33
18 0 4
19 0 18
20 0 37
21 0 35
22 0 24
23 0 32
24 0 13
25 0 9
26 0 22
27 0 36
28 0 9
29 0 33
30 0 14
31 0 16
32 0 28
33 0 11
34 0 17
