param num_bundles := 35;

param num_cust := 40;

param price_reserve :
   1 2 3 4 5 6 7 8 9 10 11 12 13 14 15 16 17 18 19 20 21 22 23 24 25 26 27 28 29 30 31 32 33 34 35 :=
1 842 491 844 858 737 509 726 661 386 763 823 87 728 700 691 344 0 732 345 796 617 802 616 542 648 224 820 742 719 345 524 36 407 513 471
2 929 1072 1111 515 1067 784 855 656 424 813 538 489 493 243 771 1052 513 656 866 711 682 249 579 836 1015 83 1084 196 535 788 872 824 1020 866 365
3 82 123 169 152 177 64 24 167 159 143 139 102 90 75 159 85 173 123 75 106 154 91 121 168 186 114 31 162 111 150 163 111 71 116 180
4 324 409 429 376 378 61 389 62 194 404 429 449 363 303 183 222 344 400 335 78 364 337 162 52 343 50 436 370 71 89 310 285 447 408 418
5 935 743 548 95 877 797 810 935 616 787 503 425 28 935 952 380 329 699 813 629 877 447 900 627 908 768 680 389 892 781 827 478 243 846 692
6 546 592 395 550 241 193 427 454 587 599 476 377 500 593 519 445 418 577 245 402 501 292 224 575 452 485 479 345 169 293 547 581 181 370 14
7 713 649 588 507 450 389 624 805 526 388 753 780 362 247 502 832 193 673 737 756 19 287 832 828 710 500 679 401 509 767 319 494 435 802 606
8 899 729 719 355 853 934 569 281 554 509 748 862 822 564 798 922 652 632 790 557 668 343 74 459 903 822 393 647 700 384 644 897 136 844 464
9 469 480 816 401 432 610 621 482 837 224 844 666 424 820 760 771 397 737 556 717 648 236 703 762 752 680 308 453 518 853 458 699 745 592 650
10 871 825 294 894 1180 1147 720 867 513 815 226 1119 1079 734 860 1102 831 1114 675 409 567 516 892 757 425 511 1131 1128 481 922 911 1010 916 1040 1075
11 319 758 806 528 1040 565 449 673 929 820 897 720 643 544 754 458 1044 549 840 581 643 518 322 969 1012 910 383 709 1015 790 811 894 352 859 711
12 530 372 213 176 382 247 496 369 339 484 53 543 325 261 424 399 499 117 435 330 487 78 149 336 505 347 356 322 110 386 388 272 497 258 359
13 898 764 459 423 342 949 645 870 404 781 249 336 447 903 716 735 390 856 432 539 926 630 1008 890 737 974 347 841 434 865 905 529 24 916 748
14 801 357 1167 806 1047 948 442 564 1061 1140 826 925 1136 763 1094 637 1139 1173 1110 397 659 838 187 1091 1154 776 585 805 891 788 1097 228 754 1030 578
15 1019 794 182 804 1031 970 1183 547 1181 930 810 493 885 316 1133 924 308 1154 543 1041 999 1182 585 760 995 1139 1118 921 1167 1011 788 898 1031 1100 999
16 909 315 713 811 909 708 873 788 882 393 904 818 875 747 585 810 747 607 377 368 471 862 381 464 489 661 740 925 523 863 819 489 911 628 647
17 865 714 1137 904 973 618 911 936 872 825 563 1015 1076 356 1186 704 1101 1029 848 866 811 376 1009 1203 1220 1200 252 724 590 413 1080 553 449 744 817
18 894 784 386 976 1119 1149 683 708 1071 286 556 1157 693 227 1168 1045 476 610 1144 383 1189 340 638 911 873 1050 1044 1183 1021 928 679 1160 889 249 1107
19 707 632 394 572 741 390 755 264 562 726 622 559 759 403 595 797 692 672 576 415 770 189 786 577 446 54 615 246 454 671 604 546 684 172 793
20 1138 930 744 1152 452 1060 1115 964 1032 854 918 1007 1061 731 634 920 202 931 720 383 1008 279 890 632 971 1133 569 983 591 970 645 752 1095 807 350
21 451 407 618 1002 979 882 888 1013 997 876 793 899 911 388 462 372 769 770 957 658 641 898 901 1016 296 532 807 723 281 1002 1006 83 873 797 741
22 334 554 383 358 160 186 436 194 342 164 514 30 313 517 340 281 437 471 386 272 531 248 203 240 82 553 550 242 394 326 485 220 436 472 165
23 544 295 405 479 572 551 432 546 435 455 543 214 188 526 495 544 542 275 267 349 287 293 543 547 312 513 593 296 374 587 578 377 535 30 472
24 283 374 650 649 750 633 620 603 573 773 421 655 776 564 667 239 473 461 656 555 761 541 694 716 316 650 504 629 538 227 593 764 488 486 295
25 544 552 360 424 396 528 386 424 508 184 318 514 433 124 371 205 318 352 262 485 555 470 456 514 439 240 185 494 373 425 458 85 501 537 514
26 881 648 555 400 901 637 671 897 821 363 520 372 911 484 334 908 636 657 1003 987 971 952 929 913 665 382 885 365 729 263 859 746 941 1025 321
27 162 162 184 184 100 127 175 64 110 136 181 133 104 123 54 143 179 146 32 169 127 134 178 96 69 132 91 181 176 116 129 163 170 178 105
28 199 866 533 705 594 435 738 817 919 928 517 370 884 428 814 869 785 893 320 857 898 680 949 531 585 896 933 933 333 797 218 74 890 641 499
29 242 605 926 452 509 123 543 396 950 897 514 971 930 609 779 995 900 854 906 945 300 874 936 917 405 961 833 837 562 387 897 640 487 761 860
30 172 91 557 573 388 538 622 375 77 32 151 641 274 641 299 268 323 273 435 347 381 266 358 521 424 339 522 585 287 424 192 610 313 644 506
31 746 818 702 641 729 738 938 924 942 450 245 463 819 924 412 93 795 543 887 936 906 842 669 646 666 922 206 808 775 859 783 548 872 482 626
32 993 963 950 735 450 139 578 1077 926 1086 1135 779 730 426 403 1062 457 929 741 736 452 906 787 877 438 856 532 649 944 1042 627 956 533 1092 964
33 337 1109 1007 573 767 1108 595 1015 726 539 792 758 1072 1008 933 960 1111 425 738 731 149 291 593 754 984 1016 873 612 911 1062 979 727 948 1050 772
34 148 1015 837 537 266 915 1060 920 340 924 910 946 555 806 512 337 1090 761 317 583 719 867 984 656 1072 532 595 1074 886 105 975 575 850 352 1186
35 318 177 241 573 197 436 273 96 485 386 451 575 324 551 598 338 358 545 172 371 525 211 199 389 339 235 374 311 313 223 473 451 487 298 181
36 313 148 409 333 377 129 175 452 453 224 148 471 327 465 265 434 151 407 547 335 406 320 223 500 477 103 175 210 469 308 109 268 215 364 316
37 812 853 1001 935 669 1141 900 1132 165 1112 858 690 352 972 796 710 351 869 306 536 947 912 787 472 316 949 336 881 371 1069 666 823 281 251 208
38 617 452 758 890 416 430 826 719 626 549 565 859 26 902 658 602 176 773 711 823 871 638 541 303 799 888 808 870 158 624 819 638 783 473 514
39 106 266 655 659 657 260 333 247 502 131 152 239 489 247 446 436 425 578 648 531 595 418 303 585 505 652 611 469 486 349 678 580 627 657 634
40 65 429 337 254 363 408 273 448 243 356 359 123 250 132 343 414 277 398 434 392 248 366 69 262 99 316 443 209 389 292 390 138 254 93 332
;

param:   cost_bundl  marginal :=
1 181 144
2 103 173
3 144 162
4 76 181
5 99 125
6 113 68
7 138 179
8 52 150
9 75 73
10 160 161
11 135 112
12 185 107
13 177 181
14 186 59
15 105 126
16 152 176
17 84 116
18 144 69
19 125 145
20 7 103
21 60 132
22 33 130
23 57 119
24 87 159
25 130 136
26 156 180
27 31 180
28 121 140
29 151 56
30 180 173
31 179 166
32 131 116
33 155 109
34 179 159
35 158 175
;
param: buyer budget :=
  0 472
  1 513
  2 143
  3 652
  4 319
  5 504
  6 555
  7 424
  8 898
  9 794
  10 339
  11 89
  12 438
  13 979
  14 856
  15 867
  16 742
  17 1144
  18 921
  19 1115
  20 937
  21 752
  22 1011
  23 353
  24 444
  25 997
  26 1196
  27 528
  28 448
  29 417
  30 1147
  31 490
  32 459
  33 174
  34 892
  35 1097
  36 15
  37 949
  38 542
  39 842
;
param num_partition :=
2
;
param: item partition_index cardinality :=
0 0 25
1 0 16
2 0 37
3 0 16
4 0 2
5 0 16
6 0 30
7 0 13
8 0 33
9 0 29
10 0 11
11 0 34
12 0 2
13 0 21
14 0 31
15 0 1
16 0 15
17 0 9
18 0 35
19 0 11
20 0 31
21 0 16
22 0 13
23 0 26
24 0 16
25 0 17
26 0 5
27 0 29
28 0 26
29 0 38
30 0 14
31 0 6
32 0 17
33 0 9
34 0 35
