param num_bundles := 35;

param num_cust := 40;

param price_reserve :
   1 2 3 4 5 6 7 8 9 10 11 12 13 14 15 16 17 18 19 20 21 22 23 24 25 26 27 28 29 30 31 32 33 34 35 :=
1 1120 1086 1107 831 1204 1052 288 1127 1203 823 1163 1062 957 400 1149 717 1102 656 1238 1236 1186 718 1075 1174 953 883 771 276 252 1170 1055 756 1164 1145 796
2 1089 1185 1068 856 1042 1192 1036 688 878 879 810 830 1175 1240 685 755 834 1250 609 552 669 1105 1106 802 262 955 1012 783 902 1101 1188 837 1051 670 707
3 722 1183 986 359 319 741 959 1062 735 732 974 1023 1096 708 961 1164 1073 1008 684 1174 1069 1000 1202 1074 354 1160 598 1051 1199 644 1194 1006 839 754 929
4 1049 755 1215 950 1073 1092 921 901 1070 389 563 668 486 267 1032 651 716 688 959 606 785 448 404 356 996 846 1100 981 210 310 584 1021 1051 1211 976
5 889 598 461 430 376 579 915 417 932 881 560 946 789 444 408 951 496 314 398 258 563 343 597 882 180 542 502 938 659 493 853 679 926 594 875
6 843 1163 834 1252 1178 985 840 1073 636 165 926 291 543 1190 257 1099 1064 966 829 911 735 804 1172 300 1077 856 950 395 982 929 511 845 1185 930 473
7 701 1008 614 456 967 454 985 835 558 529 920 1072 750 1048 880 571 945 512 1110 839 368 651 667 281 712 1092 1039 203 887 526 790 1035 1058 1025 859
8 708 777 285 461 648 733 420 448 478 271 485 517 267 728 500 770 195 708 592 586 456 363 803 764 781 465 680 780 857 142 402 607 801 748 831
9 595 502 338 632 77 646 426 401 733 358 480 545 612 511 258 322 240 603 656 708 239 712 766 345 744 704 440 443 354 415 472 776 669 446 582
10 1065 926 1120 447 1030 1023 688 1050 1068 1018 1162 348 701 365 897 880 1114 929 1040 796 1071 773 1128 441 420 625 570 783 1042 455 764 1038 1083 769 806
11 570 203 497 510 637 931 752 962 207 881 326 125 605 561 762 702 823 974 325 155 397 108 498 448 409 702 370 735 738 703 698 793 784 808 848
12 401 922 781 558 741 1005 531 504 719 878 654 965 896 742 912 814 658 1012 566 962 520 280 881 1012 881 986 235 378 869 764 698 771 919 895 1006
13 782 432 394 120 523 538 757 483 295 799 655 449 278 600 607 747 75 634 227 603 661 540 611 845 800 794 544 461 677 647 756 840 325 814 636
14 499 384 438 418 176 313 432 298 380 356 486 404 319 126 486 404 354 252 248 185 404 385 447 435 314 441 83 466 288 471 427 169 416 329 463
15 470 412 535 397 226 231 445 372 543 485 581 232 537 574 80 456 156 533 336 558 575 352 506 347 297 383 586 469 579 599 510 343 484 262 315
16 492 656 1046 861 525 526 473 811 961 239 913 676 259 796 689 741 694 1068 763 60 802 361 513 891 517 969 905 1055 44 769 464 482 713 582 660
17 803 697 69 501 162 549 1052 665 895 381 566 514 504 343 814 340 884 243 802 510 531 556 374 925 830 349 569 551 742 786 878 1012 420 399 996
18 439 519 651 472 452 239 317 217 371 468 585 777 594 74 622 480 642 592 748 111 344 690 575 480 459 731 602 508 564 399 669 453 157 384 404
19 174 383 362 365 749 681 833 171 360 549 840 382 274 814 822 191 544 483 708 492 495 830 571 694 635 512 772 387 251 746 717 504 632 778 797
20 665 739 832 349 803 609 626 692 794 828 441 320 529 761 435 695 823 776 714 382 773 801 755 578 524 776 337 316 697 274 760 335 387 629 431
21 565 592 650 673 595 514 476 652 309 162 547 379 666 328 319 318 624 498 509 336 506 517 627 241 372 438 277 560 572 635 544 575 262 394 188
22 386 644 594 614 414 509 549 647 620 568 558 666 592 705 488 692 371 549 634 307 169 408 303 90 223 710 707 299 691 473 536 651 286 679 432
23 848 1244 893 177 840 631 863 831 967 351 747 766 1071 1053 801 980 376 860 1178 1055 657 1137 1166 1174 960 932 1086 1130 976 596 992 461 1169 795 304
24 308 345 991 576 274 932 991 756 840 778 944 520 632 889 300 441 353 563 335 759 829 236 613 898 596 269 594 800 713 137 684 877 627 907 1000
25 606 692 726 402 718 514 387 632 72 676 456 321 722 714 261 139 635 686 408 382 323 639 618 321 700 589 294 263 551 507 536 409 685 515 376
26 247 285 208 553 432 381 211 613 532 578 631 421 571 26 626 644 114 563 307 477 521 550 592 547 630 628 592 391 471 492 401 369 200 324 468
27 592 495 432 383 800 314 608 769 686 772 661 35 185 362 628 813 679 586 273 174 99 675 400 270 235 769 597 535 775 640 542 820 738 378 699
28 461 391 1047 386 664 385 256 620 828 623 940 1192 1195 1173 1170 758 733 1240 969 1105 968 553 916 951 299 337 1179 739 268 483 586 508 1253 946 1042
29 651 464 633 595 390 533 367 559 477 191 189 273 707 267 687 471 639 104 417 471 235 377 448 656 518 457 503 678 283 710 360 707 645 463 710
30 926 781 1112 1001 1007 618 997 321 898 781 407 1103 764 135 682 1039 1005 913 533 1063 215 536 949 995 903 754 1086 846 994 1049 155 923 839 966 867
31 1083 572 1112 431 1034 905 345 495 1178 622 905 1098 732 521 883 293 514 719 233 980 737 596 996 289 879 828 1208 255 1135 1113 799 1127 1080 396 766
32 356 268 132 69 294 218 222 56 73 253 222 333 323 350 197 15 216 37 191 76 119 136 278 326 213 240 190 311 179 247 138 121 185 83 285
33 1028 227 582 701 1175 817 1124 622 696 1123 612 553 955 489 0 850 257 1004 1117 1170 1073 372 1243 918 725 737 1078 1047 925 1197 1138 1029 559 988 857
34 144 228 316 305 263 251 279 313 341 204 358 372 233 231 222 251 211 186 146 329 191 336 181 318 239 61 308 111 274 250 171 69 242 181 98
35 578 841 630 392 407 824 945 838 739 821 429 234 994 607 624 824 673 864 205 266 654 528 364 502 846 975 895 662 829 983 965 871 251 882 802
36 229 771 804 648 533 641 629 518 924 823 847 109 485 798 690 738 249 639 630 814 787 58 505 500 928 417 785 409 596 66 947 666 933 428 700
37 213 466 354 493 479 484 426 458 140 118 343 369 469 358 485 357 329 201 121 19 469 343 424 325 206 408 127 253 451 340 414 254 263 458 297
38 660 490 684 466 614 141 483 152 447 597 340 553 689 857 542 859 443 282 223 822 604 205 513 661 841 383 741 740 464 803 398 608 768 491 421
39 716 880 676 529 307 939 725 138 794 593 581 634 908 473 796 958 340 652 854 602 252 494 337 900 657 755 1001 741 546 365 989 661 705 281 543
40 1103 412 1076 787 530 297 117 898 865 1022 869 1117 454 829 851 436 137 333 590 518 19 966 985 324 334 592 1106 1104 110 1096 633 489 373 919 459
;

param:   cost_bundl  marginal :=
1 133 92
2 143 114
3 172 123
4 148 111
5 159 115
6 185 72
7 78 36
8 159 154
9 158 124
10 40 130
11 95 183
12 95 109
13 97 159
14 110 166
15 46 136
16 167 157
17 95 134
18 131 65
19 159 113
20 180 165
21 158 183
22 60 78
23 142 168
24 123 183
25 182 169
26 99 81
27 151 99
28 129 110
29 65 179
30 140 186
31 116 128
32 175 174
33 169 158
34 160 126
35 170 115
;
param: buyer budget :=
  0 934
  1 318
  2 1107
  3 438
  4 489
  5 375
  6 731
  7 574
  8 1240
  9 76
  10 1092
  11 816
  12 76
  13 56
  14 553
  15 387
  16 251
  17 1112
  18 747
  19 430
  20 33
  21 490
  22 382
  23 1078
  24 703
  25 1048
  26 124
  27 250
  28 984
  29 156
  30 1163
  31 1241
  32 680
  33 1017
  34 597
  35 105
  36 313
  37 779
  38 61
  39 906
;
param num_partition :=
2
;
param: item partition_index cardinality :=
0 0 39
1 0 7
2 0 4
3 0 21
4 0 27
5 0 25
6 0 30
7 0 13
8 0 26
9 0 17
10 0 10
11 0 35
12 0 9
13 0 19
14 0 4
15 0 13
16 0 19
17 0 17
18 0 28
19 0 12
20 0 17
21 0 37
22 0 14
23 0 36
24 0 16
25 0 3
26 0 38
27 0 38
28 0 15
29 0 13
30 0 21
31 0 38
32 0 3
33 0 26
34 0 5
