param num_bundles := 35;

param num_cust := 40;

param price_reserve :
   1 2 3 4 5 6 7 8 9 10 11 12 13 14 15 16 17 18 19 20 21 22 23 24 25 26 27 28 29 30 31 32 33 34 35 :=
1 814 518 593 766 992 924 839 814 963 291 949 658 1000 1006 700 459 643 402 676 938 733 358 589 270 658 305 1016 632 478 139 495 729 167 603 422
2 205 393 462 212 375 450 166 231 483 438 200 418 305 246 421 176 400 293 477 120 294 190 311 174 483 438 490 424 358 382 285 167 128 468 94
3 792 862 1078 800 901 999 371 562 514 96 1113 0 841 350 808 281 1012 526 758 1098 1122 755 726 974 1082 808 887 700 1051 171 1047 276 780 387 407
4 266 1025 711 800 952 545 557 884 258 788 647 941 711 797 735 398 1050 537 504 26 543 1107 948 738 731 360 943 1048 792 447 1021 480 436 1092 609
5 389 201 700 666 375 890 706 904 723 624 516 519 730 814 562 902 534 803 845 634 764 885 93 248 867 735 398 410 903 909 632 746 635 352 354
6 1010 829 283 711 708 798 743 660 540 988 138 811 303 727 1009 540 910 961 713 464 641 358 976 916 325 990 746 457 597 435 528 997 783 574 661
7 346 828 917 885 882 787 141 380 715 856 844 903 733 517 857 588 508 364 673 354 462 599 888 731 947 585 882 22 627 563 689 592 411 665 476
8 645 739 1002 581 380 812 935 570 902 620 907 408 438 1004 943 805 778 244 855 496 377 971 751 431 904 820 993 823 718 888 1003 140 392 790 956
9 481 504 784 939 923 640 224 267 964 918 699 876 911 227 559 782 856 916 743 835 403 369 956 761 617 682 828 426 102 605 867 853 303 563 800
10 379 513 503 575 492 746 140 822 368 800 468 634 177 828 797 502 773 656 772 791 527 559 425 684 807 433 438 327 550 737 654 588 222 377 521
11 233 1048 928 842 793 202 450 738 847 401 531 201 857 496 840 664 1135 711 787 1072 629 499 667 1127 488 1023 959 899 524 657 230 920 925 1053 1040
12 620 551 275 608 604 94 320 612 367 468 509 679 605 124 710 635 121 572 635 68 673 619 406 450 416 651 700 686 671 493 712 478 187 276 659
13 497 460 440 319 515 187 304 463 512 315 640 614 375 630 44 170 351 522 510 146 305 213 294 357 492 467 593 286 482 574 275 342 548 318 525
14 173 54 104 133 56 154 141 94 135 162 147 136 175 143 141 121 125 173 58 168 26 151 106 87 61 112 105 184 176 117 150 152 72 105 178
15 937 206 527 569 544 773 778 911 321 898 1158 697 622 1128 496 179 956 641 792 833 887 737 748 1048 1079 620 873 539 909 596 947 1005 581 1030 940
16 1065 1268 371 732 1157 1247 1196 531 885 723 647 888 427 433 1077 390 1112 828 1058 596 276 1035 1128 412 998 61 1026 89 843 453 712 1122 1164 1055 1220
17 100 525 1079 469 657 353 265 205 440 918 717 499 1044 807 316 907 311 899 228 1035 436 969 718 562 610 1034 521 968 804 539 433 685 454 892 576
18 229 691 790 733 134 226 652 486 485 692 754 725 795 274 505 742 409 818 824 844 637 217 816 670 702 507 350 295 719 515 720 334 755 819 431
19 271 907 321 335 828 696 800 1091 925 942 679 978 805 884 1091 1065 648 207 505 798 1021 827 1065 508 157 365 768 614 1046 799 408 1010 922 954 860
20 470 380 697 289 264 561 766 613 541 513 426 389 671 383 638 737 273 278 287 699 576 651 475 740 418 540 641 736 595 647 636 221 549 191 447
21 114 884 443 950 850 466 1002 964 652 895 585 879 449 750 1044 988 1011 436 1040 989 610 894 694 837 843 814 873 467 638 632 633 709 273 488 457
22 596 959 807 1036 410 216 880 375 892 719 777 448 458 897 977 846 609 1050 850 990 845 447 1004 501 240 994 468 218 846 687 882 1060 756 770 928
23 769 335 404 609 739 768 299 780 879 861 853 959 949 539 903 562 1034 543 629 708 799 789 627 832 811 613 953 976 365 472 552 666 977 105 808
24 256 518 660 682 720 680 472 810 388 572 829 755 687 619 827 373 510 455 539 693 764 487 790 384 493 813 448 199 514 890 879 587 729 888 317
25 184 184 179 151 157 84 183 102 110 95 186 46 169 165 168 123 61 155 53 98 131 128 106 160 130 171 83 82 181 161 83 126 176 135 133
26 347 841 454 166 753 348 437 726 144 866 965 359 934 769 534 513 961 626 581 968 273 666 420 498 463 452 596 586 312 472 464 914 757 758 779
27 879 172 889 694 622 850 332 434 816 747 652 318 1042 881 593 915 673 377 1049 282 291 988 793 1027 60 1014 908 628 1002 943 887 667 960 627 570
28 806 116 510 799 486 585 501 780 906 705 747 533 520 337 335 812 614 807 233 595 539 864 787 846 818 712 870 604 680 251 752 862 718 479 438
29 329 1192 460 661 353 456 125 527 354 956 797 1259 620 1169 1252 695 811 1192 688 928 268 1171 327 685 1166 967 428 1257 1224 956 1085 896 1162 1089 1015
30 246 908 480 788 477 318 359 223 786 834 713 151 915 535 534 712 689 956 247 895 690 836 371 623 457 112 887 922 490 859 337 631 886 904 604
31 98 350 525 522 390 244 351 440 411 534 488 132 268 368 487 239 418 345 352 311 462 545 179 357 35 242 524 305 284 194 467 87 478 497 416
32 834 239 777 765 1007 227 1019 883 981 747 930 1092 733 695 711 1095 871 799 605 467 900 896 917 969 1116 834 1079 719 1043 701 1145 119 1149 938 958
33 1054 1007 894 992 707 817 1023 854 992 655 207 460 282 535 1002 511 982 944 507 688 1042 871 358 864 746 752 993 594 396 935 296 582 1064 356 312
34 716 435 588 503 220 669 681 277 374 513 752 734 784 494 454 779 765 748 358 776 563 806 537 47 226 697 673 219 663 238 693 596 351 545 251
35 1115 702 424 210 919 976 1187 1087 1054 1153 1221 242 760 386 182 1117 920 300 280 1014 725 1024 1125 1055 309 461 319 1147 590 743 1164 829 939 551 150
36 214 302 330 295 265 285 154 421 416 416 480 335 408 98 345 274 139 306 445 352 105 36 145 215 473 468 85 147 411 377 451 168 447 490 194
37 374 223 324 543 218 527 276 320 123 232 436 461 489 281 333 299 206 460 356 439 501 468 393 412 245 256 215 455 377 526 490 479 453 483 548
38 521 444 220 585 552 625 372 308 570 460 649 176 460 446 488 490 427 485 502 661 630 358 636 604 587 442 563 652 411 344 478 504 448 379 101
39 797 217 893 245 523 787 153 650 457 351 386 635 662 661 781 603 918 745 783 520 288 378 655 809 891 651 735 651 432 241 608 262 619 489 466
40 797 358 558 908 471 578 293 895 238 753 809 467 309 673 772 885 684 553 555 522 157 813 892 605 279 626 679 830 898 846 607 436 728 520 160
;

param:   cost_bundl  marginal :=
1 161 54
2 151 148
3 155 181
4 180 74
5 119 80
6 151 66
7 67 176
8 186 46
9 183 47
10 126 165
11 123 140
12 146 161
13 43 104
14 159 181
15 109 182
16 121 118
17 181 137
18 82 123
19 148 143
20 134 139
21 166 150
22 168 161
23 134 179
24 105 95
25 185 175
26 156 37
27 168 150
28 184 126
29 114 57
30 3 158
31 123 183
32 130 156
33 137 130
34 157 138
35 152 179
;
param: buyer budget :=
  0 1169
  1 1235
  2 615
  3 152
  4 599
  5 1247
  6 754
  7 1132
  8 304
  9 441
  10 751
  11 206
  12 82
  13 1010
  14 1019
  15 887
  16 1174
  17 946
  18 210
  19 748
  20 1145
  21 11
  22 752
  23 1051
  24 802
  25 412
  26 384
  27 393
  28 867
  29 967
  30 493
  31 323
  32 1017
  33 794
  34 1000
  35 881
  36 380
  37 809
  38 672
  39 150
;
param num_partition :=
2
;
param: item partition_index cardinality :=
0 0 23
1 0 19
2 0 24
3 0 3
4 0 11
5 0 36
6 0 13
7 0 8
8 0 2
9 0 20
10 0 11
11 0 16
12 0 22
13 0 36
14 0 30
15 0 17
16 0 21
17 0 31
18 0 16
19 0 2
20 0 36
21 0 1
22 0 23
23 0 3
24 0 18
25 0 30
26 0 2
27 0 27
28 0 24
29 0 37
30 0 28
31 0 9
32 0 13
33 0 23
34 0 17
