param num_bundles := 35;

param num_cust := 40;

param price_reserve :
   1 2 3 4 5 6 7 8 9 10 11 12 13 14 15 16 17 18 19 20 21 22 23 24 25 26 27 28 29 30 31 32 33 34 35 :=
1 870 1120 439 1102 666 618 940 1092 1164 655 610 406 980 276 1200 1207 696 438 774 1125 857 336 1135 181 1215 415 836 585 1200 497 1003 389 286 138 715
2 237 549 592 571 377 559 448 415 244 211 501 476 541 535 567 423 325 216 588 193 461 498 510 382 324 411 139 600 401 192 251 542 580 398 438
3 1026 1031 855 878 72 647 972 185 977 1006 1026 511 799 779 999 865 649 914 788 857 360 451 727 800 998 244 538 314 311 515 534 770 758 970 993
4 632 883 957 576 822 113 908 953 830 441 624 556 835 788 595 913 886 339 714 566 888 831 944 733 924 835 424 40 766 942 407 244 361 853 920
5 303 337 486 399 450 401 411 127 340 324 394 230 327 479 440 253 465 381 486 290 206 292 477 258 411 353 438 477 505 277 500 423 368 424 239
6 1085 1120 804 167 763 1075 820 816 1031 968 859 892 868 198 646 512 552 1152 967 1073 550 886 1035 834 1029 597 927 795 775 970 564 1130 570 1043 1015
7 119 147 56 148 178 74 90 155 110 13 82 155 85 176 139 145 156 40 112 152 138 78 47 133 122 128 97 51 176 87 117 113 140 156 69
8 329 339 107 273 318 337 259 255 267 308 330 236 372 16 355 338 224 133 366 310 105 219 366 182 294 132 267 369 146 232 343 66 219 309 316
9 449 749 521 343 604 624 579 386 765 515 467 654 490 685 620 522 750 670 305 57 682 716 399 566 271 762 127 455 495 593 612 701 688 704 735
10 403 363 344 443 368 335 373 343 448 290 234 281 347 387 293 379 380 206 156 302 293 178 394 382 71 362 95 283 120 285 170 354 122 187 297
11 499 403 51 692 516 720 700 373 831 735 524 601 418 99 880 753 814 209 361 367 158 711 689 604 798 668 810 493 722 219 694 591 824 563 716
12 249 318 289 213 326 285 334 322 405 307 426 266 429 378 388 204 365 258 198 392 126 324 227 293 320 254 275 317 430 341 325 347 445 288 329
13 782 801 193 292 880 596 847 517 857 549 654 881 821 35 549 898 684 765 874 761 772 842 877 926 840 839 916 256 563 849 142 863 769 892 489
14 703 711 345 608 611 773 493 454 361 347 736 352 572 636 435 645 480 673 743 674 331 567 702 676 665 654 516 638 370 485 545 423 363 699 290
15 586 975 153 655 833 794 965 127 318 725 308 546 920 740 754 738 977 337 912 906 813 774 663 883 448 763 556 670 394 899 924 516 323 942 772
16 214 834 1032 360 801 1047 875 752 1098 1070 995 644 515 551 637 1144 913 1014 1144 655 1160 1135 1150 938 294 1141 1148 321 727 536 1126 1040 130 627 1165
17 547 487 629 248 856 754 624 265 361 935 766 638 890 889 627 510 693 390 595 32 855 603 609 555 521 932 99 561 820 622 851 494 446 884 586
18 184 328 299 395 511 154 566 245 252 299 94 531 392 546 351 551 570 223 533 604 452 565 308 474 199 142 339 345 538 293 123 544 564 497 529
19 201 421 560 457 383 309 452 518 523 307 365 393 67 206 478 311 305 499 555 187 503 179 341 475 474 392 551 510 520 387 481 408 520 542 403
20 530 743 681 444 676 734 641 373 649 369 355 798 618 200 106 773 770 860 326 402 610 561 526 609 686 850 710 149 725 299 773 768 687 428 401
21 786 810 769 340 799 761 668 834 669 588 510 675 288 435 559 68 734 651 683 813 593 649 423 575 759 655 654 297 746 647 635 506 795 482 813
22 982 379 905 240 475 770 324 658 1198 1011 1227 1050 871 398 1219 984 206 1014 1176 1125 677 1084 850 1137 655 1228 1157 1227 627 1134 532 1111 1175 636 568
23 953 1150 839 1194 816 967 1035 612 218 531 635 936 976 1152 1167 782 403 961 767 470 893 1197 633 952 1129 993 1117 465 776 971 826 510 115 1202 1093
24 715 765 538 215 293 788 456 566 462 619 103 649 261 677 642 522 373 344 317 417 550 761 429 412 772 637 704 718 659 685 62 86 246 722 660
25 329 303 409 410 200 445 451 301 79 428 399 264 325 369 387 356 381 266 429 366 369 321 413 358 405 280 112 264 265 430 220 24 288 439 196
26 184 196 133 82 328 351 213 318 368 244 68 210 312 85 353 203 125 129 240 236 312 351 350 146 237 30 203 248 342 65 268 320 313 345 339
27 346 438 537 624 629 383 648 471 555 653 613 552 651 393 505 493 515 541 149 183 484 508 499 369 107 535 318 461 635 650 452 519 396 456 620
28 362 825 725 777 543 451 573 873 487 468 846 452 620 546 528 681 387 594 438 408 497 733 799 615 545 839 666 268 190 752 556 821 268 753 507
29 903 1024 774 599 934 732 567 725 644 649 1083 1060 1068 548 674 1008 532 969 960 709 1034 1036 535 907 486 847 403 799 914 1102 602 681 566 1084 784
30 230 579 626 549 606 239 719 457 257 610 838 484 819 696 832 230 639 635 584 724 730 793 773 211 648 180 333 531 759 402 145 485 797 286 578
31 457 420 338 766 771 691 205 802 666 306 529 665 787 801 479 481 464 784 545 360 678 316 776 358 542 703 500 798 292 560 236 223 539 572 725
32 518 756 642 1126 278 198 999 994 501 1040 735 799 751 991 914 1061 979 768 751 407 664 765 968 767 1083 558 794 188 691 958 960 1022 156 803 892
33 626 719 296 703 743 687 144 609 487 432 68 533 646 717 484 622 577 794 403 786 688 598 301 590 647 513 755 672 294 253 757 522 263 579 728
34 528 277 398 506 317 564 265 89 94 363 487 397 344 213 395 480 513 163 299 340 557 359 563 287 436 382 319 534 418 553 236 301 516 435 549
35 233 814 1005 681 599 1089 750 1101 902 825 777 414 383 290 1095 972 520 672 871 403 1049 1059 1000 584 843 995 912 479 1029 429 156 433 208 437 996
36 333 324 147 246 268 333 372 312 185 329 205 365 371 201 340 195 234 327 247 278 100 95 355 306 361 318 262 236 325 292 239 300 81 364 257
37 804 398 255 197 755 825 339 921 733 905 542 32 741 1015 283 1005 1017 634 972 480 664 928 647 874 1047 904 612 316 767 876 721 840 947 730 980
38 581 977 738 824 833 762 433 955 487 829 889 1046 606 650 723 605 793 599 845 1048 1000 373 1025 944 997 917 472 442 657 1063 769 905 812 953 355
39 868 720 927 933 911 1017 141 678 612 616 520 417 842 993 475 229 601 518 900 945 867 930 159 375 911 597 311 666 909 197 116 305 705 883 530
40 433 836 1021 1060 941 1012 820 530 1073 553 455 420 1209 1196 912 1008 945 1223 366 1216 1122 457 884 1020 728 430 1021 927 877 668 1099 972 615 984 702
;

param:   cost_bundl  marginal :=
1 131 156
2 95 70
3 159 134
4 151 112
5 140 129
6 165 133
7 48 164
8 146 110
9 64 58
10 143 131
11 79 29
12 144 183
13 77 113
14 171 17
15 159 140
16 84 112
17 172 169
18 38 152
19 104 96
20 186 168
21 181 186
22 133 180
23 127 159
24 159 160
25 17 165
26 108 111
27 148 178
28 47 80
29 68 93
30 65 112
31 170 179
32 150 154
33 106 124
34 104 136
35 129 44
;
param: buyer budget :=
  0 642
  1 1141
  2 737
  3 870
  4 129
  5 274
  6 1032
  7 725
  8 193
  9 1011
  10 921
  11 467
  12 777
  13 574
  14 456
  15 396
  16 467
  17 845
  18 1092
  19 801
  20 645
  21 558
  22 466
  23 203
  24 1197
  25 311
  26 45
  27 634
  28 645
  29 212
  30 1000
  31 995
  32 867
  33 853
  34 1108
  35 700
  36 571
  37 798
  38 692
  39 172
;
param num_partition :=
2
;
param: item partition_index cardinality :=
0 0 3
1 0 19
2 0 2
3 0 12
4 0 8
5 0 28
6 0 21
7 0 31
8 0 15
9 0 34
10 0 24
11 0 22
12 0 11
13 0 28
14 0 38
15 0 5
16 0 20
17 0 6
18 0 5
19 0 23
20 0 8
21 0 22
22 0 4
23 0 7
24 0 3
25 0 8
26 0 32
27 0 9
28 0 11
29 0 2
30 0 20
31 0 26
32 0 30
33 0 22
34 0 16
