param num_bundles := 35;

param num_cust := 40;

param price_reserve :
   1 2 3 4 5 6 7 8 9 10 11 12 13 14 15 16 17 18 19 20 21 22 23 24 25 26 27 28 29 30 31 32 33 34 35 :=
1 148 162 545 523 547 113 223 402 470 156 468 523 284 597 221 118 367 356 458 553 341 415 483 600 532 338 396 546 268 112 394 592 389 570 445
2 290 152 343 355 227 319 438 371 375 252 236 407 375 235 339 349 424 217 273 93 301 258 7 297 162 64 387 192 354 398 118 365 151 167 52
3 482 787 818 910 745 827 759 636 909 553 881 759 1017 513 950 274 994 920 968 743 217 1009 990 992 1036 449 905 597 1039 780 342 312 812 985 542
4 834 870 943 885 755 589 377 259 116 272 950 880 843 590 293 458 899 779 767 556 919 728 337 901 502 425 795 953 229 748 383 865 678 948 950
5 868 876 845 565 674 778 659 305 382 715 454 638 602 756 623 736 485 276 186 623 513 837 668 555 51 689 571 435 857 751 356 780 206 635 596
6 1202 752 1204 1205 935 595 1166 976 850 1024 1057 528 505 1097 932 615 1005 1180 1057 1222 220 339 770 392 131 996 918 1192 446 1067 668 1244 598 1157 521
7 923 660 1126 1076 266 1122 937 869 863 1016 944 518 963 279 1114 1167 689 101 690 1005 719 1101 1149 614 1085 443 742 894 990 500 234 275 919 1162 393
8 686 1174 1105 250 1054 822 1078 899 624 793 216 981 866 1156 277 1144 962 1019 925 1051 945 689 643 929 985 555 1222 980 924 519 579 539 1009 697 701
9 1036 1103 1123 828 1142 1025 794 902 615 990 1120 1090 553 998 548 924 954 1057 1158 973 1097 522 1142 599 1153 240 424 597 586 1135 651 512 67 1010 988
10 994 1091 826 613 1172 992 730 873 791 953 516 794 1161 574 852 976 1026 995 943 385 339 886 911 1132 1081 1035 394 1147 1080 915 1004 439 477 728 314
11 97 162 125 55 157 42 183 115 49 47 131 149 103 67 82 163 50 102 113 39 174 97 97 112 57 143 158 167 184 42 161 114 161 123 43
12 100 120 110 44 166 149 181 66 175 99 140 127 81 64 122 147 63 139 78 166 107 142 182 80 106 154 104 15 26 130 142 120 78 90 104
13 717 486 649 878 827 447 774 522 766 466 712 326 580 701 722 223 838 346 442 782 861 774 297 610 600 374 725 493 369 819 137 859 810 856 470
14 286 455 466 513 422 597 496 360 571 603 568 585 590 411 366 589 327 507 477 84 180 270 249 128 163 215 363 228 147 529 303 473 449 304 590
15 364 216 22 172 211 263 234 329 280 240 358 181 324 128 258 324 327 223 371 300 193 258 53 280 221 341 359 162 302 352 40 271 319 78 322
16 944 958 958 943 681 815 267 1131 969 1009 794 1094 1082 599 809 977 976 1038 536 701 1058 762 976 1144 695 614 182 628 97 1045 1100 1147 412 610 946
17 454 729 654 443 645 359 442 356 232 839 263 428 739 419 276 887 390 299 644 631 612 453 810 297 886 866 465 571 684 818 138 829 643 319 892
18 749 1051 932 469 678 936 1147 564 1018 878 1188 1105 488 499 569 1007 468 801 579 681 1120 1031 554 1171 344 629 910 811 1109 1061 528 992 525 842 535
19 329 596 253 464 442 63 525 612 347 211 143 666 352 323 647 535 124 190 312 406 404 581 499 262 426 658 635 511 194 434 403 669 30 668 626
20 713 813 627 842 348 836 585 239 459 581 336 404 500 798 528 764 401 684 791 230 759 844 711 358 521 761 635 306 417 829 819 877 551 735 471
21 691 1245 1034 700 1123 1087 99 562 852 1258 1261 820 1235 1095 1263 671 592 910 1003 1018 1259 688 953 256 231 578 1194 838 1083 1081 1182 799 1007 693 1076
22 831 929 1204 1187 827 773 532 552 761 878 1244 999 721 796 757 619 1178 977 740 1113 676 272 592 627 1193 894 1034 973 1064 411 870 1039 1052 329 706
23 292 491 161 501 139 351 93 274 293 222 317 310 307 72 376 152 343 430 340 432 429 136 199 458 490 266 431 280 374 348 91 327 455 433 387
24 479 58 262 205 164 113 487 497 495 377 347 367 479 546 457 161 438 344 386 465 241 245 71 396 166 393 208 432 557 511 299 189 247 343 559
25 524 643 777 535 976 651 937 941 571 1065 499 1057 522 989 990 773 699 186 430 818 931 821 330 275 1037 1080 1002 566 516 602 609 616 571 729 890
26 403 239 392 266 233 258 387 308 161 428 282 358 444 58 186 120 324 407 211 247 243 427 311 276 258 308 233 217 392 27 171 385 230 387 63
27 698 914 998 1121 873 1147 661 1003 21 495 811 990 1225 310 1182 915 563 686 1136 208 377 928 844 1086 1210 825 632 1214 985 1083 534 974 1152 724 1240
28 382 634 181 639 466 462 188 456 233 484 303 203 601 625 296 412 544 634 478 89 477 389 317 183 621 208 582 68 489 630 316 398 285 492 236
29 274 801 537 795 510 413 304 751 529 335 556 792 316 265 763 653 724 727 353 805 787 211 414 739 502 198 380 657 209 357 783 562 210 746 373
30 131 709 835 974 940 765 780 952 817 773 540 359 870 527 771 671 696 741 135 716 903 452 744 907 784 698 183 564 329 455 800 403 833 730 877
31 1197 1230 420 934 328 1260 434 585 189 746 102 684 590 233 975 502 214 959 528 867 927 1017 295 782 1111 1177 847 987 1212 617 1145 216 97 1222 1217
32 1134 1169 726 1145 1009 765 1056 497 240 690 863 739 1270 843 803 872 590 1151 680 1254 1244 930 452 1199 1033 947 144 1172 930 728 336 525 1211 1119 1128
33 653 580 637 664 707 562 669 266 691 637 611 433 654 657 258 572 418 697 620 671 470 505 622 567 603 194 502 740 539 516 648 367 249 517 686
34 536 1055 549 1060 594 867 376 922 450 718 637 978 209 858 919 855 234 731 938 879 746 813 1064 905 576 1078 896 619 905 691 909 989 535 1018 541
35 592 785 466 581 809 690 833 678 803 481 525 734 755 567 698 605 433 809 577 774 591 585 702 625 229 554 625 699 617 137 221 798 598 325 726
36 525 679 981 1001 725 957 603 1025 812 649 781 903 850 731 822 701 480 416 708 664 771 650 590 639 628 1051 1004 424 856 681 652 665 595 653 930
37 736 441 532 186 678 850 875 636 225 817 850 797 923 289 816 141 623 121 477 825 724 849 452 628 260 568 728 925 701 786 792 151 611 769 354
38 1002 1031 640 499 661 1064 908 457 368 215 829 428 875 262 768 351 904 1074 979 326 660 258 289 910 750 669 475 751 659 1091 882 803 618 637 530
39 507 419 888 569 833 980 1088 379 1009 332 300 892 558 985 1090 380 931 410 1075 491 1052 944 644 588 532 672 939 866 757 1057 1134 833 423 186 909
40 512 783 785 700 186 672 688 779 376 447 575 447 791 278 836 336 360 771 629 829 511 586 579 594 792 711 194 705 401 742 780 815 352 736 770
;

param:   cost_bundl  marginal :=
1 159 175
2 112 168
3 81 44
4 62 69
5 182 129
6 59 128
7 105 149
8 40 180
9 144 41
10 183 117
11 180 112
12 145 66
13 37 102
14 142 24
15 162 134
16 124 151
17 101 150
18 110 118
19 118 174
20 107 32
21 181 184
22 92 134
23 73 128
24 36 50
25 178 171
26 69 160
27 151 102
28 130 169
29 89 147
30 110 120
31 165 20
32 180 152
33 171 52
34 82 72
35 98 163
;
param: buyer budget :=
  0 971
  1 1252
  2 1213
  3 1254
  4 1114
  5 938
  6 705
  7 39
  8 791
  9 511
  10 653
  11 170
  12 621
  13 289
  14 1215
  15 813
  16 466
  17 467
  18 1163
  19 706
  20 69
  21 744
  22 876
  23 384
  24 1208
  25 880
  26 481
  27 517
  28 356
  29 665
  30 730
  31 464
  32 270
  33 819
  34 859
  35 986
  36 65
  37 1069
  38 1148
  39 1038
;
param num_partition :=
2
;
param: item partition_index cardinality :=
0 0 16
1 0 19
2 0 9
3 0 7
4 0 11
5 0 25
6 0 7
7 0 11
8 0 24
9 0 31
10 0 9
11 0 1
12 0 21
13 0 23
14 0 34
15 0 17
16 0 11
17 0 22
18 0 13
19 0 6
20 0 9
21 0 11
22 0 5
23 0 26
24 0 10
25 0 16
26 0 27
27 0 16
28 0 18
29 0 34
30 0 10
31 0 12
32 0 30
33 0 9
34 0 32
