param num_bundles := 45;

param num_cust := 40;

param price_reserve :
   1 2 3 4 5 6 7 8 9 10 11 12 13 14 15 16 17 18 19 20 21 22 23 24 25 26 27 28 29 30 31 32 33 34 35 36 37 38 39 40 41 42 43 44 45 :=
1 987 377 1045 854 1133 794 891 302 1022 614 1039 1146 338 998 973 654 618 1157 576 1148 1064 964 811 820 998 728 844 989 971 568 1115 1112 992 884 1064 813 1114 753 878 746 682 954 543 592 798
2 927 739 1080 456 882 1059 777 812 931 698 663 946 918 609 1031 119 759 679 1047 572 833 394 958 704 964 934 344 596 908 499 983 1053 899 799 802 827 758 743 790 947 444 979 516 367 499
3 795 873 551 605 660 886 875 169 1147 509 1074 607 461 895 753 1180 1126 1154 982 161 893 555 766 1010 1112 304 806 1093 791 879 1162 546 551 1089 1140 972 1102 580 523 409 866 198 751 1149 1151
4 768 1183 1064 1009 644 720 1014 652 1166 996 1103 960 1183 1081 400 819 339 1015 1181 972 1081 727 691 512 698 494 655 404 1268 1092 662 616 553 524 1094 1088 905 991 1181 1031 546 853 1133 885 899
5 539 561 696 548 347 303 326 76 746 693 693 465 773 721 733 502 733 342 488 281 704 768 592 592 438 794 741 562 463 625 184 656 762 141 531 394 695 184 762 597 795 748 789 397 269
6 1068 1203 1057 626 945 987 1137 519 1158 121 572 1278 825 515 1171 814 1120 900 1354 829 1197 833 574 882 714 1043 1127 743 1253 467 1350 1238 633 563 947 1287 351 1235 871 1285 242 1011 1096 924 499
7 707 652 615 638 341 409 715 621 630 544 560 654 354 572 685 412 657 504 661 570 383 427 540 337 326 725 436 752 292 120 392 79 727 731 289 298 345 513 559 706 759 709 763 574 550
8 786 1331 995 705 699 1227 1055 400 1261 931 1114 880 1279 851 227 1382 997 1387 336 1317 1088 1336 942 1071 1341 907 892 1006 568 632 1031 1289 1329 882 741 1351 951 1233 1230 690 747 577 658 892 680
9 701 827 1318 319 1104 1274 450 1344 1093 454 1130 1246 525 1170 731 884 346 1190 348 517 1306 1047 1259 751 1103 542 1092 1291 943 1237 1025 840 458 1316 937 1009 485 1236 1016 1267 1263 1310 1156 922 1171
10 623 661 438 251 1035 409 815 842 480 638 843 992 1020 273 187 537 815 1038 873 1001 1012 576 536 584 906 509 1031 376 460 605 1137 823 992 940 205 387 1122 1154 1133 864 693 812 1034 806 268
11 921 1211 1315 688 303 743 1194 1321 1335 729 478 559 1220 540 1100 221 1110 533 945 950 1331 547 159 651 660 543 1156 1011 927 830 1288 807 804 1238 1244 1016 1249 869 1239 742 1165 881 945 382 869
12 1079 321 523 1114 706 1294 1016 913 1501 958 1351 1091 1288 509 941 559 876 241 1092 420 1287 1110 1098 934 128 1449 493 547 942 1192 505 1394 1361 161 1462 845 391 896 825 430 1399 1444 1390 967 1118
13 678 722 439 920 493 657 184 636 784 892 733 901 409 998 752 966 437 632 406 723 585 698 615 511 600 472 569 981 246 355 578 677 666 887 640 475 701 866 448 296 651 436 466 962 936
14 1159 1192 1419 960 1332 1329 759 1316 1386 1401 1168 632 827 1260 1362 1444 871 1078 469 1110 1280 955 1315 1272 566 937 1206 787 289 1108 1483 879 367 1060 1405 938 1317 1160 833 865 1165 1457 913 1296 449
15 403 697 330 812 469 536 786 681 290 586 682 300 668 205 851 483 448 710 713 509 802 472 578 410 831 601 888 677 790 779 541 860 625 812 481 707 854 442 845 749 267 495 585 440 633
16 875 199 205 706 601 600 661 467 704 533 442 758 318 592 343 731 887 658 607 837 904 474 608 430 813 683 908 726 649 565 290 793 499 800 817 676 539 736 602 497 451 405 789 373 794
17 1124 1298 720 1129 1260 1273 1334 1159 1476 1260 693 1231 955 1332 1085 1383 747 194 330 1252 925 1100 1078 1321 1351 315 1419 942 1424 1096 1259 878 923 458 1106 207 636 803 1256 651 642 1483 573 1407 1050
18 612 626 1384 405 1128 1422 960 1205 1017 933 1016 1103 1269 814 1234 640 1442 582 1080 630 1025 1049 983 1369 791 530 1015 1109 699 500 681 1004 455 367 663 1377 656 483 1379 1457 493 1040 851 1071 965
19 979 389 1074 414 341 858 917 911 955 81 866 425 794 1078 857 911 740 1066 429 869 1075 928 719 901 712 1072 788 740 1013 184 1110 724 569 432 959 647 1117 865 1125 529 108 296 1051 790 579
20 1349 1148 1467 804 1332 1240 704 328 1269 307 501 1399 1338 1009 1279 479 698 1352 1390 1433 1188 1301 1322 1404 193 1363 1322 681 1267 1007 767 737 1025 974 703 1246 710 990 1382 1088 649 769 1331 1110 1300
21 272 490 682 1413 350 1152 156 1052 1012 711 1467 1546 1072 1278 863 685 1314 1429 891 679 1028 1580 1510 380 870 1320 1435 1483 1348 1367 886 1231 540 1577 400 1109 1013 1498 1311 1018 1554 1519 1524 1518 721
22 721 128 969 770 352 1026 911 1038 934 1033 500 811 992 705 915 864 1139 575 1150 1038 728 960 963 854 971 956 1044 289 242 929 995 579 422 961 885 824 1106 1152 618 744 892 1079 1057 1066 946
23 1484 263 669 1542 1474 815 1043 1578 1593 1078 420 1056 1490 603 1201 1491 1183 1579 1273 885 284 487 773 996 635 1197 726 1069 964 1318 1037 817 1424 444 477 962 1590 741 1425 627 1574 1433 191 1394 1249
24 894 1239 705 984 920 1246 921 641 1103 685 1140 1255 1332 1405 1377 1257 743 654 615 876 1177 1400 708 933 1295 1044 92 1148 748 1394 1062 694 945 173 1042 1316 1377 1365 561 1070 1361 1385 1065 1320 1188
25 407 978 956 717 306 463 412 749 383 335 679 272 805 459 683 798 631 970 580 740 423 681 544 699 893 406 755 732 600 950 992 770 998 474 276 635 643 1000 953 706 297 367 841 570 790
26 189 738 595 343 769 278 377 550 509 157 461 704 733 204 178 810 124 853 628 864 357 599 383 606 388 696 520 640 811 862 625 725 273 691 228 514 642 855 129 277 356 839 836 635 511
27 487 834 779 431 266 924 136 886 934 992 457 481 978 426 728 415 900 615 61 894 203 919 324 938 766 434 89 535 498 676 827 839 631 625 957 741 796 859 103 855 523 628 834 989 454
28 1413 1263 1373 611 63 822 1429 1306 1007 964 1137 309 273 1106 816 806 1369 773 857 1090 733 1047 1323 442 1251 1085 1279 1329 1162 605 1252 1359 539 1063 631 503 195 1293 1336 933 875 1059 1175 1265 1381
29 917 220 300 1389 928 1413 1345 1406 1068 1387 1392 1302 905 840 1415 1273 1248 1157 660 985 1371 749 1129 1288 1323 759 999 1379 687 770 451 1398 704 1270 1228 1346 516 1266 601 843 1367 757 500 396 1253
30 691 806 945 208 1056 151 947 502 1065 53 716 683 940 999 387 237 824 777 688 802 867 437 512 663 644 821 374 1077 315 373 347 574 859 670 668 1059 1069 732 874 493 1041 660 775 621 595
31 113 100 368 120 584 571 451 512 547 652 453 641 464 600 399 570 399 491 494 454 388 611 258 361 586 672 517 614 668 340 269 395 201 661 667 568 588 507 560 404 605 476 620 653 405
32 210 1351 576 1215 1094 1283 906 724 861 1309 676 1364 744 841 271 252 1309 1375 1263 1252 1274 761 1378 1022 630 695 938 821 1281 621 558 588 1417 1283 775 288 1153 974 1026 466 413 429 1323 859 935
33 447 401 380 159 528 628 347 451 523 205 548 505 239 595 584 267 607 613 611 430 461 439 577 615 323 580 618 280 241 605 464 526 259 406 625 418 243 605 153 423 184 605 104 501 314
34 1108 614 1319 700 1037 1165 1034 1337 893 1248 719 1289 1005 445 1388 652 1009 483 1315 1028 1069 1372 1195 1112 1071 876 1271 876 262 746 1053 1064 729 540 789 901 897 1129 1351 728 1046 584 1089 1323 1158
35 812 540 835 538 872 429 588 380 649 821 527 667 663 704 520 696 540 531 282 865 188 751 287 750 338 488 763 624 693 755 550 782 786 784 704 794 697 854 501 326 745 654 712 309 833
36 1291 1248 1222 1388 1109 276 929 534 664 1393 1367 1143 496 991 202 526 1277 1451 980 1032 1286 923 1469 1175 1340 1319 858 1269 1254 1179 1276 1141 817 1064 1023 1062 808 1447 1267 935 620 551 1382 1005 842
37 932 354 876 945 857 886 382 946 761 283 976 870 787 463 635 631 843 700 997 447 915 170 858 248 1021 668 678 918 816 895 901 1004 401 533 547 947 604 997 986 843 596 623 570 196 249
38 563 757 840 368 1078 533 1116 1114 719 518 1238 1195 168 944 1045 1081 1274 1188 1363 942 1323 1297 1328 1244 884 1250 908 1158 570 1240 1080 853 1300 561 281 659 348 1048 811 1273 1262 1125 1004 683 724
39 387 510 457 476 290 190 557 576 327 577 391 510 351 575 389 472 301 386 76 51 156 493 476 299 515 505 565 370 435 577 541 358 471 540 106 275 276 333 82 371 367 549 371 497 497
40 250 849 772 934 811 429 175 838 646 619 821 685 715 820 867 557 478 677 897 413 345 456 678 612 759 800 679 668 930 184 904 252 673 764 667 916 410 686 610 717 450 847 831 233 607
;

param:   cost_bundl  marginal :=
1 114 172
2 36 79
3 68 76
4 114 105
5 167 110
6 57 100
7 156 211
8 74 130
9 103 184
10 127 210
11 204 147
12 181 173
13 134 72
14 180 107
15 94 120
16 152 127
17 174 114
18 70 169
19 168 200
20 144 143
21 41 196
22 198 205
23 146 110
24 163 37
25 205 182
26 174 189
27 98 174
28 209 176
29 103 190
30 136 37
31 170 103
32 126 57
33 192 168
34 112 124
35 103 83
36 189 159
37 193 75
38 189 125
39 58 206
40 190 120
41 208 135
42 158 126
43 188 185
44 140 174
45 128 170
;
param: buyer budget :=
  0 4055
  1 3316
  2 1675
  3 442
  4 954
  5 1823
  6 3474
  7 1122
  8 3396
  9 1546
  10 3184
  11 2895
  12 1437
  13 2338
  14 3086
  15 1249
  16 527
  17 537
  18 1429
  19 1746
  20 2103
  21 507
  22 3234
  23 2091
  24 1222
  25 3704
  26 3123
  27 385
  28 2397
  29 4550
  30 3435
  31 3278
  32 1245
  33 2528
  34 3705
  35 4448
  36 1381
  37 420
  38 2123
  39 1333
;
param num_partition :=
4
;
param: item partition_index cardinality :=
0 0 25
1 0 21
2 0 10
3 0 24
4 0 10
5 1 31
6 1 1
7 1 32
8 1 21
9 1 33
10 1 15
11 1 8
12 1 28
13 1 39
14 1 21
15 1 13
16 1 6
17 1 24
18 2 30
19 2 36
20 2 2
21 2 30
22 2 37
23 2 13
24 2 11
25 2 9
26 2 1
27 2 12
28 2 21
29 2 24
30 2 27
31 2 17
32 2 15
33 2 39
34 2 31
35 2 37
36 2 36
37 2 26
38 2 12
39 2 6
40 2 33
41 2 28
42 2 5
43 2 3
44 2 30
