param num_bundles := 45;

param num_cust := 40;

param price_reserve :
   1 2 3 4 5 6 7 8 9 10 11 12 13 14 15 16 17 18 19 20 21 22 23 24 25 26 27 28 29 30 31 32 33 34 35 36 37 38 39 40 41 42 43 44 45 :=
1 1044 1059 721 1084 835 789 517 907 766 638 1106 918 834 630 897 275 522 473 1109 1089 698 1109 514 1102 938 1128 805 734 1135 932 672 1038 1068 129 882 861 974 604 712 465 196 1128 553 796 946
2 423 475 251 181 395 494 202 537 229 538 512 314 335 578 553 422 419 261 482 427 577 536 550 228 289 418 387 548 543 321 197 577 543 270 528 447 416 455 383 507 569 166 424 360 568
3 1176 1480 1452 1205 1481 736 669 476 821 771 1456 1099 1324 1370 1207 1076 1315 1232 723 821 679 1105 1070 1189 513 417 1169 337 1264 1188 1274 1361 493 253 960 1204 1357 1134 1357 761 1439 942 905 1279 1257
4 415 912 887 582 588 848 941 692 942 751 829 700 746 737 864 822 681 908 855 945 913 233 510 698 794 935 916 285 939 930 936 689 703 862 751 769 549 342 646 803 616 881 275 775 373
5 727 1428 1461 648 1384 1091 801 911 1280 450 957 1314 1371 1110 117 1157 250 1340 1452 1067 1090 1384 1267 489 1314 1460 1013 1426 1394 1379 1001 1316 1146 787 1427 1411 695 1073 1379 1352 1206 640 1458 674 449
6 926 666 728 224 666 447 1217 449 1284 1006 917 883 1243 1130 520 1137 401 655 527 1250 950 926 977 393 1245 592 1164 1090 1287 1257 1273 1083 501 1208 1137 789 922 819 1175 763 1191 975 681 519 915
7 828 476 669 150 737 943 930 721 768 769 569 657 727 586 872 703 222 557 742 243 406 1000 493 838 723 941 990 949 979 965 879 373 737 809 820 787 749 446 1000 706 233 847 750 864 728
8 1029 466 441 633 653 543 717 958 846 1071 317 969 1178 833 996 1140 824 785 302 1151 1150 665 937 1048 783 928 298 728 855 1169 1101 1171 1130 627 678 858 963 804 897 1049 608 749 1083 930 1117
9 111 422 315 293 342 329 199 449 489 500 442 490 305 341 499 350 363 441 211 198 151 335 444 184 69 431 442 412 361 491 146 363 445 505 415 489 220 507 323 185 307 28 437 282 433
10 490 980 1415 467 1419 1179 1370 1403 714 916 844 811 1117 1239 1075 819 400 1442 548 981 228 589 1418 1274 377 842 870 1063 1024 1352 934 1161 801 1169 510 1129 1260 1100 623 1445 1442 1149 1430 875 1362
11 1475 1019 1439 570 978 1438 1451 1354 1020 1534 1462 208 940 1503 143 1066 1083 887 1266 1410 1024 1362 1231 1135 1328 1082 1306 1490 1436 968 1061 1180 1470 1379 304 1231 1399 1439 577 1317 1351 1280 629 258 1485
12 536 336 682 647 597 461 664 625 598 656 322 200 254 240 605 379 732 501 579 430 523 738 720 758 454 634 617 671 682 766 728 766 599 714 487 685 533 381 333 478 577 191 220 212 676
13 981 1349 698 1453 577 1164 794 1410 1329 1062 889 1001 1049 911 953 620 925 1136 889 1196 1141 685 1041 1418 1415 512 1043 811 198 1483 967 1196 899 908 1496 537 1293 1358 1247 1102 384 628 980 1356 926
14 190 166 90 161 124 113 206 86 166 175 175 124 52 150 182 195 80 197 189 92 132 195 31 112 139 138 130 203 69 197 120 77 192 55 199 171 168 184 87 159 58 166 208 132 73
15 883 1207 1123 1183 845 935 174 694 794 1354 1195 1311 1004 1168 885 462 1253 1185 1168 1345 395 983 1355 1319 138 651 1341 366 1016 1063 443 713 734 1169 850 1231 1388 669 244 1274 297 899 1099 1300 876
16 957 424 947 1181 747 860 914 694 734 849 1007 921 828 1106 493 1181 1070 123 317 703 270 905 520 446 1134 915 390 533 452 817 774 899 488 1020 1180 581 562 582 768 1061 425 856 963 1181 735
17 871 601 712 876 657 963 824 979 1005 852 800 757 315 604 660 508 617 432 923 616 139 759 757 682 841 389 823 831 989 505 804 677 208 369 686 325 854 662 752 327 848 783 515 480 990
18 1345 799 1314 1135 944 1082 70 413 1209 859 778 1420 1235 1377 1185 1339 1315 1155 1101 1138 1368 1036 1114 714 399 92 495 1226 1216 825 773 914 1170 1239 1288 1102 946 1362 791 1069 322 1091 1114 1278 1285
19 1434 1310 1498 1557 1325 1384 1454 1497 712 814 1413 1132 703 497 1483 903 1514 1446 1013 1047 954 1043 1241 1327 1410 1281 623 1111 1149 1058 1566 290 728 131 195 1268 1566 916 1249 1573 899 1327 863 1266 625
20 708 556 1336 1360 1327 1185 920 1342 1155 1286 411 293 1318 957 1049 1048 1054 1255 622 891 1276 1267 1218 336 705 632 836 1033 1158 509 431 997 854 341 711 222 869 952 944 1249 452 843 1212 1103 1031
21 350 1055 732 1206 1232 1375 651 823 749 964 1262 534 850 515 1413 392 485 655 1325 1146 1305 1011 626 890 994 777 1388 1346 1171 1040 393 766 964 1071 864 1189 1229 1302 1300 981 918 1271 1211 830 109
22 486 37 807 1076 1246 424 629 1033 1185 903 1160 1071 891 572 864 300 402 313 121 684 1098 1231 650 932 1001 684 1068 981 606 1126 1254 1088 486 595 136 853 1251 1155 686 325 330 976 485 1157 927
23 888 512 775 513 147 713 797 898 840 484 568 229 834 57 475 377 486 603 859 349 794 816 573 880 670 850 857 903 539 895 699 271 345 681 817 752 326 612 577 489 791 723 567 349 717
24 1054 372 865 263 1062 646 880 847 318 293 178 510 997 1000 747 240 406 630 1117 641 683 1181 922 1192 735 1122 1116 779 954 1149 120 1034 1037 906 1187 1186 989 1118 1211 959 212 838 615 1133 268
25 1299 808 746 941 353 871 1092 469 1022 1061 1119 1311 1071 792 1022 285 638 209 803 1070 685 680 97 453 1288 1247 884 421 466 578 693 448 402 1242 970 1267 758 961 895 455 1271 470 778 1324 1189
26 991 836 893 152 871 1022 458 1027 232 1092 1010 982 469 1019 189 880 463 706 730 492 139 592 155 1071 592 593 712 323 796 910 255 1052 406 1007 305 936 427 932 560 853 758 655 817 1013 457
27 846 847 658 556 580 278 444 508 835 793 714 479 833 699 588 521 736 617 356 268 646 764 797 223 733 711 411 304 491 710 224 422 297 430 275 50 249 188 768 671 702 734 747 841 769
28 1094 1102 1010 1107 446 784 209 534 568 622 471 905 776 674 1070 951 810 803 939 1027 938 498 399 1154 576 976 704 652 1054 1059 1045 1073 936 956 452 1022 801 644 526 1058 462 870 284 339 592
29 968 335 624 449 632 767 460 551 764 1008 342 975 993 407 993 1029 195 567 982 773 302 160 872 801 610 472 596 386 368 199 1014 202 1024 710 944 814 966 855 653 810 383 558 1029 379 470
30 878 602 752 830 844 448 627 717 410 500 678 486 365 665 152 588 470 433 554 670 474 891 402 285 472 414 915 659 92 832 327 867 892 453 574 764 861 891 446 864 705 518 872 626 862
31 284 231 118 411 392 372 297 201 379 311 291 417 240 193 246 408 348 195 215 38 385 388 294 366 245 362 306 316 224 332 231 415 208 82 257 313 79 295 422 259 387 150 142 277 313
32 787 346 260 729 816 761 657 622 116 853 721 918 919 195 550 794 976 850 848 630 714 505 394 568 904 991 993 608 997 725 924 628 753 811 887 782 918 217 458 620 533 331 796 868 39
33 944 539 779 413 765 985 1020 1349 1354 360 477 548 1369 871 255 1007 1334 192 1064 288 406 873 731 1163 1083 989 1164 1303 1272 835 1290 1295 1021 1286 1345 1052 531 1006 1267 350 1232 1267 1233 784 1180
34 342 1334 696 1273 409 837 709 1044 811 1455 1157 895 897 363 43 518 520 1019 1451 1175 1019 494 911 911 831 1404 1274 1208 330 1299 858 1395 687 939 696 633 1302 813 1167 960 1292 474 989 685 1290
35 299 496 208 163 573 213 512 684 574 464 571 570 568 262 510 629 618 674 461 404 530 637 529 652 514 685 624 233 252 613 290 497 190 469 544 394 553 622 336 639 329 611 429 192 63
36 688 799 709 365 784 510 734 330 508 810 233 549 634 631 665 807 800 142 385 427 769 447 797 602 305 634 605 343 560 453 570 360 600 630 160 777 318 687 614 805 690 772 258 514 598
37 635 523 304 645 616 272 92 744 510 768 547 541 708 609 395 658 517 555 185 771 481 608 134 756 576 709 452 409 432 590 659 696 618 530 489 629 715 676 177 758 694 264 591 724 676
38 826 699 793 844 390 873 728 191 265 918 428 442 931 678 1054 614 863 627 942 982 633 901 673 107 797 301 1018 853 842 845 783 1085 817 391 903 848 1034 438 783 498 329 740 786 406 498
39 904 1100 682 338 883 797 841 846 1114 466 81 957 730 580 368 1047 1013 845 382 1067 282 1051 742 249 232 613 799 1101 650 236 95 875 775 334 771 667 738 563 463 1130 1027 621 808 622 351
40 511 926 1165 904 815 1130 890 680 178 856 1091 365 1008 1261 1250 744 954 382 854 462 1227 1197 684 580 820 1119 903 522 1082 872 757 694 942 844 1159 1272 524 1220 1194 1228 136 517 1062 896 1151
;

param:   cost_bundl  marginal :=
1 106 85
2 162 117
3 79 94
4 166 167
5 143 198
6 55 166
7 165 55
8 142 169
9 169 197
10 157 107
11 71 209
12 99 153
13 97 164
14 188 153
15 115 74
16 55 191
17 93 146
18 149 148
19 152 202
20 206 192
21 176 128
22 44 201
23 180 206
24 194 123
25 153 116
26 24 71
27 69 53
28 187 175
29 49 100
30 181 142
31 202 133
32 48 92
33 76 187
34 208 104
35 154 163
36 205 160
37 85 132
38 94 131
39 9 210
40 178 111
41 172 179
42 196 203
43 174 115
44 110 69
45 188 57
;
param: buyer budget :=
  0 3876
  1 836
  2 309
  3 1416
  4 4425
  5 481
  6 3663
  7 1845
  8 2563
  9 2704
  10 4501
  11 1490
  12 3028
  13 4199
  14 2441
  15 2560
  16 4437
  17 3025
  18 2790
  19 4375
  20 4399
  21 1879
  22 1500
  23 566
  24 1441
  25 2173
  26 4498
  27 2518
  28 2261
  29 2167
  30 1541
  31 4118
  32 1960
  33 3595
  34 1856
  35 603
  36 3033
  37 1593
  38 1975
  39 2982
;
param num_partition :=
4
;
param: item partition_index cardinality :=
0 0 39
1 0 3
2 0 14
3 0 9
4 0 35
5 0 26
6 0 30
7 0 28
8 0 13
9 0 17
10 0 20
11 0 4
12 0 29
13 0 24
14 0 24
15 0 10
16 0 32
5 2 26
6 2 30
7 2 28
8 2 13
9 2 17
10 2 20
11 2 4
12 2 29
13 2 24
14 2 24
15 2 10
16 2 32
17 2 24
18 2 33
19 2 26
20 2 5
21 2 25
22 2 7
23 2 25
24 2 32
25 2 36
26 2 39
27 2 14
28 2 36
29 2 14
30 2 7
31 2 5
32 2 23
33 2 31
34 2 32
35 2 35
36 2 18
37 2 19
38 2 23
39 2 32
40 2 2
41 2 21
42 2 4
43 2 12
44 2 19
