param num_bundles := 45;

param num_cust := 40;

param price_reserve :
   1 2 3 4 5 6 7 8 9 10 11 12 13 14 15 16 17 18 19 20 21 22 23 24 25 26 27 28 29 30 31 32 33 34 35 36 37 38 39 40 41 42 43 44 45 :=
1 1200 591 1106 889 1357 1373 1337 658 1234 351 1147 1007 594 100 543 851 1283 667 1042 698 739 1312 1339 509 280 705 749 1238 946 1318 609 1215 1325 294 661 526 762 858 758 1215 1176 383 1361 799 792
2 828 528 814 833 956 935 1003 536 995 773 946 1006 134 939 554 1011 937 717 325 897 906 277 519 609 639 959 1096 745 871 784 635 664 72 600 770 1047 1096 787 743 501 889 1001 774 716 787
3 873 1356 1102 1229 729 950 441 1134 1297 803 1022 768 834 804 1310 1163 556 911 1118 850 189 1281 1092 1191 1164 1180 459 1122 1073 1023 908 204 400 1329 617 939 1072 744 1325 647 394 424 941 1190 837
4 205 1147 757 1015 627 574 1064 1131 796 1031 213 783 1097 316 1049 663 1113 1109 754 888 1018 1192 1049 1016 761 1162 809 1060 1010 663 319 516 1023 825 1199 1184 825 321 246 255 1017 532 937 657 885
5 562 694 345 617 448 100 627 520 742 456 418 480 746 556 760 606 672 715 766 635 325 741 439 694 685 422 61 501 706 406 772 719 419 749 729 498 479 382 649 618 745 584 412 413 452
6 1000 597 844 751 499 495 706 741 178 373 552 682 1009 750 537 721 901 678 944 885 596 855 629 1007 296 609 943 538 949 924 877 555 423 917 921 835 780 985 722 707 491 695 912 623 827
7 471 902 986 897 610 907 377 425 758 401 711 354 904 749 870 971 1001 665 555 266 669 758 641 147 704 572 743 1005 612 971 772 378 1031 417 940 811 410 721 536 582 792 355 877 1023 521
8 423 1172 1343 670 628 612 1032 611 557 1425 1195 1374 320 995 1235 1243 513 984 775 1145 1403 1292 1315 697 286 1112 998 855 1369 1400 1388 427 917 1224 401 1385 766 1045 699 1352 1171 1356 1338 1147 907
9 1269 1028 1054 1380 1292 1078 1174 1359 744 1298 386 314 1409 625 866 722 1403 655 729 1249 608 1186 472 1419 216 273 838 945 1368 1360 596 851 878 307 1080 1245 917 1150 1018 1364 731 1270 523 447 797
10 149 350 346 445 386 455 285 343 290 492 165 461 497 401 449 405 137 362 483 494 399 191 284 273 425 338 365 83 454 291 312 319 496 313 495 317 391 374 397 429 489 280 352 484 376
11 697 1033 705 1010 981 869 499 979 1059 975 1056 977 1047 949 526 988 298 38 992 684 992 976 378 986 277 892 371 460 861 1027 571 364 486 220 409 770 693 1009 859 780 731 676 379 840 928
12 971 895 122 608 846 578 1059 291 538 481 864 689 999 424 998 798 405 799 1078 819 523 219 325 741 570 200 625 581 480 1084 599 1028 889 985 799 690 848 637 131 974 610 409 798 814 695
13 551 1007 1140 442 761 254 840 1147 550 1092 1179 1217 1202 1233 699 887 1154 965 879 827 975 188 917 1114 885 954 793 741 1126 1030 1230 520 417 686 1185 633 1218 1157 802 1005 629 1224 940 1025 968
14 1241 1255 562 1081 959 1072 1002 954 1464 1137 881 114 618 1208 1196 1239 1438 1159 1232 619 1101 1164 1263 849 871 1456 858 1381 999 308 1471 783 1028 938 844 1430 191 547 508 1187 1201 986 1487 572 423
15 359 311 342 493 669 325 595 667 590 390 351 515 547 536 587 622 571 360 619 299 146 344 514 447 497 544 540 494 526 571 599 387 530 474 277 611 167 569 413 385 254 587 541 577 545
16 30 946 488 880 933 414 704 663 804 481 447 922 361 679 808 674 966 250 218 961 759 205 880 103 954 1013 271 965 1002 873 693 885 922 797 889 298 566 663 827 1010 795 1017 690 700 937
17 739 629 867 731 719 786 685 394 358 707 851 468 810 716 654 766 811 515 104 321 294 305 803 391 159 138 276 866 421 709 560 546 637 473 754 555 620 495 806 775 662 181 124 669 670
18 628 887 1158 1092 1130 589 1238 1031 1220 895 783 693 1128 1229 665 758 973 888 899 1080 1177 1198 1241 349 691 833 1103 1211 665 1082 597 1090 587 482 878 984 448 484 1031 1139 1038 26 251 488 990
19 918 1268 1384 1347 712 1454 880 688 1005 992 1393 617 1421 1332 940 1296 612 810 1152 652 640 939 526 1233 1283 933 491 51 1535 1247 931 719 1063 297 894 524 1531 941 438 1481 1090 957 1359 1269 521
20 793 176 1130 670 808 160 1155 742 954 675 700 986 981 1183 979 477 1052 830 950 701 1069 465 1126 1047 1194 1109 610 714 566 969 789 1158 1064 74 517 154 1132 1040 878 640 231 1244 868 1057 947
21 910 769 469 887 454 953 1060 270 936 1040 414 847 683 968 188 520 865 1045 785 1052 744 364 886 1097 420 1200 1061 1127 1044 768 1116 1180 604 626 920 490 635 1201 801 346 1222 908 262 789 837
22 350 333 603 616 532 74 538 558 293 549 438 542 132 289 282 571 474 468 498 276 359 545 544 216 334 404 279 544 631 386 240 580 482 226 444 488 536 512 620 606 625 537 419 264 478
23 511 549 1242 561 377 1142 1207 314 578 1108 795 351 996 401 828 731 978 464 1211 1152 1061 1250 1049 967 1009 998 532 410 795 1174 1010 687 997 411 838 1038 87 750 444 523 591 274 1231 1247 505
24 92 136 93 176 98 83 202 165 117 160 186 133 207 177 211 66 80 137 84 146 183 74 112 157 76 112 103 147 180 165 120 205 203 136 106 190 148 178 180 178 207 184 92 190 164
25 125 459 454 110 418 470 335 462 294 456 188 240 398 237 432 302 446 264 468 438 354 347 196 369 219 364 144 322 291 317 441 368 458 370 455 210 444 444 173 390 363 419 145 435 126
26 423 496 108 409 464 896 1069 844 1042 1144 1260 1307 932 832 603 757 863 578 1232 940 1340 1207 1077 243 1049 661 1266 1273 940 257 1249 1210 1330 841 452 1134 887 1286 1194 913 1285 864 982 1113 390
27 399 216 260 616 460 996 843 888 361 640 968 901 578 421 443 977 624 893 747 1101 674 700 473 879 869 568 559 761 676 1064 548 243 952 656 575 914 371 838 622 919 573 946 899 509 742
28 104 505 435 481 288 479 337 470 373 223 248 281 491 292 212 503 391 448 237 150 348 267 428 126 349 359 67 365 507 458 218 309 443 357 367 490 141 366 313 450 478 268 245 278 188
29 494 597 948 1279 1427 1211 32 515 768 1072 1164 1342 1016 765 556 1003 831 1510 1389 1534 1024 517 1387 814 1096 97 929 856 899 1171 472 985 1191 1139 1460 610 1501 1406 1069 777 979 1083 785 1532 1145
30 1406 1081 1537 1471 1272 567 585 547 1065 1486 1062 734 1376 1295 350 1034 310 507 729 1158 591 1597 1213 1193 1602 526 829 1533 1435 1336 775 804 1389 865 1602 1494 1261 1390 1161 1320 768 1294 1449 873 1519
31 843 201 783 769 1181 906 589 1107 553 419 663 1117 375 708 680 271 231 899 477 1074 396 892 549 1121 821 788 1172 987 379 759 1204 1111 1095 963 815 310 494 696 1113 1000 834 1167 826 1208 785
32 1006 1019 676 871 476 668 959 678 925 926 818 926 627 911 967 722 494 314 1049 825 850 400 897 245 779 915 943 1107 956 590 655 903 425 614 895 457 299 705 812 880 754 1040 664 947 162
33 895 1087 1116 852 613 851 994 1129 1019 469 811 1096 1033 614 891 328 1131 890 960 731 412 395 1170 762 577 1066 807 1113 1089 228 656 1053 631 604 1199 901 515 998 854 453 1123 213 521 934 992
34 712 165 1390 1365 1386 477 1429 713 1172 1367 984 1236 417 1356 1319 1105 751 1299 445 585 844 1017 792 676 1145 423 1414 1306 1392 983 1323 1130 636 1086 918 1256 607 1301 467 902 1132 1386 493 732 1201
35 1072 1473 886 148 1379 1549 633 1114 331 914 1286 916 1399 687 915 1034 995 1363 1423 1157 1278 1553 706 462 658 643 966 947 1419 1447 1203 657 828 1479 352 1407 1130 494 926 719 1472 705 1418 254 774
36 517 620 438 627 506 374 617 698 593 324 451 596 811 709 722 696 737 845 472 520 655 647 297 487 809 506 577 732 776 130 671 683 406 539 324 452 659 714 490 654 723 632 273 544 307
37 345 698 225 633 684 613 560 171 288 403 563 744 595 681 289 457 74 658 133 670 305 198 646 181 470 749 232 609 736 507 528 28 307 699 558 721 456 610 400 387 702 399 683 685 741
38 645 1070 857 1006 208 929 1193 339 1228 970 542 279 713 573 503 842 541 425 869 645 1190 1050 898 536 726 457 1092 460 761 1155 890 1173 921 849 273 753 706 95 729 1153 1013 994 232 1050 1019
39 1339 1213 1347 744 259 1315 1497 1220 1393 1372 617 1186 1209 1003 766 484 1404 1338 1030 1102 777 822 457 1003 1106 1127 1015 1137 998 1441 780 638 1092 1409 1399 833 715 1321 1405 1384 1048 918 1329 1135 1100
40 615 731 779 960 678 1275 329 1117 1255 1098 823 935 980 1113 785 794 674 1088 706 1059 222 1032 276 752 1042 1233 857 968 667 351 850 1288 953 1304 1186 815 331 431 333 1274 1019 1033 1042 665 927
;

param:   cost_bundl  marginal :=
1 41 198
2 201 28
3 87 86
4 84 79
5 91 107
6 182 130
7 177 193
8 176 96
9 203 206
10 171 205
11 164 68
12 158 141
13 155 187
14 166 157
15 27 181
16 181 199
17 129 103
18 184 200
19 137 133
20 151 63
21 185 64
22 193 152
23 180 158
24 180 157
25 185 115
26 83 95
27 148 81
28 180 90
29 141 147
30 146 167
31 49 212
32 12 198
33 146 191
34 86 107
35 134 152
36 73 116
37 93 114
38 207 181
39 64 52
40 135 171
41 210 109
42 180 173
43 195 106
44 181 148
45 106 171
;
param: buyer budget :=
  0 3310
  1 3045
  2 3353
  3 2170
  4 3221
  5 3864
  6 1518
  7 377
  8 838
  9 243
  10 826
  11 332
  12 2124
  13 1267
  14 1429
  15 3582
  16 1425
  17 3725
  18 535
  19 4704
  20 101
  21 4562
  22 958
  23 544
  24 4687
  25 877
  26 4018
  27 2685
  28 3904
  29 307
  30 92
  31 161
  32 729
  33 4601
  34 4312
  35 1406
  36 2802
  37 3041
  38 4328
  39 2918
;
param num_partition :=
4
;
param: item partition_index cardinality :=
0 0 22
1 0 10
2 0 38
3 0 22
4 0 36
5 0 23
6 0 19
7 0 6
8 0 36
9 0 33
10 0 24
11 0 2
12 0 23
13 0 15
14 0 22
15 0 32
16 0 9
17 0 2
18 0 19
19 0 38
20 0 36
21 0 24
22 1 26
23 1 32
24 2 1
25 2 23
26 2 27
27 2 4
28 2 10
29 2 36
30 2 19
31 2 29
32 2 32
33 2 20
34 2 24
35 2 20
36 2 8
37 2 11
38 2 9
39 2 6
40 2 27
41 2 38
42 2 24
43 2 28
44 2 29
