param num_bundles := 45;

param num_cust := 40;

param price_reserve :
   1 2 3 4 5 6 7 8 9 10 11 12 13 14 15 16 17 18 19 20 21 22 23 24 25 26 27 28 29 30 31 32 33 34 35 36 37 38 39 40 41 42 43 44 45 :=
1 897 1265 989 1147 1280 656 803 302 1038 564 754 1332 720 612 1240 922 821 295 1055 1144 318 463 1137 800 1259 1146 472 1220 1007 1149 1156 1289 1269 647 418 569 1334 596 436 1012 734 1306 741 1265 1239
2 1209 649 1201 1060 1223 1003 432 846 1138 794 694 873 1301 1172 1248 483 682 725 934 883 1158 721 867 1171 1101 806 790 978 836 763 1134 1310 959 395 1309 896 1128 1024 716 750 1263 715 67 653 255
3 604 222 654 637 177 474 656 552 591 509 408 254 564 296 511 602 517 400 309 556 517 394 650 255 215 454 442 542 58 484 638 613 679 546 562 399 180 684 610 571 320 540 634 92 432
4 1422 1314 1514 1244 994 142 1441 1112 1312 510 1191 790 1360 791 1539 1363 185 1550 1324 1409 633 548 1265 1089 450 684 839 1538 914 1562 1437 1447 805 1002 1566 1222 1587 924 1499 1429 730 783 957 1178 234
5 1154 745 980 747 1469 1039 440 855 1340 812 1311 921 1427 1342 1029 1403 977 1462 1262 1317 831 654 1274 703 733 449 251 833 896 1483 869 1128 1380 577 1069 1124 642 640 774 932 1221 260 800 1048 547
6 1168 1380 572 1062 898 1305 919 1104 965 1243 1392 1070 1358 1331 704 1201 878 800 229 1203 1080 797 1146 1338 864 1348 589 249 381 1287 623 900 1275 1394 1006 488 820 968 685 1331 835 1385 992 1030 841
7 769 837 791 565 814 407 611 173 380 952 472 772 811 473 687 961 359 944 554 582 479 578 753 908 764 652 522 685 564 639 475 898 392 276 927 243 963 960 438 950 880 891 508 810 807
8 1002 615 1525 526 413 1014 1078 1116 934 1533 920 1039 1268 1535 1573 830 833 1166 1071 498 1479 1312 932 1307 1488 505 1475 1088 743 1372 873 1290 887 736 1245 1416 1538 1440 377 1127 783 754 1323 1177 1228
9 1251 1363 671 1279 707 574 1007 710 1472 1195 962 727 1238 521 1237 794 1419 1280 1293 496 1279 1334 848 982 1476 804 860 1098 645 581 1072 515 965 148 1260 1496 1119 925 1475 1196 1443 781 1425 1213 242
10 965 866 1181 548 751 755 1191 556 243 1018 102 1089 776 905 234 1161 1038 749 942 348 1338 929 725 1084 1007 878 369 1270 1353 1129 867 1373 1208 1275 710 114 836 1207 1188 1252 908 1145 1225 1115 776
11 625 1545 1044 1328 1549 1159 755 1334 1367 1329 798 1486 1357 1467 1133 1271 1457 1494 1060 1572 1193 1378 786 1007 554 663 1172 1197 1301 1297 714 1020 1420 1283 1449 1274 1168 646 1410 1009 1314 1304 1312 1527 750
12 1003 982 845 764 799 1014 671 823 78 661 502 1024 954 1136 888 751 1183 394 577 95 407 812 1010 1093 679 805 1072 544 843 550 871 757 695 1031 1046 712 1164 719 1013 902 1069 862 1005 1141 416
13 813 541 1031 942 42 1122 375 469 1043 287 847 231 1137 993 942 1123 1125 1125 574 950 230 602 987 1105 930 1038 849 997 922 371 904 939 381 483 543 511 999 176 1105 1039 545 455 788 842 467
14 522 967 725 716 910 1119 390 1141 526 816 1183 1143 384 473 1041 1105 1135 794 135 572 1048 1011 450 385 685 458 969 594 1167 1155 809 1143 847 762 346 772 978 763 1036 448 1012 133 1195 1210 556
15 1287 399 899 1076 1344 889 1360 769 1176 953 1302 384 970 1146 757 484 855 620 1316 1216 1326 50 1003 545 1037 1031 1312 1154 873 885 464 1258 630 663 894 595 1103 1106 1177 606 606 593 596 1295 263
16 645 611 393 310 612 476 601 513 562 370 144 622 501 721 562 612 432 547 725 664 697 472 534 634 252 545 124 463 294 256 598 642 223 354 349 524 702 441 375 196 627 374 432 715 444
17 1501 1134 1304 502 648 608 535 1216 1044 928 1350 636 1043 1149 435 1356 852 1343 1160 496 1246 1139 1123 237 835 1216 274 1215 1284 1471 1487 1039 995 680 1109 1480 909 207 1479 449 173 664 1323 627 1397
18 958 1077 413 412 840 1300 514 766 539 848 1322 1147 795 1055 827 622 1158 929 834 1273 1048 633 1092 1149 236 674 464 1158 1071 1340 710 956 195 808 1048 925 809 1180 872 410 959 1334 732 1287 288
19 874 1124 1417 1570 1241 1465 1410 1129 1329 306 1068 1199 1201 713 597 1269 1595 498 1435 1329 1397 370 905 1383 1203 753 1162 1038 1378 766 1104 958 1412 1583 1575 1253 1274 540 862 324 1408 1050 982 1238 1226
20 1059 1451 1432 967 978 1448 1284 300 1092 884 1191 838 177 514 711 1496 802 1376 941 1345 778 1142 1303 758 1441 1067 1311 898 1400 947 1119 751 1328 617 1357 45 883 1314 112 1295 1141 1293 685 890 1330
21 1383 841 1068 1336 1200 1315 631 906 1003 1004 1250 757 766 1330 1124 892 360 871 1246 1146 273 794 1382 1063 1361 1163 1186 1364 744 207 481 835 402 984 824 672 168 1342 1333 1280 1134 1162 717 1237 582
22 246 230 505 752 412 104 546 768 534 769 540 422 638 664 374 810 83 419 327 567 608 429 626 521 397 421 153 730 674 490 514 685 440 491 434 682 704 527 346 403 41 628 583 809 385
23 1261 473 1004 840 1001 396 895 832 999 1024 789 1049 432 575 713 458 1209 882 316 1210 787 870 1044 1050 530 1256 1036 787 1093 641 622 1331 1014 520 1219 815 1375 897 1283 1070 1345 597 1390 1120 1028
24 755 800 554 125 507 353 293 491 634 570 707 646 800 644 852 875 487 818 703 751 810 370 912 598 726 735 544 520 525 334 700 706 738 894 884 506 370 638 472 858 764 645 331 603 703
25 705 541 766 671 699 586 531 679 694 734 454 606 650 650 572 447 721 330 158 718 753 423 569 527 559 684 263 699 769 484 757 711 735 533 268 377 554 599 720 326 166 634 688 662 196
26 1222 858 1110 1293 1123 1390 661 1394 122 1186 369 814 1219 457 799 378 863 485 1426 549 1120 993 1112 1188 1293 871 1358 1448 1181 341 687 1362 1179 1094 1001 1121 1227 1409 1277 1376 736 1002 1362 635 722
27 1201 743 829 445 1224 339 878 1294 900 699 194 1207 1099 1212 964 1250 844 1168 349 1004 96 952 656 1092 1082 503 1199 765 617 1214 485 1033 1258 1016 1291 864 840 1067 1085 499 1100 424 1075 1071 1044
28 767 765 1127 1043 826 689 430 690 1060 1003 575 424 1043 846 784 894 1097 1104 650 843 1098 1077 896 387 536 1085 932 619 273 1060 1005 312 922 773 616 574 571 348 640 964 822 402 876 980 1007
29 974 275 867 1096 1063 605 1113 688 1051 359 1025 1009 979 1005 888 1079 896 1099 854 601 1028 1024 424 508 1027 990 882 821 930 641 957 1018 1095 463 1112 1089 1131 409 914 927 1057 777 172 473 896
30 1164 633 661 135 775 943 345 1217 1086 262 842 667 904 568 1189 838 281 917 883 545 879 1258 1283 1184 779 837 810 475 1180 1250 592 476 657 1289 1105 1064 567 613 1271 524 1223 616 760 809 1262
31 889 929 1340 752 737 758 992 967 1227 974 1012 1139 1126 1086 788 1305 240 285 711 1202 1362 1087 855 1324 1180 580 884 1331 1157 569 1244 1099 1349 1130 1202 1220 1036 1153 1309 1360 402 1176 1273 1107 295
32 1090 672 145 602 762 1064 972 979 917 1126 994 1083 572 902 1011 994 581 1136 803 675 1103 688 519 1024 794 1073 781 371 963 1104 56 841 582 815 502 820 998 1090 126 1106 1119 808 888 575 689
33 774 226 1322 697 1269 946 1501 1518 997 1305 1407 909 660 1221 1198 1364 1467 1156 1400 965 1108 863 332 473 724 1313 202 1369 1304 892 859 181 1340 1455 487 1513 935 982 702 948 1303 641 1251 1366 337
34 808 969 308 344 418 957 784 810 707 989 855 659 938 506 998 844 525 907 995 935 979 768 205 496 290 722 727 458 610 289 766 855 901 735 598 375 851 1003 806 325 690 826 902 696 948
35 461 1168 1040 1058 1089 719 1226 922 607 639 1076 1056 103 803 323 264 1114 1228 774 938 624 590 755 546 384 296 1090 757 1038 835 612 1089 1185 605 976 1052 1195 1088 1147 780 750 900 1161 741 260
36 679 903 535 880 801 551 920 880 234 502 304 1012 844 804 564 491 982 905 826 155 490 1005 936 787 723 608 473 685 781 307 868 623 858 1049 942 777 790 846 847 447 951 903 712 380 925
37 405 559 527 525 493 185 503 580 302 627 326 291 291 449 609 568 635 294 154 625 288 455 192 442 518 113 160 575 635 419 357 127 366 513 571 414 571 332 371 331 507 559 513 164 508
38 1264 1125 1262 947 283 874 854 623 813 791 1025 1175 654 577 352 1189 972 934 683 1070 1181 698 1408 1355 1215 1269 1280 493 1379 836 1005 1287 754 1359 867 1309 1274 728 1177 750 1002 1104 1151 869 1185
39 1204 1150 611 1012 886 1208 1172 610 439 1067 850 503 907 320 1054 1125 279 674 1054 515 265 728 480 1098 1143 811 1228 976 802 1087 1228 316 1116 789 570 358 1136 962 695 784 645 953 1125 1016 1210
40 197 157 136 211 171 157 84 73 120 160 44 130 204 151 157 206 184 92 87 143 199 147 177 162 169 194 170 171 130 82 179 81 150 188 142 181 130 171 203 101 90 186 163 147 150
;

param:   cost_bundl  marginal :=
1 73 172
2 158 185
3 168 104
4 173 204
5 160 76
6 61 134
7 209 144
8 47 158
9 198 119
10 191 170
11 205 82
12 63 49
13 103 208
14 172 184
15 62 86
16 163 118
17 71 132
18 191 192
19 178 208
20 114 113
21 158 177
22 182 133
23 177 116
24 187 188
25 71 211
26 76 210
27 43 99
28 114 193
29 169 60
30 117 135
31 189 120
32 179 206
33 97 15
34 176 203
35 161 109
36 199 70
37 38 207
38 31 67
39 168 155
40 111 111
41 165 189
42 81 98
43 121 176
44 105 184
45 100 126
;
param: buyer budget :=
  0 2881
  1 2188
  2 1021
  3 4074
  4 679
  5 3159
  6 3287
  7 1795
  8 4272
  9 1069
  10 2426
  11 2067
  12 1075
  13 3994
  14 4199
  15 1327
  16 2650
  17 1256
  18 166
  19 4274
  20 3310
  21 4032
  22 845
  23 783
  24 3458
  25 1177
  26 2221
  27 1012
  28 1514
  29 2015
  30 328
  31 2624
  32 1255
  33 957
  34 4162
  35 1991
  36 3247
  37 2619
  38 1654
  39 2921
;
param num_partition :=
4
;
param: item partition_index cardinality :=
0 0 10
1 0 13
2 0 30
3 0 30
4 0 29
5 0 32
6 0 28
7 0 10
8 0 6
9 0 29
10 0 25
11 0 36
12 0 26
13 0 6
14 0 23
15 0 17
16 0 36
17 0 18
18 0 30
19 1 10
20 1 1
21 1 21
22 1 5
23 1 18
24 1 4
25 1 11
26 1 21
27 1 19
28 1 12
29 1 20
30 1 18
31 1 36
32 1 22
33 1 17
34 1 35
35 1 18
36 2 28
37 2 39
38 2 2
39 2 22
40 2 15
41 2 9
42 2 35
43 2 5
44 2 14
