param num_bundles := 45;

param num_cust := 40;

param price_reserve :
   1 2 3 4 5 6 7 8 9 10 11 12 13 14 15 16 17 18 19 20 21 22 23 24 25 26 27 28 29 30 31 32 33 34 35 36 37 38 39 40 41 42 43 44 45 :=
1 1267 973 244 1430 605 490 672 1460 506 1060 1155 1191 1162 1346 1492 1436 1367 766 540 517 1329 852 988 1285 690 1282 1434 1215 1436 1106 906 682 859 1299 1263 1493 306 1113 863 1331 1446 1315 1466 1283 1417
2 956 1031 593 531 942 715 524 751 972 821 234 887 1022 525 377 477 985 294 958 688 592 789 556 744 1031 662 568 617 509 555 946 906 695 775 716 465 810 727 702 805 867 446 372 223 59
3 1565 850 1573 1425 1038 1328 1230 1103 1406 1148 500 1569 1263 1430 1163 1444 93 1420 1238 348 1073 1207 640 1352 1280 1434 1414 1547 903 1145 1096 1164 819 1418 276 266 1365 1540 1117 1180 952 1315 1482 1156 113
4 723 828 1068 599 1061 751 1000 655 620 766 690 943 424 660 727 511 839 1034 1038 798 1123 797 197 873 1117 869 1020 963 650 243 490 361 597 874 981 193 476 1041 264 595 753 382 1095 578 768
5 625 1207 1371 846 284 1363 1321 400 394 1003 613 917 1049 1274 1321 556 1070 299 1249 757 524 418 977 874 642 783 207 1055 310 915 1323 853 945 1076 998 865 275 1027 683 990 747 899 596 485 659
6 1284 979 1247 845 1281 225 777 603 1198 1002 1095 528 161 1162 773 873 1236 999 964 1067 1156 269 257 1048 911 663 749 1139 103 998 1156 896 1295 606 412 1081 1235 186 968 792 1243 731 1083 654 585
7 1160 988 785 295 816 116 943 426 206 771 676 1064 713 945 963 339 1030 858 811 504 1124 410 1023 597 1085 1058 521 1106 967 1013 595 710 696 409 589 510 561 477 414 388 692 356 1071 793 773
8 572 616 1009 974 218 653 598 1094 978 889 1111 1018 910 452 529 688 180 444 594 578 1071 845 1088 764 1089 694 1073 1025 1112 271 1067 732 992 1041 1021 1023 751 819 750 827 995 946 920 1107 828
9 913 675 1153 856 1016 711 841 1125 1046 1074 371 468 1152 1031 787 1126 959 1204 1103 1006 1075 201 963 904 555 1192 992 664 57 157 688 823 206 1183 926 800 951 1015 666 872 543 887 996 1245 871
10 1189 906 1475 702 688 1011 367 1332 619 1115 349 1328 1112 1516 1158 570 724 1112 486 1427 911 806 965 1220 1115 1283 1379 1371 1137 673 1419 618 762 1499 854 710 986 1319 1030 1462 944 676 1306 1351 1423
11 322 754 752 671 755 330 752 888 912 1059 983 337 1008 921 744 311 942 581 1044 111 219 644 317 796 474 568 1028 586 731 769 319 897 997 892 777 584 663 610 767 329 903 305 815 473 920
12 228 636 373 900 342 858 826 847 481 834 193 856 280 938 969 734 343 590 479 770 870 593 969 648 759 305 614 538 905 294 842 754 900 671 276 318 419 730 877 377 907 66 774 642 799
13 1390 1510 932 713 1073 1435 1147 1420 1025 1368 1041 839 1408 1242 1452 1381 1455 916 1557 1236 1175 1330 1368 455 1223 465 296 1388 1193 482 1354 799 1568 1381 1068 1398 1401 1104 1238 1227 809 871 1427 301 551
14 189 408 211 296 182 288 397 402 416 266 266 396 137 112 250 197 176 325 396 172 116 306 325 95 337 416 399 375 407 339 218 372 299 250 298 242 379 135 379 343 50 318 194 260 399
15 310 202 412 164 317 375 411 322 183 370 367 20 386 293 274 415 203 290 289 403 193 230 387 251 231 316 145 232 270 412 133 210 109 336 388 374 143 365 96 280 403 198 268 399 412
16 396 323 1040 841 1111 789 843 793 912 510 1022 1192 865 528 836 1019 1128 506 828 419 105 729 952 1212 201 1127 464 1154 1025 765 431 1009 788 1176 626 83 1027 683 940 520 480 630 775 1030 1032
17 454 310 552 637 620 581 620 478 766 873 863 702 713 695 936 694 505 580 746 290 392 326 848 943 601 789 654 275 873 304 810 496 736 570 854 616 880 96 575 153 712 662 562 530 415
18 1161 1289 1336 580 948 126 1416 728 219 389 1031 798 260 1407 1423 1480 1439 1339 1458 612 1239 962 716 166 1139 1370 1405 966 1206 1096 1227 703 815 744 1078 1035 602 1323 805 1331 1433 1471 883 1302 1188
19 441 1128 1167 1129 1222 955 586 1063 1205 1401 701 138 218 366 1044 1351 1374 1166 376 640 1306 647 1277 1197 660 1394 980 1144 219 960 1528 695 633 934 1522 861 1471 606 470 592 1506 1016 1616 1001 1070
20 1155 888 1571 1346 1129 662 1570 1356 443 1065 553 856 1141 172 1035 1235 1190 919 960 585 1459 1064 1434 961 1394 642 1381 1387 1251 1199 1314 312 1408 524 1332 1310 1462 1277 1269 580 1390 1476 604 703 1256
21 1246 1227 1004 658 1145 741 1215 481 1263 1174 1271 921 1236 451 932 1100 696 886 267 457 499 1041 1314 1146 597 1018 670 1277 1320 725 1039 1120 1186 1145 207 712 1164 461 1243 1073 837 1251 1020 896 428
22 796 1382 1209 1352 1193 813 1206 1421 1006 1290 248 1474 796 993 1319 1476 882 1317 1199 1296 227 352 387 1274 1047 629 1529 1103 1243 249 1048 1069 1456 732 836 812 671 1133 530 1412 1067 1348 1353 885 798
23 1147 154 575 1434 1206 1221 966 1053 1192 1110 1160 286 464 1234 1380 1130 1075 1369 613 1019 699 1189 1120 1264 465 472 881 1352 692 1421 1167 883 1128 1385 454 1047 539 273 220 1028 1173 883 462 547 1095
24 1429 841 783 1349 1333 650 863 849 695 510 959 1153 249 881 620 1072 1312 835 587 1391 843 849 1039 1225 1158 1206 995 854 713 1011 1157 610 978 1317 966 806 617 1266 575 319 1250 841 1165 643 885
25 1015 1094 772 1462 792 993 400 1257 504 1139 1309 1301 1133 1027 1091 1400 1373 1451 1269 655 732 1017 1414 1062 1214 1390 620 1332 997 634 730 1190 1465 829 1058 832 1336 1202 668 1375 698 1314 424 1199 984
26 1042 736 1099 1237 285 521 657 964 729 555 1208 787 338 1317 1049 302 774 926 1327 227 1248 738 1187 467 1111 815 571 1382 733 890 885 1280 1380 962 1029 178 399 406 1159 1333 1216 1237 714 683 994
27 1422 1181 1476 1072 1447 1227 1173 82 1179 186 1172 1132 1290 893 875 1438 201 582 1201 1101 1533 1037 923 567 554 235 616 1587 1381 1389 636 1514 902 1227 1047 347 1499 1551 455 460 831 1285 954 1418 327
28 669 208 837 1175 424 764 890 1181 456 937 1160 252 939 1012 481 1073 243 785 1081 576 119 161 618 525 914 467 357 1181 1071 617 202 439 290 1156 706 961 580 378 1072 564 496 924 395 1127 1158
29 459 295 265 335 28 195 463 38 522 373 561 511 526 338 576 433 563 24 484 147 566 293 516 271 561 412 527 447 464 188 454 506 376 508 319 475 270 479 562 224 517 324 428 512 352
30 266 404 241 139 56 231 330 142 171 370 385 376 79 376 412 78 358 337 298 333 149 416 195 223 317 92 170 275 112 228 309 389 390 311 368 256 154 388 214 318 263 192 409 289 202
31 578 1506 1426 605 1413 1501 363 540 650 876 1044 242 1470 1149 322 1421 896 1473 1514 1210 1104 1501 764 372 1304 375 1194 1296 1198 1214 1378 824 1306 970 854 581 1218 1405 1230 888 1288 1034 233 1207 1168
32 169 444 920 1186 1072 1487 199 565 1325 1308 1365 1346 1447 420 1349 1057 337 1164 1298 1469 924 1236 1330 1389 1436 1440 972 1174 655 1098 1453 648 1206 1345 1473 673 1318 836 1051 1460 1009 372 269 1274 605
33 924 567 807 910 482 923 573 663 1024 851 903 997 61 511 560 851 838 944 751 487 1031 415 1033 421 291 551 446 537 546 850 678 604 735 558 713 194 668 407 398 377 761 651 1014 926 887
34 774 1487 1421 1401 890 1109 646 1392 860 1196 1307 788 735 1426 1262 848 1550 464 1528 1061 381 1440 882 1357 1468 1511 1182 938 1536 670 1140 714 403 1339 1070 922 1296 1232 997 422 1306 1497 1483 902 1466
35 688 1026 1247 485 1289 1204 761 1139 1025 1095 745 312 1273 897 531 818 425 1272 1264 694 1086 1242 365 935 1133 1201 817 1209 1199 1235 1249 304 861 1221 1201 1125 576 1202 258 1251 1104 966 841 750 1199
36 110 487 508 460 454 187 89 120 420 478 441 346 434 454 251 222 368 508 155 354 511 464 236 207 361 210 292 216 435 338 412 359 484 432 202 294 239 495 168 490 449 293 417 202 276
37 1079 384 568 681 954 795 762 616 810 706 297 403 786 687 1065 904 407 358 915 806 864 742 230 456 663 684 720 563 1018 884 1043 1084 312 838 892 844 483 551 585 990 190 944 829 719 1036
38 787 1383 1089 638 908 249 524 400 1376 644 698 1236 729 1120 1130 1409 756 1352 1056 604 415 1366 1310 453 489 952 1156 975 655 1134 874 460 1024 1300 1233 412 1161 857 1339 926 1279 1219 410 1136 1138
39 1044 240 1443 1366 499 1128 637 336 655 959 920 1365 1391 284 1072 1446 766 924 1121 786 704 1287 862 878 854 744 1135 1330 1259 751 1407 1046 1320 1124 861 633 1366 968 1142 1039 1180 928 1153 527 1415
40 1163 139 1139 814 442 921 587 760 1246 764 1129 193 1076 1302 385 205 1163 1154 1332 566 444 543 1089 682 1024 1068 597 543 1161 604 581 674 1333 459 1223 928 1289 864 747 1427 1202 774 664 1189 917
;

param:   cost_bundl  marginal :=
1 85 166
2 63 210
3 153 167
4 127 95
5 174 168
6 148 122
7 61 146
8 180 166
9 67 91
10 115 196
11 210 197
12 194 158
13 61 180
14 135 198
15 202 202
16 106 33
17 69 74
18 138 150
19 160 165
20 178 43
21 193 162
22 153 107
23 150 157
24 181 160
25 192 203
26 40 207
27 146 36
28 46 165
29 51 164
30 12 94
31 192 190
32 162 76
33 92 211
34 163 183
35 70 52
36 48 197
37 170 178
38 106 156
39 189 193
40 205 179
41 63 138
42 210 191
43 80 91
44 80 129
45 176 185
;
param: buyer budget :=
  0 88
  1 1594
  2 1024
  3 4105
  4 1839
  5 3635
  6 1756
  7 1016
  8 784
  9 1348
  10 1354
  11 3321
  12 577
  13 2520
  14 138
  15 4370
  16 73
  17 4096
  18 4225
  19 1345
  20 2519
  21 517
  22 4687
  23 2065
  24 1628
  25 2482
  26 2783
  27 2572
  28 1388
  29 560
  30 4793
  31 1586
  32 145
  33 3810
  34 3758
  35 2747
  36 4421
  37 334
  38 2540
  39 521
;
param num_partition :=
4
;
param: item partition_index cardinality :=
0 0 29
1 0 23
2 0 6
3 0 22
4 0 10
5 0 33
6 0 32
7 0 2
8 0 34
9 0 19
10 0 26
11 0 29
12 0 5
13 0 5
14 0 35
15 0 28
16 0 33
17 0 36
18 1 37
19 1 18
20 1 30
21 1 28
22 1 21
23 1 39
24 1 21
25 1 33
26 1 26
27 1 11
28 1 11
29 1 25
30 1 20
31 1 33
32 1 12
33 2 21
34 2 3
35 2 34
36 2 23
37 2 28
38 2 5
39 2 15
40 2 22
41 2 14
42 2 36
43 2 34
44 2 5
