param num_bundles := 45;

param num_cust := 40;

param price_reserve :
   1 2 3 4 5 6 7 8 9 10 11 12 13 14 15 16 17 18 19 20 21 22 23 24 25 26 27 28 29 30 31 32 33 34 35 36 37 38 39 40 41 42 43 44 45 :=
1 1174 496 596 1246 1314 1259 141 1039 445 1328 1270 491 988 721 912 1212 989 1222 884 1147 489 928 1085 1328 1243 1130 813 1298 1176 1273 238 360 1121 721 581 1155 1031 941 640 652 1219 1214 1320 724 160
2 651 626 417 892 893 757 634 1195 1144 1100 783 1290 1336 704 1248 1066 1062 841 1363 1121 187 1412 530 326 1314 932 585 628 1272 820 1305 616 831 888 1323 586 916 605 753 1094 622 349 356 1141 944
3 1338 901 486 879 955 343 1458 1203 1401 1358 252 840 1118 666 909 1188 991 1304 778 834 1349 1155 1267 1362 1262 838 974 762 1409 303 1279 1129 492 1293 1394 1055 212 799 478 533 1352 1390 678 947 1260
4 708 452 671 881 914 428 476 1276 602 976 943 1299 761 122 832 1274 729 1218 577 774 473 818 1362 1031 1213 1330 740 159 1116 1302 866 1203 1139 961 805 579 871 1109 1329 445 1181 884 851 972 827
5 230 1015 360 24 717 558 333 1140 1064 977 943 830 1105 861 404 999 449 860 759 629 965 622 1072 685 794 962 956 924 728 894 547 920 973 253 413 1055 903 1078 193 608 1139 801 716 1012 458
6 914 730 628 531 858 906 639 766 680 912 863 709 351 211 538 236 696 264 364 925 861 154 278 944 856 867 964 265 778 476 547 564 852 913 909 686 471 974 835 416 532 885 644 952 586
7 960 1074 292 735 1073 568 713 1242 794 359 266 884 1056 472 800 1058 795 1019 1216 921 673 697 643 1014 1000 1069 1231 948 404 587 644 832 823 1162 885 952 439 505 464 735 913 665 875 766 444
8 1095 140 763 1339 1250 767 957 1415 946 1422 1200 1462 1026 701 1152 1111 1378 1425 1076 924 1174 1229 1011 1522 440 1378 1270 1533 1494 1209 901 764 1410 698 1054 662 191 1400 829 932 962 724 1272 1468 1521
9 248 359 333 332 284 276 275 85 327 332 419 14 391 221 270 315 352 226 234 268 369 402 374 163 359 363 196 250 215 280 254 235 274 236 112 402 121 194 208 408 408 401 420 333 88
10 228 305 327 398 214 218 53 170 311 309 185 222 176 225 401 339 358 198 367 375 208 263 95 41 400 363 126 175 194 399 148 296 423 403 276 278 197 331 303 382 333 229 254 345 419
11 1425 1108 1042 1428 302 1070 809 726 420 1448 1398 646 1232 1385 804 1315 1310 1389 1006 771 1028 1432 998 1002 1083 1202 1178 1251 1276 1000 1474 689 694 892 1322 788 472 1379 1105 928 1078 1401 1152 1191 1205
12 789 1549 680 1429 328 1265 1519 1435 1281 511 854 978 1476 1571 639 907 476 1193 195 987 1549 1278 642 1474 1258 1475 1083 167 1454 1423 1110 395 793 695 1000 1267 749 619 1532 1386 1566 1107 792 1350 614
13 613 633 546 707 717 733 721 263 851 751 800 839 639 892 510 411 700 167 669 791 668 616 194 176 467 822 512 760 610 716 546 857 487 886 544 212 892 671 692 648 886 653 859 458 697
14 819 1504 886 1376 1124 1432 983 514 1258 1502 1085 1405 1380 1098 1477 22 1352 1381 1199 758 824 317 681 1260 1254 1518 473 1341 1340 298 1147 725 1274 535 989 555 518 1471 1043 1510 1362 356 1155 1004 1193
15 210 241 255 478 412 496 398 386 438 298 447 282 450 511 411 302 293 298 509 100 20 69 222 368 493 503 254 482 309 413 489 240 393 498 468 396 269 343 256 88 438 220 480 154 361
16 318 990 874 1149 1378 1302 564 587 460 453 1001 401 939 783 852 1437 452 781 1339 1474 65 1240 1461 892 1523 1335 1365 1131 1197 870 1147 1364 657 988 521 1297 1401 589 600 1492 1282 1516 958 1511 594
17 450 239 655 223 665 1256 1180 187 816 1233 905 183 361 634 945 1067 827 757 739 451 954 1024 1129 1360 1316 457 1049 917 768 1275 956 461 1362 605 968 1183 824 1172 1085 1366 514 1249 1253 1221 951
18 1553 1377 869 1086 1041 769 725 878 196 1286 1434 1383 1237 389 1322 1464 960 1392 1013 1140 1143 1083 1252 559 370 1126 1476 1273 1176 1166 296 1147 1530 98 813 1255 1073 473 1158 1041 173 1292 797 1306 1235
19 840 441 1268 602 1043 470 1311 446 231 309 1309 492 1039 840 1344 1342 1392 1525 1436 984 245 1400 1151 1498 1199 616 1237 1325 1026 304 950 487 1467 678 1386 309 834 1255 704 854 1529 1551 1414 1243 1530
20 844 855 1298 217 718 1183 732 1385 1171 486 1092 1462 490 1467 1441 484 1195 1188 369 1231 1391 1004 292 1372 1395 536 1314 1205 536 1278 793 1130 1417 943 945 304 1112 1175 802 735 1474 1240 654 726 1178
21 674 781 900 718 684 754 374 133 719 839 843 681 892 362 703 855 451 561 545 202 750 810 241 512 707 759 723 801 753 477 887 859 587 758 377 803 590 677 339 877 625 298 730 601 844
22 579 698 398 315 649 746 549 450 635 604 232 614 253 657 362 453 618 386 645 529 439 444 686 584 524 393 394 731 243 462 72 637 718 319 154 185 280 415 601 173 769 411 613 727 252
23 1220 1249 915 1125 1112 1401 1528 1000 1329 487 792 1188 1473 1398 413 790 840 1189 1415 1181 1005 257 1417 969 1104 1455 838 847 601 1532 192 657 1101 671 1259 596 1224 283 1353 737 1298 946 1420 1448 828
24 566 467 510 271 294 555 149 485 230 768 347 586 723 279 630 626 607 627 746 658 221 517 343 729 728 543 750 295 654 771 439 592 77 474 684 370 577 381 540 644 332 378 670 508 90
25 928 963 697 451 803 207 690 165 466 638 922 915 386 454 232 427 559 815 964 771 944 762 152 553 566 780 448 714 851 550 960 759 708 693 890 854 656 756 608 583 751 903 567 831 781
26 788 630 742 875 341 421 791 533 395 647 446 580 550 963 432 289 688 1038 980 343 1058 685 834 847 955 1082 506 964 369 694 425 578 414 1085 779 428 759 1081 507 489 280 219 1075 932 973
27 962 864 730 791 782 946 807 281 812 685 144 903 625 884 272 679 895 951 956 963 641 704 648 946 108 954 571 884 795 862 648 689 705 936 689 911 971 920 728 973 435 749 764 402 969
28 1555 1081 1174 948 1494 1083 163 1331 83 1225 622 1239 540 837 612 1580 1474 1452 1283 1123 1442 578 1050 671 693 1093 1612 1501 1545 1434 1164 1513 782 813 1166 729 1604 952 545 455 186 1079 1069 292 1234
29 501 1286 1347 1374 778 1130 1305 1019 715 609 1250 802 1280 1379 786 694 1398 796 1285 1378 1393 1291 1389 1196 1251 1389 881 209 1142 177 1013 575 1404 674 1342 1281 296 1014 651 1101 1224 1175 982 753 1302
30 583 543 1025 809 786 1078 444 678 706 684 300 934 1019 739 912 641 507 511 740 841 908 888 743 877 602 554 1011 549 381 596 677 767 535 868 864 635 184 1072 473 683 765 1068 647 1080 813
31 611 617 297 1090 828 570 324 896 595 934 1074 1063 989 107 672 919 1092 500 1008 740 608 949 902 875 405 595 1068 729 512 302 1034 284 1107 1091 648 457 807 948 1075 1128 1075 999 1128 353 805
32 1000 936 291 915 702 906 719 476 575 560 638 875 838 786 486 828 744 224 325 709 853 754 481 653 143 677 500 641 939 489 217 878 667 499 202 693 826 398 952 751 850 423 707 345 465
33 614 998 777 723 626 618 777 398 824 976 868 948 646 792 425 964 299 497 835 629 574 779 155 439 920 924 783 587 401 812 695 712 480 743 615 416 250 865 820 332 756 295 831 613 313
34 1079 1146 1251 1214 1242 1144 917 689 1274 671 1076 825 912 1328 450 1333 1142 1113 769 982 917 1063 663 1170 1056 1219 999 918 855 409 1248 792 1247 803 621 1165 656 1205 982 1171 1273 938 282 586 840
35 699 411 720 934 434 481 625 597 879 863 512 879 829 709 477 566 554 458 935 776 942 670 128 525 586 691 415 376 630 801 689 807 507 179 646 693 793 818 761 934 332 622 718 318 938
36 274 1152 319 230 1397 920 1312 1100 706 1162 1203 546 1273 798 829 1282 1334 1094 410 796 858 1276 1312 1356 330 1325 1205 1243 705 1191 791 1386 1314 461 1168 1001 1140 975 1318 792 150 702 528 1078 1369
37 913 1276 341 1133 887 1111 952 1001 532 1209 539 19 426 1261 1095 551 48 1172 159 1318 1016 574 852 1096 595 767 524 290 647 1194 348 595 1093 1077 1191 484 1174 1133 874 1214 1153 1202 1004 1205 1285
38 737 832 490 327 828 736 712 567 535 302 117 830 639 751 824 799 247 608 751 611 732 732 690 416 868 862 375 850 576 497 797 838 534 423 625 269 723 802 200 695 723 29 433 708 664
39 444 580 854 658 607 1094 1074 942 532 468 674 1285 752 1090 1210 738 993 1034 876 760 538 753 896 1221 633 1008 1075 401 909 757 110 933 272 486 583 1267 917 618 905 1242 165 855 883 1217 565
40 875 229 529 443 337 547 820 665 864 266 441 785 527 305 450 897 529 417 875 36 772 731 241 610 752 891 533 394 459 857 239 670 686 814 755 840 653 814 748 276 534 164 841 766 683
;

param:   cost_bundl  marginal :=
1 96 171
2 98 97
3 160 190
4 199 52
5 84 111
6 113 123
7 182 200
8 146 106
9 201 64
10 170 101
11 41 115
12 47 100
13 121 204
14 93 207
15 134 155
16 169 92
17 192 173
18 145 75
19 180 154
20 138 161
21 198 180
22 201 136
23 169 149
24 211 113
25 175 186
26 140 97
27 137 84
28 189 211
29 162 159
30 92 90
31 116 92
32 88 207
33 204 107
34 138 129
35 173 152
36 195 124
37 210 152
38 183 161
39 87 189
40 110 172
41 197 28
42 87 210
43 83 209
44 131 103
45 211 172
;
param: buyer budget :=
  0 582
  1 2121
  2 3677
  3 2630
  4 3274
  5 2494
  6 1902
  7 752
  8 1376
  9 3773
  10 267
  11 1068
  12 3604
  13 187
  14 3550
  15 908
  16 1539
  17 3848
  18 1363
  19 3002
  20 338
  21 3426
  22 566
  23 2743
  24 357
  25 4429
  26 3281
  27 2060
  28 982
  29 4321
  30 834
  31 2162
  32 4758
  33 1911
  34 2835
  35 1739
  36 3982
  37 4295
  38 725
  39 1025
;
param num_partition :=
4
;
param: item partition_index cardinality :=
0 0 8
1 0 22
2 0 14
3 0 35
4 0 6
5 0 33
6 0 13
7 0 12
8 0 2
9 0 5
10 0 37
11 0 35
12 0 29
13 0 13
14 0 27
10 2 37
11 2 35
12 2 29
13 2 13
14 2 27
15 2 18
16 2 39
17 2 38
18 2 1
19 2 26
20 2 34
21 2 22
22 2 2
23 2 38
24 2 12
25 2 27
26 2 12
27 2 33
28 2 32
29 2 2
30 2 38
31 2 6
32 2 13
33 2 34
34 2 37
35 2 27
36 2 38
37 2 38
38 2 34
39 2 19
40 2 33
41 2 24
42 2 34
43 2 34
44 2 31
