param num_bundles := 45;

param num_cust := 40;

param price_reserve :
   1 2 3 4 5 6 7 8 9 10 11 12 13 14 15 16 17 18 19 20 21 22 23 24 25 26 27 28 29 30 31 32 33 34 35 36 37 38 39 40 41 42 43 44 45 :=
1 515 596 747 800 548 403 713 786 816 447 685 757 808 476 388 835 721 543 566 377 296 801 568 275 441 88 323 719 540 768 555 719 759 636 771 737 665 784 74 615 666 692 648 491 481
2 753 1105 902 1081 292 103 1149 346 794 675 963 520 532 966 311 529 1024 871 991 1130 507 742 454 701 903 1085 643 1095 845 1020 628 894 683 1094 375 912 855 927 355 1061 312 1118 538 989 848
3 724 465 508 598 720 768 598 811 513 415 318 244 641 543 457 685 498 784 228 572 323 311 624 504 529 530 697 417 152 808 502 669 324 141 395 540 178 572 564 642 665 254 712 189 396
4 1014 1054 1045 501 630 557 1160 429 911 1102 698 596 1113 926 1124 792 600 980 881 367 738 946 607 316 719 459 939 405 374 247 256 1014 1005 418 1089 860 915 584 894 1042 428 563 1144 1015 608
5 796 232 50 572 650 853 805 914 913 867 726 831 555 739 880 630 799 731 754 634 286 785 904 321 511 887 843 654 825 482 820 88 684 359 627 863 185 898 502 425 880 752 606 763 838
6 199 492 1082 816 403 848 1048 875 578 934 588 1049 971 1005 383 771 342 488 995 686 123 961 838 802 945 1071 1078 763 531 908 1059 1083 313 1065 561 796 918 1058 1065 916 1023 902 776 1020 876
7 558 1444 966 387 812 1398 839 491 566 858 1098 1615 347 903 1189 1160 1433 1556 1478 847 1470 1489 1542 1321 368 1251 1150 1567 1252 758 446 474 1559 814 1594 1564 651 698 1529 1568 652 769 699 1567 1579
8 588 1094 1246 1000 1163 280 366 180 1061 667 742 933 1029 795 797 1235 837 427 1006 1131 766 1068 1092 1036 1194 1239 921 1015 1209 1206 1067 746 1092 516 1060 1211 436 1152 1244 1071 817 599 824 1284 1280
9 624 1042 1074 944 560 719 324 300 893 881 401 880 469 1113 978 1117 793 664 1092 708 914 1127 766 1074 449 1085 375 1036 897 578 363 1179 383 99 1060 1027 1001 794 208 1103 745 388 1011 841 1083
10 290 668 432 1327 1205 401 341 1411 1297 376 1248 867 830 1118 894 1235 1127 1265 1280 1227 1054 1245 827 1009 1151 656 1365 1206 733 1070 1125 1201 1219 852 1121 507 895 660 816 1152 1230 619 1388 1289 1091
11 439 631 1334 1068 972 859 920 731 1027 1282 1109 738 1152 1087 1206 1155 1217 950 1270 1122 1331 216 662 1180 963 384 1206 665 1097 1078 1331 346 727 489 1085 440 1171 593 114 298 1034 677 951 259 495
12 872 778 1166 721 110 1367 973 1105 768 992 878 870 1332 1007 1361 651 1065 213 431 932 1221 1146 1374 1241 155 1204 507 1281 1183 1263 1039 669 870 690 1358 933 1396 1310 1031 379 1286 801 1070 988 305
13 1470 1481 898 1081 1083 903 170 887 1054 1172 656 1054 866 1311 947 758 1368 1422 1256 925 1457 459 306 1430 1278 738 406 1401 1237 488 857 336 1482 1392 1428 1253 1304 1110 1305 1364 931 1262 636 618 1032
14 1041 400 822 878 385 1066 610 977 812 986 826 467 122 747 576 271 852 785 724 654 1058 679 418 889 1024 933 686 765 332 877 566 377 1051 515 595 318 669 1074 399 375 259 269 864 317 716
15 1038 487 489 297 861 213 1071 916 1024 509 845 570 857 1018 970 757 886 615 723 466 1009 278 982 796 925 646 824 597 844 874 767 963 966 966 772 669 756 911 1101 749 493 889 1062 1097 1027
16 1481 1397 418 514 476 442 1181 999 484 1234 1224 918 606 771 1535 1512 1307 1487 1412 1101 1547 823 1021 709 1279 1216 1426 1046 1521 403 1212 1285 1505 1325 1356 902 1239 279 1077 1146 1428 1308 1061 1545 358
17 996 549 456 642 779 926 598 421 831 935 973 519 373 842 757 657 148 828 654 691 842 387 744 160 911 335 946 958 778 765 812 512 927 458 39 725 419 402 236 569 550 80 363 861 407
18 694 408 354 491 602 366 327 728 612 351 308 462 629 174 431 620 291 700 248 262 479 572 667 598 230 472 607 619 415 149 274 544 197 549 683 312 463 527 654 526 689 257 385 721 424
19 342 1189 1028 548 776 1209 967 1125 507 781 757 1200 424 860 1087 1238 1024 827 1087 1096 1022 1147 776 811 757 845 408 1114 386 1150 975 955 1265 601 1080 774 1022 964 233 1165 205 1148 298 320 980
20 1398 573 1166 1080 664 748 1226 1224 665 1003 1059 1423 557 744 1319 1049 771 1310 1174 1403 1260 1122 1241 226 1257 360 1203 1211 1027 1336 331 860 956 1018 1300 560 1020 680 903 867 992 1180 1281 553 1089
21 262 302 344 106 424 524 204 450 498 355 306 501 375 503 556 517 550 402 400 479 471 212 513 294 391 465 357 255 197 431 529 343 498 546 403 131 144 533 331 201 534 285 536 53 499
22 723 883 467 639 798 506 888 562 689 802 203 911 375 617 885 543 438 649 918 439 815 286 866 387 947 677 443 854 625 620 867 866 878 735 789 442 816 365 974 688 438 637 258 958 353
23 609 1292 614 1567 1564 1311 1134 651 460 1232 1499 686 1148 1306 1392 445 627 1293 512 1180 1035 1616 1544 1385 1457 860 1276 207 1063 1310 1391 1424 1452 1251 273 985 1523 1583 835 882 1555 1598 174 1449 964
24 253 469 764 1230 1159 1242 1041 1233 560 868 1134 796 1022 975 408 1028 999 300 1116 1030 1096 1092 869 967 937 833 1243 575 724 1240 1185 1061 882 707 145 1149 744 621 646 919 540 574 1077 1040 740
25 754 714 364 539 870 574 328 645 109 372 135 292 836 675 670 723 882 230 894 614 643 401 691 313 434 620 524 836 854 845 192 690 881 845 729 284 660 714 507 599 641 909 852 630 475
26 650 1163 1274 1267 1135 1252 922 1201 621 834 965 470 1138 865 1135 653 610 1267 430 777 213 827 935 1288 1172 1286 1288 551 656 807 1213 1262 983 489 882 682 1287 528 639 672 1176 974 556 836 387
27 199 97 131 157 142 157 15 45 121 199 104 148 176 8 211 139 161 162 44 42 176 109 72 121 147 125 84 156 198 186 110 191 99 186 168 181 84 196 210 192 48 212 176 125 152
28 1002 989 609 384 183 798 506 1147 706 200 338 1114 803 446 330 738 1144 904 1036 637 1010 1157 91 861 738 792 1076 579 664 1008 341 1072 1126 1146 969 165 333 503 743 1098 1106 904 840 1024 1046
29 1390 1274 316 475 1116 1276 603 1321 1174 968 1173 616 857 872 990 609 739 1462 1414 1288 1441 1390 1070 352 1264 0 1430 883 1101 716 1133 746 136 691 513 577 1385 225 474 1443 1166 1156 395 680 1242
30 806 561 1152 630 1059 1214 1218 487 487 342 209 1082 1229 723 910 1111 633 544 1290 1093 793 1292 940 1182 1098 1245 1069 671 861 407 825 1062 379 461 1230 508 1072 884 631 731 858 606 1204 1148 1189
31 576 731 732 594 1187 243 1318 500 1215 666 1037 1281 1072 832 285 455 384 685 1164 940 778 856 1095 866 1255 1003 719 725 1197 374 527 1051 1101 408 535 444 1331 547 1245 1171 682 1201 1009 1308 345
32 893 1078 1408 616 1390 853 1173 200 618 868 1090 1485 1125 1439 1300 1215 1411 797 1490 1267 1422 1412 1491 765 735 689 993 1361 818 1281 1178 1486 818 909 1496 1015 683 1352 967 717 1380 1050 686 364 621
33 828 1159 624 909 1021 751 1177 675 396 1007 1062 132 572 566 721 1015 1085 982 1136 489 1040 754 838 1155 580 258 1152 748 941 336 941 1061 493 581 1175 746 687 376 1056 323 906 968 961 1118 1102
34 929 1132 538 1385 1108 257 1287 1171 624 708 873 1081 962 1082 1242 1019 858 1215 833 1219 918 1312 1388 988 571 855 1242 1348 1070 573 1058 883 1333 992 749 63 1170 247 1046 1237 732 1424 273 1419 1037
35 309 767 528 910 204 712 722 683 610 365 706 520 257 732 849 865 302 436 664 889 887 843 391 239 819 593 584 682 448 426 855 731 523 737 661 148 135 700 538 325 882 451 650 616 293
36 1267 617 547 1106 452 967 941 800 1096 713 1239 884 965 994 1040 1164 528 1200 753 474 934 1159 655 1028 818 748 1217 1161 1047 208 1216 1156 587 1160 622 842 1098 774 509 963 949 781 1094 898 1217
37 739 835 966 459 603 835 510 242 504 574 753 517 635 597 721 725 939 1100 919 704 804 979 560 695 768 947 995 762 947 1106 641 1067 884 780 224 785 825 1098 924 726 641 604 963 802 376
38 193 373 581 409 364 695 940 884 295 560 838 919 144 983 823 669 346 415 366 904 687 863 930 734 465 736 790 848 683 941 979 668 874 684 557 853 787 971 824 670 436 740 590 800 580
39 818 769 677 591 300 467 647 659 403 799 718 126 857 652 610 848 565 707 658 827 671 200 775 752 862 75 544 487 712 289 410 833 836 476 845 683 742 556 721 866 555 366 468 732 778
40 1010 938 473 378 818 120 1001 808 1032 779 574 1041 934 810 770 431 598 869 548 793 961 471 203 941 692 1058 846 331 789 171 832 631 281 993 535 679 410 732 728 646 955 968 847 895 973
;

param:   cost_bundl  marginal :=
1 55 38
2 195 24
3 147 198
4 154 139
5 93 124
6 186 106
7 202 66
8 111 105
9 158 196
10 105 180
11 196 84
12 50 149
13 42 122
14 151 153
15 108 96
16 50 165
17 211 201
18 176 159
19 89 136
20 139 151
21 146 182
22 125 143
23 183 152
24 165 106
25 159 183
26 150 163
27 202 124
28 83 109
29 29 92
30 149 167
31 142 196
32 144 83
33 176 136
34 206 83
35 139 136
36 173 127
37 34 53
38 80 112
39 149 77
40 68 174
41 81 156
42 195 94
43 97 68
44 129 34
45 212 97
;
param: buyer budget :=
  0 4116
  1 4112
  2 1549
  3 4501
  4 3366
  5 359
  6 3160
  7 1167
  8 1678
  9 4382
  10 1570
  11 3959
  12 3206
  13 3669
  14 4018
  15 3388
  16 1928
  17 1623
  18 255
  19 3003
  20 2329
  21 1152
  22 4536
  23 994
  24 3727
  25 1974
  26 4376
  27 2828
  28 3418
  29 2515
  30 1562
  31 1059
  32 4837
  33 1620
  34 4090
  35 934
  36 726
  37 1721
  38 3520
  39 1781
;
param num_partition :=
4
;
param: item partition_index cardinality :=
0 0 29
1 1 3
2 1 39
3 1 29
4 1 8
5 1 35
6 1 36
7 1 37
8 1 8
9 1 31
10 1 26
11 1 2
12 1 9
13 1 13
14 1 3
15 1 21
16 1 31
17 1 24
18 1 17
19 1 15
20 1 32
21 1 10
22 1 19
23 1 30
24 1 1
25 1 11
26 1 27
27 1 9
28 1 29
29 1 4
30 1 16
31 1 6
32 1 11
33 1 29
34 1 33
35 1 10
36 1 15
37 1 3
38 1 34
39 1 29
40 1 9
41 1 27
42 2 4
43 2 16
44 2 24
