param num_bundles := 45;

param num_cust := 40;

param price_reserve :
   1 2 3 4 5 6 7 8 9 10 11 12 13 14 15 16 17 18 19 20 21 22 23 24 25 26 27 28 29 30 31 32 33 34 35 36 37 38 39 40 41 42 43 44 45 :=
1 555 32 692 233 839 449 831 360 695 410 474 451 616 69 326 494 675 829 477 180 858 809 831 737 429 94 873 460 798 707 521 373 651 810 419 337 439 205 817 790 653 219 528 720 746
2 535 612 161 838 871 648 957 695 668 71 504 607 665 612 944 461 626 698 373 405 780 757 530 670 970 747 896 473 642 144 541 798 465 859 910 570 729 845 169 378 947 185 493 778 917
3 385 261 242 400 317 257 344 281 325 368 198 397 52 343 388 412 333 217 229 357 346 389 166 155 371 342 328 325 399 141 358 414 112 412 418 367 370 413 402 203 424 287 279 386 353
4 1133 1138 1151 376 1311 227 1294 883 1155 869 1376 1061 1186 1322 573 711 1363 729 966 840 1150 876 716 1034 720 465 330 1001 501 1339 978 1298 1369 1378 1324 1110 1175 1428 640 587 681 893 743 912 1177
5 636 256 576 937 744 811 620 388 353 426 282 829 296 852 564 892 215 737 504 965 883 355 824 891 503 601 443 821 185 349 929 633 599 828 348 869 537 304 457 790 959 524 444 777 237
6 1390 729 1479 1303 1164 1501 1306 1123 1136 1316 1360 1442 642 968 860 625 1063 1175 1279 510 1068 1489 1200 1512 95 694 839 966 1035 1530 1416 1520 1505 226 200 788 1161 675 1042 1172 1421 1092 1512 1126 758
7 816 1005 1079 674 885 1074 911 830 763 325 475 306 1057 548 718 1075 994 964 957 952 758 472 947 256 635 615 75 509 607 975 997 378 971 262 980 194 1064 622 740 421 529 1033 538 302 455
8 1222 1096 937 1144 1309 388 1250 683 1172 1146 655 1124 73 220 962 879 741 941 1001 1300 1305 985 1152 942 1106 1197 993 1218 619 85 545 1222 771 413 365 707 1264 952 1169 1106 898 725 179 746 996
9 1122 1002 604 1242 417 1167 1136 1080 593 1013 648 1431 970 1312 1471 1348 1092 688 1428 1319 403 1058 1162 1464 1104 595 648 1197 1037 1281 1409 1298 1242 818 823 684 1458 718 1225 243 645 1198 1004 1447 813
10 149 1083 1159 1023 1252 1276 1140 998 805 410 774 1080 521 1194 1172 1251 1019 1244 1029 1153 586 744 651 362 1248 992 723 1033 1006 712 731 1210 235 632 390 652 1289 755 405 715 1107 1205 885 1143 442
11 629 330 375 758 767 727 354 365 738 618 855 863 833 665 182 682 695 500 398 858 380 468 845 671 339 747 337 910 761 541 801 767 812 518 285 348 800 613 909 867 600 297 395 845 323
12 420 979 1292 841 1061 1051 920 1415 432 756 1394 753 242 757 1275 667 467 1362 1160 835 1183 1215 1305 1121 678 1160 461 429 398 698 1297 564 1106 889 706 1281 530 1485 1385 1171 1340 1236 1385 1139 776
13 200 195 181 172 195 79 199 117 77 164 100 50 188 203 164 167 173 202 136 120 144 185 185 117 177 87 65 154 110 72 87 175 207 211 146 114 146 151 106 114 94 121 97 140 95
14 353 271 503 443 498 77 149 175 186 216 376 471 214 298 137 340 251 447 404 133 251 424 90 446 465 376 398 479 371 91 101 314 298 170 279 488 426 467 489 91 368 286 455 499 163
15 765 592 664 871 433 809 911 526 288 510 661 572 800 726 686 737 438 798 905 675 457 617 276 723 634 509 764 801 495 676 793 296 900 704 868 724 814 304 701 294 535 876 778 759 717
16 1116 989 977 923 745 884 821 716 1076 497 748 627 711 960 334 1247 889 1041 581 804 1215 929 1146 436 1051 657 1234 301 952 1269 981 1051 1261 1269 240 1155 1019 1029 253 1194 1048 862 588 810 875
17 780 770 692 728 130 762 551 779 633 532 470 572 823 633 806 516 626 765 702 799 302 497 254 512 781 540 649 770 99 622 798 670 715 543 584 708 823 828 644 741 177 258 814 835 693
18 1309 1042 745 1421 831 591 1129 394 1364 1323 1398 274 1464 1101 1366 992 651 1112 244 320 549 1177 811 994 736 490 369 1306 1220 629 619 293 369 1177 976 1107 1350 819 1051 101 1469 728 1255 1096 1010
19 316 551 487 495 512 726 674 433 286 349 595 545 636 318 441 469 619 458 707 431 356 557 723 351 609 731 642 398 647 145 353 688 602 465 612 725 551 257 303 379 612 664 608 564 241
20 1278 521 476 801 684 293 639 846 1153 81 745 1245 1110 1275 1210 1174 389 862 921 43 1062 1278 1028 1173 105 1169 836 1131 579 939 978 309 1215 836 957 1277 1133 348 466 403 648 838 663 922 702
21 1010 1068 673 694 1304 1182 545 685 1040 314 1273 443 67 1099 1048 1285 1340 603 1174 502 820 1191 1139 959 976 925 558 1082 1081 750 1168 1200 823 1066 951 1018 874 1218 585 648 1222 981 1106 1192 1226
22 858 708 595 502 1348 1189 974 959 1182 492 1261 883 864 1070 1139 865 696 1322 1312 1055 1124 80 1264 732 721 409 1168 701 991 1221 1302 1062 828 1009 1165 1179 1279 1034 545 1104 596 952 1121 1147 1274
23 470 490 405 268 515 174 479 103 602 294 500 556 501 608 500 449 421 340 635 139 553 579 484 608 421 577 492 555 554 508 320 571 503 422 563 452 465 541 529 194 618 594 525 124 345
24 1246 515 512 1209 956 913 1411 1227 1463 1494 1223 1476 1451 1047 821 609 1269 778 1264 1357 787 987 820 1172 1243 652 1123 839 195 239 657 510 793 1012 1396 1368 1447 1102 1113 846 1314 1479 993 1144 1409
25 1080 1522 1364 1375 1549 1444 759 941 1126 1048 1264 1477 691 884 1064 1023 1535 1240 712 1532 649 1317 1397 1169 964 336 1058 1335 1217 822 1294 931 953 1428 1227 733 1502 219 1140 1418 303 921 1209 1330 1243
26 597 523 802 156 629 482 491 640 796 702 400 630 895 947 531 390 975 378 613 961 864 660 686 108 912 236 495 878 944 823 804 117 783 722 461 928 620 770 939 675 339 476 974 777 775
27 1265 821 1074 865 186 91 1170 918 1309 944 1278 977 1289 1028 291 1195 1106 1286 364 1298 908 997 706 1146 1262 1269 950 992 925 891 910 751 1081 604 907 1018 337 732 445 676 957 1121 1017 1166 1357
28 702 172 607 791 577 470 719 677 653 716 269 664 567 411 749 378 255 499 135 389 282 602 809 589 834 334 277 543 332 186 492 227 757 819 807 148 607 811 261 303 549 227 691 708 740
29 1323 1105 1210 1022 977 1182 1349 1228 324 1225 1150 1253 603 1108 327 1274 718 1312 837 529 730 1220 545 1164 1290 1058 1189 716 576 668 1059 553 611 567 443 1225 1097 1192 1344 1236 423 1183 1027 988 1116
30 967 794 750 542 915 759 959 715 874 293 931 1245 1071 746 965 1219 1227 575 494 811 758 1014 470 805 410 937 201 1222 176 409 797 1006 1093 936 719 730 1080 326 749 670 1049 1137 480 810 897
31 1030 474 970 823 1301 1038 1164 1268 301 1007 596 1416 1452 1311 403 1324 1414 1448 1032 1380 1377 205 669 738 1288 1340 634 1149 266 1283 986 1456 484 1378 1336 540 1221 1237 461 1318 145 1501 851 982 473
32 653 854 314 888 659 217 1049 787 861 802 1106 726 1094 1112 667 1002 725 1096 634 1012 1080 304 1184 1095 520 1131 1139 476 936 1132 782 1174 551 810 337 1061 996 578 1030 917 889 921 475 1065 966
33 1107 910 1033 1160 801 834 1198 1160 1047 909 1181 1085 820 1161 1109 68 457 1079 948 520 706 165 708 1157 1055 1186 851 308 842 176 609 987 891 636 723 757 842 1227 553 786 441 1093 1123 451 1090
34 1554 799 1577 1159 1471 1474 1194 1075 1524 1201 1406 1511 361 1026 684 728 975 1251 543 1030 777 1495 625 1237 1478 1458 280 1426 1175 1243 624 1394 1239 1567 1140 275 1194 924 555 1359 1429 867 1543 533 843
35 1085 590 1023 991 859 274 981 663 1095 829 1193 1015 916 995 1140 698 381 931 706 369 837 931 687 1065 1120 1282 1071 1124 1292 1205 1283 912 1101 982 487 727 372 821 240 642 1163 1290 235 1007 304
36 416 455 615 760 235 364 297 476 896 78 862 598 231 818 539 718 728 297 596 0 352 143 754 647 797 646 233 568 202 752 143 625 557 383 761 770 127 783 470 770 320 514 936 491 913
37 150 142 127 186 66 130 139 206 189 204 82 148 71 90 37 124 186 32 41 204 204 15 156 174 65 77 206 64 79 142 103 127 142 158 67 193 148 141 151 166 117 131 62 167 211
38 677 1337 1283 592 1285 750 1085 1373 794 686 441 941 1028 603 1239 1173 1338 1299 1227 693 1154 864 1092 1147 1058 1313 1146 1168 1105 327 960 797 1129 1394 796 614 1359 1200 882 1172 764 1025 1193 269 1402
39 928 294 1431 251 984 459 887 857 737 766 522 535 379 869 708 940 1261 912 1037 1215 1123 1414 1416 1239 1133 1062 1332 1327 902 1256 1443 1325 1239 1064 1172 1128 1146 1173 1398 675 356 1233 912 312 1074
40 1175 1153 782 1189 1105 513 1219 446 924 723 1295 750 1132 1452 1317 894 181 1502 857 730 1393 1032 1416 1368 887 1303 719 938 1491 1178 1374 1115 293 898 1002 1201 317 645 734 633 1139 948 1217 1169 1195
;

param:   cost_bundl  marginal :=
1 159 90
2 90 190
3 118 141
4 169 211
5 80 174
6 204 117
7 43 195
8 134 194
9 192 167
10 46 132
11 144 207
12 193 134
13 208 104
14 78 152
15 99 141
16 58 122
17 49 133
18 175 211
19 77 196
20 202 206
21 188 201
22 196 177
23 181 125
24 89 191
25 210 143
26 98 155
27 77 166
28 118 73
29 205 171
30 201 157
31 168 163
32 200 165
33 114 76
34 23 191
35 55 187
36 92 122
37 190 149
38 182 195
39 192 211
40 164 85
41 195 56
42 115 133
43 162 158
44 153 129
45 170 131
;
param: buyer budget :=
  0 2223
  1 1987
  2 509
  3 253
  4 4635
  5 2575
  6 2974
  7 3244
  8 17
  9 1599
  10 4432
  11 2195
  12 838
  13 2371
  14 2924
  15 3607
  16 2180
  17 3755
  18 169
  19 4307
  20 2412
  21 3467
  22 3440
  23 1286
  24 4008
  25 1657
  26 965
  27 4658
  28 356
  29 1791
  30 862
  31 322
  32 1617
  33 3550
  34 198
  35 561
  36 108
  37 281
  38 3282
  39 1379
;
param num_partition :=
4
;
param: item partition_index cardinality :=
0 0 29
1 0 23
2 1 28
3 1 23
4 1 5
5 1 17
6 1 10
7 1 14
8 1 24
9 1 28
10 1 11
11 1 33
12 1 3
13 1 18
14 1 6
15 1 18
16 1 32
17 1 36
18 1 36
19 1 2
20 1 36
21 1 13
22 1 32
23 1 16
24 1 10
25 1 35
26 1 38
27 1 32
28 1 28
29 1 39
30 1 15
31 1 32
32 1 28
33 1 10
34 1 35
35 1 27
36 1 26
37 1 31
38 2 4
39 2 36
40 2 8
41 2 3
42 2 19
43 2 1
44 2 33
