param num_bundles := 45;

param num_cust := 40;

param price_reserve :
   1 2 3 4 5 6 7 8 9 10 11 12 13 14 15 16 17 18 19 20 21 22 23 24 25 26 27 28 29 30 31 32 33 34 35 36 37 38 39 40 41 42 43 44 45 :=
1 917 668 788 885 1133 473 1096 928 1076 381 1061 588 820 677 792 840 862 763 918 1135 769 37 262 754 1083 1112 790 862 847 918 731 384 920 276 386 409 907 506 476 1009 826 1055 880 480 939
2 103 1181 729 1152 670 570 1202 741 368 1162 1195 957 1302 712 671 828 1167 1123 1251 1096 1247 197 1159 1100 1215 1382 810 1045 972 1296 1186 415 1140 651 1081 1102 922 507 1386 614 811 332 935 590 959
3 31 145 128 134 130 180 170 74 207 172 193 87 148 132 101 171 202 141 167 94 76 157 111 146 206 141 169 127 209 127 137 190 171 164 176 176 124 190 175 207 203 69 122 94 127
4 785 941 1382 531 832 913 1534 955 703 1111 593 1092 1280 1177 344 697 1100 1496 1206 567 718 1500 358 644 960 1438 1428 1333 1540 935 1263 1429 1542 1407 1383 1230 992 300 758 1532 773 1463 1407 961 1149
5 284 427 576 646 100 586 540 458 581 271 332 186 576 348 503 561 211 368 306 211 544 433 25 599 601 672 610 596 652 257 528 599 441 425 296 666 234 462 298 444 232 620 661 637 415
6 704 602 334 199 441 713 804 811 540 304 421 632 802 514 49 811 507 350 509 692 249 364 593 660 399 332 650 435 647 180 811 374 629 526 203 665 251 689 513 413 388 573 376 412 248
7 366 445 603 669 976 522 775 974 598 853 659 205 385 495 664 417 900 695 864 1019 548 147 747 705 980 290 893 392 461 442 488 877 697 925 651 914 943 942 923 734 309 728 552 443 305
8 304 516 334 342 215 370 515 386 556 539 362 341 570 450 384 369 495 530 472 332 574 343 399 519 546 308 481 490 460 495 190 350 538 436 516 219 72 561 529 510 577 415 500 531 433
9 794 1061 550 937 91 814 969 1198 469 963 644 1237 1059 1114 727 1173 944 936 1100 1031 970 724 280 1214 1229 720 659 951 444 46 834 688 1114 1152 799 376 590 854 509 851 523 1081 1162 826 1197
10 782 811 727 458 539 346 782 594 348 703 659 665 608 380 215 686 599 560 838 695 683 97 656 535 833 227 719 718 762 466 299 650 129 518 495 759 578 786 534 599 483 740 562 774 37
11 1058 712 1548 1362 1317 706 1569 1571 842 638 1325 1421 1379 1362 1514 1553 1106 1448 1274 1504 789 1359 1396 1538 1297 792 910 767 1046 94 1493 1509 1417 1383 1367 1364 301 1296 1155 531 1460 1352 976 565 681
12 617 1190 806 1185 1155 987 1210 891 1005 887 1179 340 592 993 931 1081 587 168 1225 539 751 612 854 548 1172 1091 761 1015 1061 808 1115 1151 852 1023 644 1017 731 797 781 949 970 1128 1097 1064 1206
13 965 915 1004 1406 730 1028 1089 1136 830 1381 650 1022 1325 1047 714 1058 822 1313 949 1282 290 1405 575 923 785 209 650 1027 1062 888 404 850 1215 1365 729 708 1130 1072 1347 416 432 1149 889 138 696
14 477 345 458 268 123 346 448 540 370 197 464 272 236 267 122 420 483 393 475 203 464 465 485 467 286 370 474 390 490 372 550 300 363 330 546 284 403 572 575 564 514 459 574 525 260
15 262 680 316 417 69 438 852 497 537 239 555 721 783 357 860 722 488 532 637 765 195 754 95 778 474 294 611 578 815 397 368 545 696 327 688 705 873 689 595 844 322 374 707 874 357
16 966 194 995 949 1088 953 816 1105 367 1188 1033 1002 729 404 941 1092 526 560 869 509 446 288 815 530 475 603 1080 770 922 1143 764 985 779 307 1135 1008 946 750 1052 205 1191 756 244 387 512
17 591 590 213 596 343 629 33 372 566 686 627 577 103 453 231 214 516 572 504 516 450 684 379 393 477 484 460 634 352 187 592 635 591 403 405 100 364 530 146 512 613 451 301 665 635
18 129 638 631 629 474 323 360 397 606 435 99 620 680 586 616 527 334 607 452 568 675 489 595 342 493 133 667 376 638 502 547 657 407 291 295 411 71 159 492 618 360 179 459 254 262
19 632 367 544 604 470 513 364 147 524 608 491 633 51 267 59 172 472 561 302 553 380 318 203 488 60 424 618 122 268 552 513 277 628 428 323 472 466 533 263 433 577 471 509 388 184
20 1042 276 1127 1208 984 1217 1257 1055 265 1210 541 916 995 1099 1264 696 368 271 567 531 813 965 590 932 851 1126 1136 928 1142 1167 765 1103 339 1083 730 747 991 1218 171 1012 1057 336 812 959 1244
21 629 895 900 1600 1381 1273 1216 724 1407 638 805 1585 1264 719 1435 462 1556 1282 1362 1069 1215 688 128 290 1014 1132 1471 1159 699 1340 973 1193 1348 1569 867 1538 1416 617 1167 1528 1049 1218 1320 1297 1437
22 721 937 1148 1074 488 894 1111 1172 875 957 582 436 898 331 1100 993 1163 928 1000 178 866 575 1199 484 999 1054 1109 1041 202 1029 1008 352 1169 863 1073 1096 801 1013 1126 509 416 856 720 1056 339
23 741 662 411 945 384 249 899 701 967 139 499 754 837 851 1033 924 871 981 523 1012 749 690 1025 871 864 800 895 811 889 980 988 925 694 1033 289 989 845 303 529 820 1004 723 227 784 687
24 701 759 327 887 515 507 441 169 277 911 806 772 321 661 830 836 892 492 716 532 828 676 311 706 703 363 664 92 769 505 886 702 291 830 658 390 803 736 851 733 608 474 617 445 457
25 416 56 351 328 504 249 479 460 430 236 354 147 466 361 401 392 195 270 480 426 58 250 313 480 394 500 488 496 261 67 497 465 428 437 168 317 455 442 448 25 324 385 483 315 386
26 416 785 269 772 534 648 390 693 799 362 480 569 491 783 680 755 366 506 649 564 653 607 484 424 625 672 528 732 729 689 416 806 553 809 118 548 462 663 760 457 772 720 747 433 389
27 660 1243 870 342 1147 1261 1084 517 1142 1059 1021 458 1249 765 593 959 469 1208 834 1143 682 1122 1250 867 1261 738 398 1013 459 936 568 1151 1097 831 341 1067 982 1213 898 1136 1170 1210 215 1157 559
28 1051 1011 1321 562 1270 1127 1203 1247 597 1101 884 1180 1303 521 1007 814 1208 828 1301 334 1186 805 375 612 527 1053 181 220 1003 1311 1091 841 856 718 425 378 745 578 110 520 1104 705 440 1115 1081
29 1206 753 251 699 1049 1173 617 684 1245 224 1242 720 644 1074 1227 1127 1155 826 285 461 1142 1291 1275 216 1217 967 1273 1141 217 818 1039 1075 1269 512 646 626 975 1172 840 1091 1095 531 1191 443 1169
30 469 957 767 915 981 994 518 706 301 51 763 751 1003 277 605 558 517 619 499 749 607 903 758 734 863 936 450 531 943 460 842 663 705 542 822 932 672 943 850 765 826 705 440 308 121
31 621 691 897 481 419 548 230 748 889 804 827 898 289 809 653 612 878 535 866 685 524 271 565 730 744 147 597 325 900 869 248 847 598 772 746 575 258 541 721 761 718 349 567 431 326
32 1137 941 730 675 1275 1080 1287 528 1267 211 1015 1188 904 1299 984 1256 1281 1230 984 713 367 1225 1072 727 681 1095 999 829 1227 568 345 630 945 944 874 623 1153 555 853 856 1139 442 1314 671 1291
33 752 721 695 439 705 675 798 549 808 525 895 463 332 775 841 615 809 817 857 855 249 206 746 707 395 583 784 561 673 839 538 757 741 903 764 896 277 630 788 644 597 542 341 331 429
34 586 299 495 628 448 166 160 849 830 778 692 613 373 557 943 585 829 926 882 936 927 955 629 881 850 572 959 766 627 863 305 625 729 889 490 959 952 932 911 902 223 871 914 975 279
35 961 1082 888 1053 567 597 821 669 546 627 801 766 1119 470 1127 807 984 860 928 792 1092 1026 824 841 556 1125 255 232 341 1087 741 587 577 559 982 836 790 976 849 312 182 1061 1112 1132 756
36 860 352 1419 1133 1105 826 1462 1441 830 755 1353 1208 327 894 1355 1227 511 898 663 1369 1013 849 1503 1244 1277 459 1017 591 609 1534 1101 1182 670 1045 987 847 429 1502 625 819 1372 367 487 1463 1172
37 106 298 705 564 651 354 426 783 766 683 544 287 554 129 703 752 34 509 584 771 777 486 723 715 408 594 281 314 801 786 446 602 659 770 510 603 806 351 714 446 304 759 609 801 543
38 978 1295 637 1416 1136 735 308 945 1121 1341 1269 1168 1187 1361 1493 941 1222 1506 1086 1231 1532 1545 490 1167 849 1143 735 821 126 443 790 1426 201 1377 655 981 1196 844 1446 1269 261 711 1326 1117 1006
39 594 825 351 217 705 457 632 324 646 877 942 343 82 792 473 768 447 283 484 162 160 881 798 749 903 842 746 302 884 656 942 867 233 662 515 785 723 720 439 741 930 786 915 871 698
40 589 1330 583 986 760 548 799 1226 770 572 216 846 1258 1024 1104 232 863 937 1305 788 604 1256 1070 1124 240 1009 894 1256 1242 497 980 1255 884 953 1157 897 1044 1278 1211 1213 156 1103 905 846 1173
;

param:   cost_bundl  marginal :=
1 130 62
2 80 195
3 183 154
4 173 201
5 71 184
6 104 163
7 76 187
8 131 170
9 211 160
10 168 30
11 155 167
12 131 142
13 190 145
14 93 111
15 97 170
16 151 160
17 95 209
18 184 77
19 190 98
20 152 32
21 150 160
22 42 154
23 89 87
24 195 188
25 99 7
26 130 57
27 131 155
28 162 207
29 190 73
30 177 67
31 101 94
32 68 69
33 44 127
34 151 105
35 193 180
36 66 202
37 199 144
38 116 161
39 32 155
40 210 155
41 138 130
42 149 178
43 111 101
44 211 183
45 118 192
;
param: buyer budget :=
  0 1145
  1 2970
  2 3032
  3 1658
  4 4055
  5 3538
  6 324
  7 1157
  8 3280
  9 2987
  10 284
  11 1265
  12 335
  13 904
  14 4784
  15 1785
  16 1250
  17 3081
  18 154
  19 428
  20 2584
  21 2490
  22 636
  23 3439
  24 563
  25 3238
  26 1354
  27 3791
  28 2259
  29 3054
  30 2774
  31 713
  32 2918
  33 1597
  34 3948
  35 2979
  36 2921
  37 1508
  38 611
  39 1494
;
param num_partition :=
4
;
param: item partition_index cardinality :=
0 0 31
1 0 10
2 0 29
3 0 27
4 0 9
5 0 5
4 2 9
5 2 5
6 2 25
7 2 38
8 2 24
9 2 35
10 2 29
11 2 30
12 2 32
13 2 29
14 2 30
15 2 4
16 2 2
17 2 13
18 2 23
19 2 25
20 2 31
21 2 26
22 2 22
23 2 32
24 2 31
25 2 35
26 2 37
27 2 26
28 2 37
29 2 7
30 2 33
31 2 1
32 2 24
33 2 28
34 2 26
35 2 4
36 2 25
37 2 1
38 2 8
39 2 39
40 2 3
41 2 32
42 2 10
43 2 13
44 2 3
