param num_bundles := 45;

param num_cust := 40;

param price_reserve :
   1 2 3 4 5 6 7 8 9 10 11 12 13 14 15 16 17 18 19 20 21 22 23 24 25 26 27 28 29 30 31 32 33 34 35 36 37 38 39 40 41 42 43 44 45 :=
1 896 830 663 735 870 831 745 883 955 285 670 270 728 905 217 934 575 739 839 488 895 857 674 361 600 872 894 913 446 574 282 321 435 801 490 621 521 928 790 904 925 685 367 151 323
2 721 337 517 503 338 183 390 615 335 737 604 458 811 786 700 310 466 655 631 61 693 254 106 734 371 703 602 623 488 215 732 251 805 778 786 738 65 541 348 294 787 360 614 760 325
3 638 424 252 617 476 678 503 402 454 414 106 270 431 315 267 650 624 626 154 216 321 350 347 587 319 663 592 573 556 528 233 431 663 528 461 325 426 623 225 574 630 106 521 642 572
4 215 634 913 553 767 549 550 1225 678 1372 1376 1078 1090 917 885 1376 1161 873 1011 372 1444 1056 1127 1109 935 1203 1381 1095 1398 1417 1104 1442 846 1362 1218 1384 675 778 847 1034 443 1389 1406 643 1081
5 1238 1104 562 1193 1243 1020 1151 1228 483 1105 1283 665 1148 749 773 704 1220 1052 781 457 1306 591 934 934 931 1110 659 1216 818 1291 321 1034 642 658 840 1349 1040 1225 1170 1062 361 1118 1188 548 946
6 257 778 320 520 1478 1521 1496 199 975 602 183 1218 1441 1214 1241 1522 711 1356 1165 1379 1127 1286 1030 905 1043 697 694 83 1032 791 1224 645 370 965 1558 269 1450 1523 1351 1145 755 981 1193 214 1591
7 540 417 282 671 328 359 523 672 578 373 477 665 138 479 389 291 588 25 362 281 385 411 437 437 509 407 473 551 485 433 652 466 584 625 608 633 140 601 533 552 311 385 272 461 651
8 215 572 524 920 1112 721 676 729 1131 1120 560 993 1105 1136 236 887 800 466 570 952 1038 598 499 1014 273 1070 741 1007 834 853 901 732 892 951 598 416 219 650 630 1004 698 266 799 1052 794
9 910 942 523 540 945 982 802 873 533 234 290 963 473 934 443 497 974 1021 668 625 501 810 713 212 229 971 944 825 957 706 998 663 895 950 299 561 682 462 232 865 863 325 70 954 276
10 199 207 186 142 197 98 167 93 154 206 185 84 165 43 104 89 155 154 167 131 47 165 122 166 164 184 166 134 183 166 53 85 176 196 89 199 82 193 128 123 105 109 121 195 145
11 565 615 653 346 698 694 701 325 460 190 559 199 652 343 666 671 694 649 688 448 608 550 32 395 403 527 529 469 555 377 544 584 703 306 508 701 180 765 676 246 530 619 394 604 603
12 737 444 697 186 586 48 362 704 841 391 645 545 768 704 714 389 893 776 543 453 319 798 439 889 348 518 630 728 368 599 319 507 732 929 75 783 271 740 700 852 731 943 777 790 279
13 1066 1139 882 1000 1436 1294 1548 775 1460 924 1281 779 1402 950 246 1251 1439 1297 1010 899 1353 626 1368 584 1042 1253 1061 1112 580 1289 999 1411 1336 1197 505 1338 1370 1128 392 1425 1040 764 950 764 893
14 1361 1315 897 755 1001 1275 562 1107 1287 307 761 1367 1448 148 1068 743 464 1444 669 1389 1356 943 921 818 1081 1223 1277 1350 846 1173 1278 797 1130 1268 888 1373 1093 973 1172 1301 439 1315 700 1363 693
15 1216 633 649 1220 1023 1272 1260 585 1428 671 814 1001 1265 811 1394 1226 890 1008 1164 469 683 1115 942 1016 474 1213 1244 1247 56 750 1401 1095 1307 1396 1331 1370 899 655 852 854 1218 1305 1201 380 691
16 449 580 609 460 530 401 422 622 350 387 542 351 183 571 472 431 429 534 402 594 283 355 625 573 118 386 448 616 626 430 485 304 545 520 605 525 427 367 356 300 424 518 598 620 587
17 977 1011 1077 1572 1416 1553 1529 1547 1540 534 1216 1470 799 1238 1222 1094 1375 1368 1267 1389 1143 692 1472 1428 456 1301 560 1508 1084 1068 1475 1208 1190 604 1065 1546 924 584 918 1000 854 1036 385 1084 948
18 513 788 955 530 692 1294 802 965 788 1430 559 239 689 820 1130 1266 193 539 620 1359 1216 1100 1159 886 590 1172 956 1146 1193 1389 598 481 567 980 727 1304 1136 1264 1335 1303 1154 1389 1227 1132 976
19 531 1385 915 1080 1321 406 949 861 1214 340 1021 887 955 633 1481 1165 745 1312 694 860 1500 1194 590 1081 923 1293 1019 811 1382 1436 1078 1232 1067 680 1175 1223 819 974 22 1223 979 1214 999 539 810
20 477 945 424 333 380 969 417 581 733 705 886 780 539 936 632 648 890 621 697 640 251 806 598 344 620 504 845 451 751 472 347 713 140 780 488 861 415 855 830 870 625 808 779 252 908
21 539 901 615 351 609 559 929 765 502 738 165 967 731 626 644 737 610 646 720 908 580 950 916 313 473 120 684 690 494 704 697 272 797 960 857 319 240 809 429 352 748 511 337 134 395
22 137 101 135 124 165 56 205 151 169 142 150 79 128 152 137 180 153 135 190 197 199 120 95 153 103 156 176 196 176 113 144 207 96 205 35 166 144 163 142 118 188 40 141 132 170
23 1128 960 1021 1066 783 862 712 1333 1238 1064 927 1158 435 1076 1144 1103 471 329 999 54 1085 1360 991 1047 858 1016 1328 783 1232 973 1276 1368 776 417 215 1268 600 1036 837 1184 1046 1085 1214 1357 821
24 1090 676 875 553 721 318 1006 851 779 866 203 822 801 468 862 219 210 1052 191 708 479 703 638 411 1024 941 697 651 1082 371 1026 564 912 865 1083 1015 864 1059 576 868 1023 446 1001 1000 444
25 434 749 847 505 889 220 566 700 184 526 840 365 264 511 555 763 329 510 635 346 455 865 826 836 586 823 789 680 614 557 830 554 886 843 870 614 827 145 811 645 375 726 867 619 689
26 1146 834 945 1119 965 623 615 453 698 1344 674 1330 610 1100 1161 490 1012 725 842 331 1260 1150 586 960 771 885 1204 1206 1008 1024 1025 580 1343 1069 214 79 973 1093 797 618 548 485 1050 1299 735
27 707 605 226 808 881 917 1087 651 904 970 1039 951 799 816 569 399 940 148 1025 407 1017 683 1078 1131 555 1142 345 1154 969 1117 902 531 634 1002 745 656 838 798 1033 774 919 488 779 128 1031
28 993 1111 1262 458 1529 1399 964 878 1106 1528 1256 1116 577 1552 1213 1523 1516 835 995 584 1519 95 799 1342 275 1353 1097 312 1011 1433 1501 1509 799 789 1218 1445 684 1216 837 1098 1191 1440 766 1246 1309
29 1250 1107 1412 1157 1132 957 937 1125 990 1193 1351 942 557 981 1362 535 955 157 929 789 1181 1224 378 1139 407 451 1266 1462 1320 1302 1161 592 818 1289 1254 1434 1455 895 345 619 944 773 1377 621 1300
30 620 571 292 475 182 257 361 509 457 634 487 311 146 251 280 588 632 334 526 512 632 108 488 588 535 588 261 601 86 493 300 635 466 525 179 527 231 52 503 496 585 303 322 302 586
31 521 540 530 282 538 470 110 252 237 468 48 283 457 79 480 574 352 485 408 415 498 397 334 257 561 562 460 441 194 574 493 258 248 332 336 397 509 223 553 140 545 558 410 210 174
32 1023 1059 560 802 276 1197 1191 1156 963 1195 475 370 1182 340 566 306 846 690 1091 1005 1121 901 574 853 518 854 1233 634 461 864 770 958 440 637 390 999 125 831 1163 752 875 1077 1015 289 894
33 689 676 466 708 303 617 812 665 625 159 239 162 453 507 364 258 781 712 759 47 462 623 659 768 821 655 828 820 357 692 438 678 678 606 439 837 789 716 511 526 709 763 628 305 757
34 1182 1572 1210 1268 1269 1521 1169 481 735 409 1226 461 1399 1386 946 1415 478 1497 508 599 1032 1050 1513 1036 353 1162 646 1459 1392 1168 1557 1012 1432 737 1201 382 1201 1202 552 1430 1397 1026 1037 1355 1406
35 358 528 468 533 131 408 205 572 356 257 198 579 310 491 438 496 180 490 315 549 537 536 527 169 329 388 551 194 574 307 342 232 167 283 250 525 290 471 187 514 327 331 557 249 473
36 1321 859 1067 1069 1292 858 1242 1456 1231 1467 535 1225 1266 468 1272 1264 1200 1103 1358 1228 1363 1173 1334 1263 818 1367 1189 282 1051 959 1012 721 976 415 1055 783 1278 1341 288 1384 1130 1070 440 755 908
37 938 1121 756 1212 1215 1265 591 1304 498 1286 1056 164 942 1356 1341 495 1343 470 781 815 984 1159 699 473 684 1128 827 835 1372 1232 781 1389 927 1311 325 1193 390 1376 1237 212 1381 1182 908 807 312
38 1043 1135 731 1003 759 783 1167 787 981 1020 723 123 972 557 686 886 724 798 1173 431 1079 1119 337 905 960 1030 1043 860 119 845 742 980 377 581 798 541 610 1102 535 846 1047 642 863 917 432
39 1018 164 779 331 898 1132 1186 509 1066 454 201 469 1057 365 1033 580 704 1130 835 991 930 775 731 736 1015 809 660 886 1105 919 1024 1059 955 285 491 572 688 533 653 559 1011 1114 971 695 1071
40 590 539 439 136 629 368 83 152 244 541 610 466 331 372 555 140 610 482 475 307 274 205 591 548 634 206 345 429 598 314 513 634 384 369 241 491 418 556 508 514 148 275 434 228 512
;

param:   cost_bundl  marginal :=
1 167 66
2 140 181
3 167 125
4 173 129
5 210 149
6 123 93
7 84 178
8 182 170
9 129 192
10 130 211
11 193 209
12 132 81
13 62 196
14 157 7
15 144 143
16 24 134
17 196 114
18 203 53
19 81 198
20 69 205
21 185 210
22 30 181
23 189 175
24 149 134
25 166 118
26 212 180
27 197 126
28 205 97
29 150 170
30 185 45
31 139 83
32 114 104
33 148 181
34 38 139
35 125 44
36 187 58
37 121 134
38 145 133
39 210 211
40 117 82
41 178 156
42 171 168
43 125 140
44 177 164
45 143 198
;
param: buyer budget :=
  0 3194
  1 449
  2 3225
  3 2748
  4 3695
  5 4179
  6 2998
  7 1650
  8 331
  9 1489
  10 715
  11 1592
  12 325
  13 2671
  14 3044
  15 4532
  16 910
  17 3696
  18 4507
  19 1098
  20 2749
  21 3494
  22 2090
  23 2090
  24 3157
  25 4508
  26 3306
  27 3016
  28 551
  29 3048
  30 1459
  31 2985
  32 1445
  33 2323
  34 4707
  35 733
  36 4383
  37 634
  38 1355
  39 2414
;
param num_partition :=
4
;
param: item partition_index cardinality :=
0 0 10
1 0 6
2 0 14
3 0 31
4 0 11
5 0 6
6 0 23
7 0 33
8 0 2
9 0 39
10 0 14
11 0 18
12 0 23
13 0 34
14 0 36
15 0 19
16 0 7
17 0 8
18 0 12
15 2 19
16 2 7
17 2 8
18 2 12
19 2 37
20 2 23
21 2 25
22 2 8
23 2 17
24 2 13
25 2 19
26 2 18
27 2 4
28 2 34
29 2 13
30 2 7
31 2 39
32 2 4
33 2 21
34 2 31
35 2 12
36 2 1
37 2 19
38 2 21
39 2 12
40 2 30
41 2 8
42 2 1
43 2 23
44 2 2
