param num_bundles := 45;

param num_cust := 30;

param price_reserve :
   1 2 3 4 5 6 7 8 9 10 11 12 13 14 15 16 17 18 19 20 21 22 23 24 25 26 27 28 29 30 31 32 33 34 35 36 37 38 39 40 41 42 43 44 45 :=
1 527 229 785 441 236 683 1189 1123 801 1041 485 933 834 1123 373 624 657 707 796 1221 114 226 506 643 603 578 799 1186 893 904 545 876 851 654 1169 1115 321 956 404 972 1271 724 1238 1027 671
2 879 485 442 507 1013 733 676 576 181 560 974 545 597 522 670 1049 823 757 791 639 812 1043 495 222 445 1000 590 1042 472 850 624 1024 1084 813 697 933 832 809 785 505 383 797 611 199 623
3 790 1076 1348 1214 971 1033 1214 860 1281 331 1239 801 255 452 1033 989 1290 1279 1273 1112 962 1290 1238 668 932 1264 1143 1264 1249 640 619 1189 1214 1194 779 916 1196 634 857 1015 888 809 848 782 970
4 778 1406 580 1109 1540 1252 1087 730 1292 703 1506 646 588 1373 717 525 1532 1300 674 1324 1299 1174 374 870 1158 1004 737 885 957 1322 1316 1539 1289 1473 962 1314 1454 611 1211 1142 715 1484 1427 307 905
5 1302 1350 650 965 362 71 397 599 1098 1353 1251 906 923 1123 314 1249 931 1104 645 1291 1320 874 427 736 395 1143 1203 1222 1125 664 1025 1130 1246 491 1336 1229 915 423 1169 1164 781 715 1187 583 107
6 559 505 438 584 613 621 461 474 164 460 521 506 250 519 190 632 301 618 291 477 309 386 515 462 23 304 468 444 94 366 633 413 149 368 440 230 570 464 552 416 404 312 152 606 153
7 1361 941 1214 1109 890 581 1415 1206 1389 1229 578 1137 338 1170 622 463 769 862 583 190 1066 1078 957 791 1034 1360 1152 1423 1038 1492 475 798 770 1006 245 1427 1326 816 733 1393 777 766 1054 1364 1338
8 1381 1062 1549 514 841 1420 1548 747 1070 1573 1186 151 1532 1429 172 1335 1352 1542 1164 754 676 1219 467 1127 321 795 1418 507 1076 1282 519 1291 556 1562 1190 1194 1247 1219 891 1146 221 1445 979 459 603
9 812 740 1149 255 897 1161 1252 1225 923 1013 722 239 468 1135 560 881 544 1227 260 1254 1123 954 936 812 1265 1258 462 1064 1076 921 1011 870 1256 1132 1139 1098 420 423 1169 588 1133 1153 1254 920 900
10 677 1126 856 864 511 476 1126 348 863 1174 1265 420 1235 127 1137 1278 1233 369 372 1009 1023 495 525 990 1309 421 444 469 1095 1238 717 479 808 1310 851 1267 556 337 1220 850 750 1044 715 1067 948
11 1079 1144 1136 848 917 1066 961 814 918 1052 773 838 1022 304 517 787 500 1110 407 605 751 1062 974 958 869 556 1013 699 478 1031 408 544 413 628 1172 232 1019 977 398 1149 351 757 587 669 419
12 1299 1297 865 1508 1375 1148 838 244 380 455 933 1379 1473 1119 735 1237 1209 1192 1485 453 1073 1240 1478 375 1274 545 508 1496 123 987 1442 615 1383 877 1198 1315 1236 455 937 1326 480 602 1136 695 491
13 374 554 470 332 306 572 531 590 346 184 229 286 431 568 534 371 500 282 529 165 563 371 615 531 247 610 225 388 591 492 605 260 545 269 482 478 221 508 456 594 528 193 520 506 359
14 430 278 266 503 575 145 317 225 511 349 256 108 510 306 340 479 330 282 207 446 443 447 507 558 270 444 508 371 532 524 532 440 270 339 367 113 523 506 373 393 144 210 423 385 387
15 1108 1133 307 948 589 904 1137 1265 931 1167 577 769 902 1150 1066 276 444 455 987 905 949 762 955 765 1085 579 1248 1264 858 1015 803 515 516 759 1091 802 735 619 182 1258 467 785 964 497 568
16 242 690 946 621 940 840 472 428 873 480 881 910 857 880 776 821 700 251 901 459 478 663 867 657 931 240 860 705 592 869 504 710 769 929 452 792 748 908 234 893 779 325 225 705 759
17 767 972 1130 784 1073 982 1214 1083 870 111 338 1032 727 1227 689 1131 397 1043 763 456 685 712 498 864 1220 1104 900 785 1032 941 905 1095 712 1078 1047 951 725 945 1023 702 812 115 796 404 432
18 1221 1029 903 858 670 751 1021 553 1195 456 885 1066 1054 1182 1184 659 687 853 1215 892 766 890 692 384 617 857 898 322 660 645 1228 1142 801 996 1118 431 1062 602 585 987 851 1205 932 353 1066
19 1125 1186 1266 289 1204 1107 1116 979 1193 1056 1189 1194 757 885 576 1235 736 1247 788 904 1291 1195 241 1251 421 603 750 340 519 377 1323 627 128 1258 690 893 1177 692 907 1269 1245 819 622 1085 1155
20 469 954 1222 944 1283 718 468 1288 814 846 779 1126 1172 1155 736 407 1281 1089 1183 1189 535 736 349 1290 312 751 627 678 708 1249 1274 819 1053 433 822 1302 206 1223 930 1030 793 651 707 956 1292
21 1450 1054 765 241 915 1124 1152 1109 1477 995 172 612 1424 1242 847 1100 1294 1378 772 1062 1442 1130 1305 1523 1511 803 434 771 1004 708 1208 1174 878 1032 768 1095 1191 1493 1461 1226 665 1473 1293 370 1020
22 1060 871 974 636 687 836 1039 657 846 987 799 209 244 1018 573 895 858 885 805 925 442 546 1026 736 700 423 1036 814 917 490 307 150 86 340 859 503 170 863 504 889 216 853 754 1027 607
23 626 742 435 558 502 646 703 559 182 686 609 79 337 163 802 630 239 796 685 669 754 347 580 675 686 802 611 742 640 387 748 110 506 191 574 450 643 400 314 182 602 410 792 375 729
24 229 1345 1275 1122 805 986 1025 454 787 1120 691 1017 1205 1204 1370 1003 1342 435 1091 1231 378 1154 831 413 1214 345 1382 809 1241 368 1366 1353 990 1312 836 879 955 893 1408 1163 1078 1023 235 914 1113
25 886 542 1503 1211 653 1418 1514 460 481 628 1470 1245 770 1295 1235 1421 989 1353 316 211 1525 1420 784 898 1196 1504 1326 1553 912 1269 940 1051 1397 1080 1380 991 1176 1281 919 983 949 1491 1189 437 1359
26 667 1144 458 952 1187 1237 1268 451 700 541 1083 1171 1125 152 589 743 1028 893 1163 789 821 1320 361 252 818 430 720 1375 1326 1382 1311 1027 1035 647 197 1098 913 1279 345 1002 1138 660 714 1161 291
27 481 427 109 612 614 641 448 261 310 253 636 53 531 475 368 283 608 425 559 657 573 660 581 576 616 325 681 315 678 561 246 682 619 231 686 244 569 562 651 454 353 605 613 674 470
28 365 1025 1347 1263 203 842 1371 1289 1112 1243 1401 796 816 1021 709 1285 997 493 1325 52 990 353 967 1117 1327 1332 995 892 1115 1377 1157 950 714 1193 1353 1221 1408 429 772 942 1146 1194 191 779 303
29 715 609 756 816 354 461 676 696 765 643 678 762 529 710 338 831 675 159 459 661 248 817 483 508 803 633 722 368 697 798 787 303 450 914 234 813 669 881 338 341 908 806 915 737 182
30 390 257 241 292 230 391 222 219 269 360 509 507 399 221 173 417 136 503 201 254 478 474 434 245 425 114 370 335 469 503 69 237 117 203 331 481 228 508 214 154 218 95 128 154 383
;

param:   cost_bundl  marginal :=
1 205 182
2 103 67
3 175 75
4 99 153
5 141 169
6 179 127
7 192 56
8 204 145
9 71 156
10 191 61
11 172 81
12 147 163
13 124 84
14 182 151
15 98 118
16 141 175
17 151 147
18 91 175
19 148 171
20 102 29
21 164 177
22 160 168
23 169 198
24 129 211
25 142 154
26 21 110
27 84 160
28 45 207
29 188 123
30 90 122
31 209 188
32 209 134
33 180 46
34 206 197
35 191 115
36 97 83
37 58 74
38 86 207
39 84 48
40 85 200
41 160 173
42 64 70
43 143 134
44 211 154
45 154 146
;
param: buyer budget :=
  0 616
  1 1584
  2 131
  3 1605
  4 128
  5 1822
  6 2601
  7 2334
  8 2799
  9 1861
  10 2010
  11 3065
  12 1323
  13 767
  14 2428
  15 1437
  16 2169
  17 423
  18 1834
  19 2285
  20 899
  21 2274
  22 1236
  23 1019
  24 876
  25 2940
  26 1571
  27 2708
  28 2176
  29 2879
;
param num_partition :=
3
;
param: item partition_index cardinality :=
0 0 4
1 0 9
2 0 2
3 0 19
4 0 5
5 0 14
6 0 29
7 0 3
8 0 1
9 0 24
10 0 14
11 0 25
12 0 10
13 0 17
14 0 8
15 0 9
16 0 3
17 0 18
18 0 13
19 0 22
20 0 11
21 0 19
22 0 19
23 0 1
24 0 23
25 0 29
26 0 19
27 1 24
28 1 6
29 1 10
30 1 10
31 1 24
32 1 18
33 1 1
34 1 17
35 1 8
36 1 27
37 1 16
38 1 15
39 1 24
40 1 28
41 1 3
42 1 7
43 1 27
44 1 7
