param num_bundles := 45;

param num_cust := 30;

param price_reserve :
   1 2 3 4 5 6 7 8 9 10 11 12 13 14 15 16 17 18 19 20 21 22 23 24 25 26 27 28 29 30 31 32 33 34 35 36 37 38 39 40 41 42 43 44 45 :=
1 1005 280 925 194 862 353 1091 240 905 1120 724 432 901 860 1014 704 954 1052 764 991 1137 1132 1139 437 357 1076 378 474 389 799 889 890 589 519 1063 1142 385 571 926 1072 1037 1179 789 1143 635
2 1098 206 1151 1286 699 711 1193 1196 729 1271 1008 114 772 1186 768 1025 1314 825 503 1282 721 554 139 886 759 322 936 751 1215 51 545 1301 951 1241 548 923 768 283 1086 1142 781 835 839 1060 736
3 1132 570 377 828 1307 1425 388 1180 993 1143 1617 1173 1592 1533 1616 763 1567 1022 1336 1142 1433 1158 1212 1132 1619 1201 1408 1148 1131 962 600 631 1021 1431 1411 1482 401 745 338 1018 533 1414 1180 1438 1113
4 1250 1275 1175 614 1063 986 718 1315 1326 783 1297 1099 591 1312 474 846 1266 381 758 826 1174 1175 1152 998 1325 744 629 1011 1260 565 1149 912 1223 1263 1274 1226 472 1135 1247 1143 230 1020 1288 524 1298
5 946 93 884 745 838 635 1142 1136 730 792 1003 940 886 267 375 901 535 868 739 102 1007 1099 1028 415 1004 965 546 439 1129 602 1140 1163 578 1183 647 942 695 242 631 1085 730 740 1171 499 937
6 491 552 84 366 365 272 496 520 511 390 361 521 434 403 377 381 483 275 415 506 405 310 523 446 523 208 304 508 468 163 530 326 560 249 367 252 266 259 255 485 494 509 341 228 173
7 703 855 973 468 968 538 721 789 606 906 625 761 592 556 606 317 623 714 907 970 963 813 742 743 513 746 891 631 952 563 203 732 587 689 552 498 598 869 969 251 445 437 255 454 274
8 733 564 809 963 541 1018 758 820 337 939 541 917 705 983 632 503 1026 799 642 908 989 212 875 795 545 812 484 761 1036 940 999 941 752 584 576 963 332 561 835 612 804 667 566 365 881
9 1223 1182 907 1143 1465 865 1179 1190 1359 1002 1197 1355 1055 1388 1198 1111 752 1472 1257 641 1400 1198 1407 1385 579 706 507 1134 382 796 784 1294 401 741 1425 1463 734 1068 695 380 1268 1033 649 838 484
10 405 763 529 781 698 618 711 578 675 513 162 594 748 599 497 473 659 834 511 558 793 354 728 686 703 293 666 789 684 719 130 743 443 354 441 789 324 696 642 841 211 602 367 547 575
11 1372 1090 1134 1463 1092 1125 512 1145 1420 558 689 897 1059 966 920 599 1435 1154 921 339 1183 1245 1249 1375 460 1322 1111 1230 1243 299 1236 1349 1162 656 938 458 1245 1165 425 1447 394 1041 413 1046 72
12 633 459 237 707 341 721 568 723 125 139 308 608 361 509 292 428 588 311 573 628 363 748 453 638 564 762 482 380 439 318 216 648 529 521 679 328 527 673 677 427 595 562 624 582 442
13 1329 307 482 986 1171 502 1036 824 1478 896 1400 1433 46 690 1458 1268 1244 784 1535 683 1196 275 1564 910 1229 230 1009 1038 1345 474 1503 988 506 626 1259 922 1180 463 998 1131 1289 1509 675 1183 1071
14 356 1041 764 565 1057 852 412 1031 1177 1162 1127 1109 815 306 1007 1030 923 678 1096 608 872 1113 856 1176 788 1144 1084 803 401 714 693 958 273 521 910 164 1018 1079 1047 798 1026 625 451 141 1094
15 1492 878 1416 1332 1322 1283 664 1113 1514 587 1280 1237 1443 1306 144 1446 965 1185 120 1344 1329 549 1413 519 1330 1378 625 1432 1058 765 1506 706 1315 1344 1544 796 1134 348 1416 665 941 1414 1468 295 1303
16 526 526 431 376 676 359 498 649 131 830 468 549 422 421 444 518 739 343 600 220 246 478 833 255 649 720 832 770 674 784 796 566 369 523 751 360 198 521 619 364 750 615 439 461 767
17 1004 981 972 1064 1429 1118 1117 460 934 758 801 1349 1363 999 938 498 112 935 1268 604 987 1428 1324 1223 1091 1426 779 1377 977 1339 982 136 302 1012 1183 616 866 1055 70 518 1063 978 1300 404 1329
18 698 585 1378 1205 248 1453 1289 985 1121 644 608 919 1398 1085 1056 917 1325 1194 121 141 1239 1446 1394 1447 410 131 972 832 1073 1461 1146 1346 479 810 830 388 519 1007 48 905 1064 1240 1318 1235 1117
19 431 908 774 664 903 291 284 619 891 770 601 733 387 635 210 608 825 478 512 914 781 794 537 295 813 776 513 649 519 696 494 273 545 366 167 911 795 513 760 272 528 879 721 772 750
20 1138 755 1299 943 1163 1601 1303 237 965 262 1600 850 1386 889 1589 1385 1444 1310 1259 579 667 1520 1326 1240 1498 559 557 838 1310 793 1327 779 1490 1127 1090 397 192 676 591 1037 1272 1295 1412 998 1261
21 1189 541 1287 1203 1394 1096 1325 1141 986 1205 1253 1281 1154 1117 1183 1304 1360 1191 824 1393 426 1179 1034 1319 556 1370 1150 826 1269 1404 496 1333 1127 669 1280 219 695 893 1422 932 1345 1134 1170 816 1167
22 1020 1258 1351 866 1438 1268 804 1464 1330 1095 1510 1539 1129 378 856 1239 1062 1240 1445 1408 1562 570 1253 1096 1467 1252 1314 429 466 707 1496 394 1558 1152 1483 1382 1124 1289 1222 835 883 1433 785 475 478
23 1045 1367 1200 1253 787 837 519 1290 342 1091 987 1256 1178 810 773 1431 940 648 888 1181 1363 1159 1034 1438 523 998 1087 868 976 430 1388 462 397 627 1353 1096 1306 1083 849 290 1381 1171 207 814 514
24 740 1083 826 108 422 1219 1019 796 661 1059 971 1066 1105 876 1279 644 1233 1154 606 511 615 1205 1274 929 337 428 883 537 753 524 1082 1362 771 1269 1021 785 1039 1010 777 607 492 124 456 384 662
25 166 637 1359 1402 1530 1030 700 361 1277 1476 1480 1387 683 1286 1087 966 832 946 1479 593 1242 670 988 1153 1407 1373 1339 1438 864 1410 1516 1135 1192 623 1280 1471 911 1490 1300 650 1454 1034 1262 821 1127
26 726 685 457 303 680 590 516 462 698 574 429 583 467 570 532 339 589 391 720 708 288 566 167 587 704 334 563 119 573 662 506 534 281 536 523 221 618 565 462 690 326 358 627 404 440
27 438 514 685 314 538 677 515 652 449 196 313 289 648 302 340 542 562 536 577 20 442 635 302 427 554 203 341 211 380 414 188 83 507 650 669 606 222 616 315 686 147 316 576 423 314
28 485 448 368 400 488 186 449 498 442 220 303 554 419 543 522 556 70 527 261 195 236 480 326 466 565 469 429 124 472 500 474 440 117 89 296 573 425 244 459 271 516 543 154 499 547
29 721 718 544 794 993 984 804 901 215 407 348 757 512 1090 278 1038 765 529 322 541 453 478 838 681 659 1037 926 1013 711 799 726 437 552 955 198 306 495 547 603 1071 826 918 1106 581 739
30 524 868 686 915 440 672 805 894 961 615 791 896 457 948 618 935 883 762 787 613 959 866 528 964 869 876 805 787 778 546 960 869 264 740 923 703 569 473 825 505 877 858 713 532 716
;

param:   cost_bundl  marginal :=
1 126 147
2 195 151
3 88 147
4 55 70
5 139 75
6 93 141
7 130 138
8 125 187
9 194 199
10 168 73
11 112 211
12 51 194
13 162 165
14 140 138
15 168 157
16 150 165
17 207 71
18 176 192
19 89 52
20 141 61
21 211 145
22 177 175
23 187 45
24 143 199
25 158 201
26 134 119
27 105 159
28 210 101
29 203 196
30 133 48
31 153 105
32 129 126
33 164 144
34 104 167
35 144 155
36 173 206
37 103 162
38 207 25
39 187 183
40 169 82
41 92 156
42 112 172
43 209 91
44 207 100
45 171 158
;
param: buyer budget :=
  0 795
  1 1965
  2 1588
  3 3112
  4 2860
  5 3185
  6 222
  7 800
  8 762
  9 1999
  10 3235
  11 931
  12 2054
  13 2235
  14 830
  15 2485
  16 2475
  17 1480
  18 2352
  19 944
  20 2525
  21 2831
  22 1527
  23 977
  24 1066
  25 2152
  26 2278
  27 1221
  28 2420
  29 3146
;
param num_partition :=
3
;
param: item partition_index cardinality :=
0 0 23
1 0 13
2 0 26
3 0 2
4 0 12
5 0 21
6 0 12
7 0 6
8 0 8
9 0 7
10 0 12
11 0 26
12 0 25
13 0 19
14 0 21
15 0 20
16 0 6
17 0 13
18 0 2
19 0 12
20 0 28
21 0 29
22 0 11
23 0 20
24 0 11
25 0 26
26 0 8
27 0 4
28 0 18
29 0 20
30 0 4
31 0 18
32 0 20
33 0 12
34 0 19
35 0 2
36 1 13
37 1 27
38 1 7
39 1 19
40 1 23
41 1 3
42 1 21
43 1 4
44 1 1
