param num_bundles := 45;

param num_cust := 30;

param price_reserve :
   1 2 3 4 5 6 7 8 9 10 11 12 13 14 15 16 17 18 19 20 21 22 23 24 25 26 27 28 29 30 31 32 33 34 35 36 37 38 39 40 41 42 43 44 45 :=
1 452 370 261 203 35 492 401 203 431 381 238 340 242 91 464 64 189 456 295 248 397 313 166 66 155 401 203 320 242 503 499 177 422 440 508 116 471 110 220 185 318 91 502 442 504
2 787 778 33 569 387 419 495 355 370 709 662 610 726 482 752 574 830 653 165 771 480 818 571 524 688 351 482 696 579 183 557 209 429 261 779 421 733 287 626 621 452 704 698 512 690
3 653 640 624 516 976 854 521 784 723 732 790 611 770 904 677 707 933 397 486 949 776 610 536 785 901 691 642 525 852 925 512 739 460 712 568 754 592 378 754 863 540 668 695 421 743
4 711 735 968 688 994 1046 958 1338 713 1054 1402 986 997 923 1188 1022 1307 893 935 1215 1105 1141 1249 503 1446 1425 1101 1407 284 1189 1230 782 1341 436 779 545 1402 496 963 677 887 957 1246 224 1439
5 839 675 675 794 244 964 454 464 853 1002 347 273 1014 643 607 857 403 994 1010 558 790 631 758 415 899 948 454 892 900 825 607 951 672 762 437 731 915 724 213 986 665 736 493 377 926
6 416 151 120 174 360 261 186 55 129 325 404 43 173 417 412 268 420 355 217 240 374 318 158 414 317 247 149 339 233 413 287 400 387 362 140 420 262 31 411 131 285 262 420 82 342
7 874 1108 681 1044 467 1083 1059 997 719 549 878 810 571 542 672 669 1120 426 355 1029 332 808 698 978 747 482 980 970 376 719 1081 228 1133 1057 433 1095 718 1114 1006 848 762 1033 1042 505 598
8 652 822 431 904 829 193 861 647 503 654 841 849 327 850 890 642 531 692 879 562 714 384 859 629 512 725 313 235 599 56 585 778 658 135 800 428 498 695 732 379 594 763 836 615 642
9 974 421 985 1009 1049 550 990 961 949 800 1069 905 941 381 640 793 485 499 668 1078 836 66 567 1077 942 1039 913 938 1055 565 1092 394 852 841 356 1015 451 614 869 937 1008 1070 214 984 1086
10 313 538 105 810 719 756 554 742 836 112 782 573 620 613 779 649 797 802 406 776 759 741 726 677 719 477 147 469 663 252 640 41 612 825 677 652 684 697 627 828 657 669 360 803 101
11 356 536 159 883 1308 892 767 1035 1205 551 1303 965 1009 894 716 566 306 921 886 434 480 1019 773 1303 431 211 1019 1004 607 1234 1236 947 1011 1108 941 1302 376 450 711 570 872 773 1288 1124 787
12 591 434 178 531 250 493 538 182 316 446 616 619 595 529 614 622 241 232 187 505 464 117 341 100 382 507 179 63 558 554 501 508 606 115 501 575 498 209 343 430 481 618 364 311 188
13 719 1396 838 898 1326 488 829 943 593 1489 1487 180 1343 418 1484 1324 1215 1314 1330 955 920 910 1289 750 1247 713 1493 1358 1266 1068 421 498 606 1017 560 1324 1266 376 738 1316 1264 1497 1285 1133 1412
14 797 551 293 735 454 839 521 337 174 825 476 370 426 756 421 332 791 752 620 236 672 525 477 755 725 791 526 841 346 317 615 602 684 732 668 483 729 812 708 233 825 290 746 822 452
15 1305 291 1405 223 680 921 1400 1381 1304 446 499 1355 1341 1108 907 456 448 1394 857 533 392 1278 648 1168 866 1416 1450 911 1190 1361 551 1031 1336 1321 957 1253 1409 365 1333 1377 576 1392 1239 1270 1410
16 950 1150 763 99 999 1150 1126 964 898 1302 1277 532 829 953 847 1222 895 1053 1199 1308 766 1131 1179 1293 1286 991 820 1249 1064 230 934 676 831 903 1297 121 1170 1210 1250 379 843 489 1018 352 530
17 1009 1409 1525 1086 1196 907 1497 1320 1332 1569 132 987 1040 757 1297 104 972 1157 1455 1401 734 577 748 755 1154 557 1070 1309 955 1176 881 148 1068 1034 1488 1499 1055 1103 908 761 1542 138 1209 1074 286
18 498 352 194 249 341 406 290 114 340 509 481 340 417 239 250 222 499 249 481 357 236 238 141 436 504 463 351 99 372 398 262 101 231 426 370 290 508 212 247 469 211 354 280 144 163
19 514 770 729 966 503 837 530 861 667 612 936 1023 846 675 741 490 424 832 345 77 282 808 761 842 685 705 579 605 718 979 414 502 963 1021 291 442 832 99 842 738 541 439 783 96 931
20 504 459 367 411 404 631 185 706 709 713 780 632 136 789 430 552 781 397 302 760 321 748 496 379 672 560 83 148 348 664 488 101 698 635 585 597 104 711 358 298 542 671 232 700 667
21 924 1102 553 812 1164 1087 113 775 1047 693 1174 998 707 518 298 1030 604 642 909 1058 900 1107 936 323 988 330 188 1156 178 934 941 402 947 985 852 975 1150 754 853 711 639 839 1004 528 1135
22 809 372 707 533 583 643 470 509 388 230 762 574 747 605 787 501 682 680 505 590 651 617 740 588 775 777 579 299 425 679 524 745 347 501 270 636 769 208 557 356 766 590 272 692 789
23 1220 205 1235 464 1002 831 476 1027 1286 1029 1301 707 1314 1099 1210 114 691 1095 1339 1214 1129 919 1257 273 790 753 742 551 1199 587 681 535 1326 718 422 1260 568 823 984 1036 833 606 1263 1243 1066
24 319 464 553 495 371 592 357 552 837 685 86 644 689 570 451 208 717 768 670 818 429 817 653 185 455 655 698 820 587 822 685 701 725 731 633 362 462 753 609 753 398 379 415 544 701
25 578 176 514 376 518 857 758 968 781 178 842 940 808 970 1068 1036 203 228 1056 372 1041 425 608 186 996 721 678 278 871 139 930 846 915 840 287 921 945 1039 847 506 662 305 204 828 1018
26 823 1020 1214 898 460 1168 913 643 305 1024 1243 811 828 1159 1148 610 868 257 943 1144 1134 880 1030 759 718 652 470 1176 937 749 207 168 587 1210 1205 790 439 833 1077 1022 1206 448 483 392 340
27 482 1036 39 939 1179 987 822 549 1109 636 771 1158 1230 1061 1277 832 1037 686 1118 1330 884 1165 618 978 683 867 834 761 1122 190 1157 1087 665 692 271 846 1011 1197 1196 955 173 1320 1052 715 851
28 1015 839 826 349 981 1060 830 802 1032 439 585 1022 1053 103 914 437 225 100 359 995 266 868 297 596 27 861 708 227 917 956 634 728 399 287 662 559 195 915 456 830 769 819 761 1016 261
29 417 264 568 39 611 573 405 539 274 278 436 470 323 44 503 428 506 420 619 496 488 614 319 163 490 492 574 464 531 619 420 522 607 219 515 364 545 338 570 468 614 607 263 223 416
30 621 835 221 1081 906 628 975 1047 569 698 1013 501 817 1031 938 1012 805 216 665 694 1157 561 341 1087 386 667 634 1111 757 1070 736 838 392 250 841 1020 816 1060 423 1162 560 1127 601 553 1029
;

param:   cost_bundl  marginal :=
1 206 20
2 107 49
3 205 109
4 129 37
5 208 119
6 144 201
7 53 211
8 186 195
9 199 172
10 119 162
11 208 150
12 194 120
13 173 100
14 209 129
15 79 184
16 208 192
17 58 144
18 100 108
19 118 33
20 180 91
21 20 158
22 148 165
23 195 194
24 200 176
25 185 156
26 192 192
27 152 135
28 192 198
29 79 163
30 180 166
31 100 192
32 148 129
33 142 189
34 138 189
35 88 91
36 195 116
37 199 171
38 79 44
39 132 198
40 202 152
41 188 175
42 125 100
43 76 159
44 176 182
45 58 116
;
param: buyer budget :=
  0 1971
  1 1765
  2 2681
  3 463
  4 366
  5 1400
  6 1640
  7 2295
  8 1024
  9 472
  10 256
  11 2709
  12 403
  13 599
  14 1586
  15 2655
  16 1847
  17 697
  18 522
  19 1394
  20 586
  21 928
  22 2361
  23 2423
  24 909
  25 1055
  26 989
  27 733
  28 313
  29 820
;
param num_partition :=
3
;
param: item partition_index cardinality :=
0 0 18
1 0 4
2 1 2
3 1 26
4 1 12
5 1 17
6 1 22
7 1 13
8 1 19
9 1 6
10 1 19
11 1 24
12 1 6
13 1 16
14 1 2
15 1 10
16 1 14
17 1 2
18 1 9
19 1 13
20 1 1
21 1 10
22 1 7
23 1 13
24 1 3
25 1 17
26 1 6
27 1 29
28 1 22
29 1 27
30 1 29
31 1 23
32 1 18
33 1 20
34 1 23
35 1 29
36 1 11
37 1 13
38 1 9
39 1 28
40 1 1
41 1 18
42 1 12
43 1 16
44 1 2
