param num_bundles := 45;

param num_cust := 30;

param price_reserve :
   1 2 3 4 5 6 7 8 9 10 11 12 13 14 15 16 17 18 19 20 21 22 23 24 25 26 27 28 29 30 31 32 33 34 35 36 37 38 39 40 41 42 43 44 45 :=
1 410 362 311 479 420 526 392 268 333 350 515 484 548 225 182 521 133 558 552 465 347 490 415 551 569 572 376 154 577 88 189 443 445 394 351 253 449 305 515 238 228 247 505 538 486
2 471 1115 1081 478 603 1288 544 1218 1098 1226 796 958 510 981 278 732 823 304 1246 1062 1210 348 560 501 668 1062 1293 1135 1241 782 352 1236 855 826 892 1256 1067 687 223 110 1270 872 1037 1267 302
3 614 959 317 624 559 402 520 962 547 668 251 540 544 120 747 242 950 509 808 484 881 836 899 963 621 58 419 967 811 858 877 294 673 500 913 753 765 733 119 726 906 564 386 625 244
4 1055 1025 726 729 1105 553 1083 1239 1288 1012 1311 140 431 1302 741 897 514 514 1388 1163 1034 897 411 472 496 594 1184 1185 432 1252 1175 1179 910 1326 952 796 1345 454 1311 1172 259 614 706 925 954
5 671 559 1166 1035 751 839 1245 960 468 809 1117 351 1249 403 1163 1167 323 762 1201 667 1124 1232 1163 1175 520 1008 391 510 640 885 1057 588 1256 526 526 186 1013 633 924 768 791 714 950 981 369
6 386 485 685 514 496 465 114 576 315 506 689 673 476 215 586 409 650 594 552 586 540 730 684 681 638 182 587 498 144 620 434 688 503 712 195 232 517 503 658 559 364 489 431 298 322
7 1090 886 529 713 481 849 1130 875 1159 404 1007 611 1117 1051 937 543 793 1073 894 864 533 584 786 910 1110 807 909 984 0 706 446 898 718 1060 854 720 468 284 1073 552 761 671 982 542 1004
8 313 1101 680 93 1006 969 933 1107 310 186 767 643 644 986 533 925 883 726 790 942 867 817 600 848 929 627 880 509 756 1095 470 629 1000 1093 796 985 861 776 401 866 706 845 248 565 438
9 1220 444 936 1391 741 1130 1505 1170 742 1280 1209 652 972 921 771 1089 865 1459 1433 1127 1493 553 1422 1428 980 1048 1459 429 307 467 695 865 850 1305 1190 970 1535 1090 427 501 1083 498 1463 759 1235
10 79 202 257 316 332 301 359 149 246 388 401 231 283 383 111 248 327 410 219 308 341 123 182 209 202 260 146 358 332 351 139 406 97 371 233 209 347 277 327 213 148 336 353 381 311
11 798 346 989 57 810 1027 996 806 1031 672 401 937 363 741 977 973 653 915 257 337 821 874 528 1021 789 916 163 482 459 701 765 1033 223 611 791 408 649 643 742 988 315 879 692 795 972
12 740 285 820 536 926 229 768 408 420 717 706 587 702 858 957 335 809 778 667 726 582 515 857 855 758 814 629 811 744 167 754 764 898 851 861 833 535 967 720 645 905 933 533 482 831
13 469 492 730 720 545 570 700 469 571 584 425 377 580 323 436 718 401 447 389 644 630 478 84 697 571 382 581 609 78 583 637 556 308 639 588 506 480 581 411 643 546 731 511 42 685
14 359 1144 540 771 902 239 277 784 600 729 1014 636 673 499 835 716 707 1069 365 382 417 1107 130 643 929 939 501 172 936 936 918 1083 1008 822 823 724 789 793 1149 761 782 885 1015 108 892
15 176 289 394 298 511 270 424 480 291 437 373 319 265 500 483 231 222 145 380 448 463 398 342 432 418 471 267 461 198 403 372 335 220 186 484 174 507 117 400 498 365 404 159 243 418
16 883 1047 631 932 1052 305 711 782 1200 1003 475 512 951 703 1178 386 690 504 1089 212 752 1058 1187 815 927 1205 996 932 835 513 425 732 1083 1217 1192 577 615 525 964 724 795 656 981 974 508
17 539 714 723 676 494 819 675 256 620 588 910 148 865 769 838 529 338 537 322 945 508 229 305 860 472 934 345 693 658 259 943 865 488 730 939 813 604 469 645 270 786 885 904 612 868
18 1383 1044 887 882 1041 1433 909 945 396 1020 1493 914 606 59 1479 788 754 867 593 1101 1345 1371 1064 775 460 398 1422 1252 571 1225 1038 1404 1166 1398 1253 647 715 1496 549 1347 1448 1251 1396 618 739
19 491 798 334 989 605 190 237 610 655 1031 732 706 480 713 618 1019 775 300 607 548 405 647 449 803 991 705 437 633 753 724 740 767 288 1010 695 222 318 345 817 558 386 860 1001 1048 851
20 143 170 89 191 208 191 167 137 197 96 34 134 28 128 17 64 208 110 94 81 74 41 139 100 87 159 136 198 200 160 210 210 149 138 143 165 111 112 198 180 114 197 164 205 197
21 837 1036 1021 634 215 1059 719 943 1020 1322 857 935 1352 972 331 116 1185 1203 985 870 619 906 1120 1126 829 1326 337 654 1297 777 1190 363 1041 757 1222 1010 323 1005 1309 927 991 1038 1199 1091 851
22 574 336 700 1023 826 850 770 769 556 906 721 1043 758 1026 522 547 1068 379 246 682 812 662 898 810 986 814 1073 405 429 857 646 259 628 308 1055 412 908 1105 778 943 861 1038 909 905 159
23 901 669 938 870 773 407 660 801 77 237 676 907 392 713 832 811 969 1047 477 613 958 627 262 570 1078 889 1034 1066 814 467 548 797 423 1028 404 755 333 1048 702 740 523 774 42 885 682
24 1385 1081 861 869 1254 1571 956 1539 1485 1168 874 1407 856 648 1021 1486 609 852 1291 1215 1522 1082 322 861 741 1431 1327 794 901 1112 1185 990 306 883 1471 1344 1234 1453 1559 1132 529 267 407 1011 1508
25 325 660 1456 1068 1024 873 1011 1059 796 338 1070 165 609 1320 1451 760 911 1204 371 897 1005 1462 1276 239 1147 916 1072 426 1029 508 1197 978 1254 525 535 1356 780 867 1191 1287 948 1386 1002 1462 1434
26 812 1132 617 661 742 1165 395 858 1014 1529 1544 1047 1363 1338 577 935 1348 693 1232 1550 1122 510 1561 738 470 184 1083 1175 241 1339 1203 1393 799 735 1513 1041 1427 1348 866 1354 557 1222 127 989 631
27 1128 1278 1166 989 1349 1031 1327 617 649 1330 880 800 1339 386 1205 753 914 1277 1345 732 1374 821 730 881 1099 749 1164 805 920 1104 1140 588 784 447 1002 1198 1287 1437 1363 1459 638 1320 659 1130 821
28 849 488 715 550 657 490 493 834 394 414 957 328 716 486 813 658 914 262 617 369 562 261 589 971 861 300 798 589 773 876 631 544 213 876 527 773 594 721 719 462 78 892 438 419 235
29 322 266 282 388 354 203 279 137 346 373 416 254 288 129 240 260 341 339 382 292 223 69 200 187 394 366 250 305 382 323 324 370 250 327 196 188 295 386 361 387 284 229 224 410 353
30 867 454 982 313 401 994 1029 863 868 549 230 1104 478 118 531 997 986 884 373 1114 537 725 1166 507 1180 549 721 1095 489 478 543 864 628 949 669 1091 394 825 645 695 646 286 1169 546 1142
;

param:   cost_bundl  marginal :=
1 95 125
2 195 117
3 206 160
4 106 131
5 165 177
6 202 164
7 58 17
8 129 131
9 160 140
10 105 193
11 98 142
12 186 187
13 18 101
14 199 193
15 40 202
16 113 122
17 106 136
18 154 104
19 147 84
20 66 166
21 189 69
22 153 79
23 202 113
24 100 209
25 64 154
26 210 163
27 91 162
28 66 125
29 196 53
30 127 143
31 203 83
32 176 56
33 116 157
34 75 164
35 85 179
36 156 192
37 152 91
38 151 202
39 179 168
40 149 22
41 138 128
42 163 149
43 47 200
44 207 118
45 164 150
;
param: buyer budget :=
  0 2322
  1 13
  2 567
  3 321
  4 794
  5 96
  6 103
  7 2868
  8 378
  9 2390
  10 2024
  11 1404
  12 3098
  13 2168
  14 2442
  15 2060
  16 2088
  17 302
  18 1890
  19 2164
  20 2108
  21 775
  22 747
  23 443
  24 1717
  25 824
  26 139
  27 3139
  28 2312
  29 102
;
param num_partition :=
3
;
param: item partition_index cardinality :=
0 0 12
1 0 15
2 0 24
3 0 23
4 0 18
5 0 23
6 0 21
7 0 6
8 0 24
9 0 15
10 0 19
11 0 7
12 1 12
13 1 13
14 1 15
15 1 25
16 1 19
17 1 11
18 1 24
19 1 26
20 1 3
21 1 17
22 1 10
23 1 27
24 1 14
25 1 25
26 1 17
27 1 11
28 1 17
29 1 12
30 1 2
31 1 11
32 1 18
33 1 16
34 1 1
35 1 20
36 1 1
37 1 26
38 1 1
39 1 1
40 1 25
41 1 9
42 1 15
43 1 23
44 1 15
