param num_bundles := 45;

param num_cust := 30;

param price_reserve :
   1 2 3 4 5 6 7 8 9 10 11 12 13 14 15 16 17 18 19 20 21 22 23 24 25 26 27 28 29 30 31 32 33 34 35 36 37 38 39 40 41 42 43 44 45 :=
1 1419 743 794 1186 1461 1544 377 1511 1380 1410 868 326 1269 1437 1502 1140 666 1118 445 760 1216 579 1479 1202 333 197 1308 724 1059 739 1186 1042 1023 739 1199 1306 1447 484 1367 1381 711 1382 674 691 1478
2 567 1166 1436 962 1191 269 1467 1300 1464 1382 1102 1278 1154 1456 1258 1022 1358 835 901 950 1137 1203 44 1127 871 1089 1424 887 940 800 1313 1233 674 1162 1396 1377 868 1175 985 1141 318 280 226 1139 1351
3 599 653 575 571 485 903 975 1003 506 738 692 202 955 873 975 605 787 226 917 536 916 718 164 520 837 928 820 629 733 402 927 455 270 521 726 930 435 1005 519 445 771 896 727 748 878
4 334 344 477 1111 632 974 1100 199 927 588 911 943 735 943 975 1101 1176 1139 744 1165 1077 687 1208 124 1041 585 825 1059 1164 1054 675 1105 1222 522 788 128 989 1181 722 349 921 1058 813 569 816
5 730 1359 691 1164 1449 443 1085 1086 979 825 1421 1146 978 713 1288 1213 1323 1282 1253 1528 1271 1200 304 1039 1205 1322 688 97 598 1200 1346 1514 1416 107 742 1166 913 733 1079 789 1283 829 1397 905 701
6 1032 1441 465 1440 1091 1373 1139 1083 393 946 890 945 1104 1059 383 1276 1061 654 646 889 1099 687 1404 1435 816 796 1236 1075 925 549 776 787 1345 1211 160 151 1342 1532 1056 872 1469 1282 1130 1017 1155
7 429 458 355 277 485 444 504 263 214 214 191 505 166 350 497 451 470 508 249 440 196 500 478 418 247 393 402 306 51 486 398 330 233 215 152 200 434 416 470 433 80 174 482 347 414
8 648 1209 366 1376 1091 609 863 589 1374 957 453 835 875 1285 1449 1206 687 1362 1356 1363 1186 99 379 683 1332 410 320 1186 1181 1170 668 710 791 756 752 747 1443 1294 973 357 619 1301 1288 364 656
9 645 379 792 751 996 744 1170 636 909 845 425 1230 525 1230 1137 1266 437 853 1277 1084 1171 1136 449 593 891 346 1250 853 1245 878 904 126 982 1119 418 1289 1257 244 848 112 597 703 493 360 414
10 1246 1211 1237 180 555 1477 1381 1041 778 1301 1548 1532 260 698 1492 1108 1541 1166 365 1094 1009 1089 294 1156 761 1236 976 820 723 274 1401 1334 895 361 1446 160 1194 1225 911 1250 1348 1529 1437 616 1117
11 1158 549 1156 846 1141 903 803 585 485 1310 354 766 1208 1304 1158 931 486 1130 550 1234 1149 623 1147 1211 1117 667 822 1143 929 1023 873 962 1185 738 1201 1245 628 978 477 359 1300 705 956 1036 583
12 617 502 446 433 142 590 707 650 515 155 495 587 702 541 651 555 523 399 368 457 638 405 562 704 309 687 454 113 212 628 380 506 713 723 599 389 729 645 28 342 512 670 688 692 293
13 225 437 586 126 572 351 243 255 146 229 399 653 456 430 168 673 610 351 728 236 704 611 497 584 575 629 717 592 651 575 514 621 225 93 288 493 545 487 647 678 322 466 551 539 312
14 757 735 861 756 797 1055 283 1031 702 1115 966 1084 694 1131 698 461 601 985 598 664 80 804 441 728 1126 431 719 889 942 422 540 1131 704 830 573 1051 544 1176 1018 1081 1075 901 1024 460 144
15 892 600 952 550 831 573 859 586 698 898 683 787 920 1001 914 776 744 824 409 149 589 913 991 599 858 196 803 984 1002 911 934 816 941 977 303 817 338 704 695 772 115 394 374 567 258
16 1037 814 1042 380 210 1015 526 1081 573 1136 1063 1026 532 614 532 842 1224 1010 1200 883 440 317 847 383 374 901 475 930 1191 443 898 776 1172 973 1232 1204 458 874 753 523 459 927 488 1183 1059
17 162 516 460 706 558 851 125 469 875 642 896 471 362 271 444 345 848 683 290 479 614 818 334 477 899 508 712 551 900 384 893 845 657 491 481 286 783 516 398 600 840 634 655 350 861
18 1046 861 896 957 270 493 864 1006 103 982 722 772 890 1070 947 310 273 256 454 605 1059 868 511 484 949 1055 578 505 863 1054 777 1102 315 345 965 688 327 740 876 367 674 757 1101 716 557
19 1084 980 583 620 784 822 907 514 623 829 887 933 671 877 541 1042 526 945 1046 769 434 518 1059 412 1065 718 264 500 990 758 976 596 868 493 774 796 478 537 544 997 801 200 947 957 883
20 946 1234 1325 863 1472 1414 1014 898 1299 1220 1261 1283 284 1352 589 1211 832 855 469 944 65 1388 958 308 539 1200 457 897 730 1112 969 695 1544 1188 1419 219 1127 568 1154 1144 1180 1418 1121 979 1511
21 202 369 369 183 301 316 352 407 271 146 103 298 218 254 420 416 419 365 82 186 228 404 315 272 417 192 368 322 216 311 358 408 126 200 244 312 371 337 259 247 342 407 264 346 360
22 236 971 1183 469 1185 1201 947 867 664 824 948 1189 1161 1046 951 1077 1193 592 1047 925 1035 862 294 1066 657 595 1089 1032 1135 946 907 1129 163 855 1101 468 354 289 574 1004 971 243 1051 940 480
23 620 1175 1010 471 454 1149 971 842 1221 139 978 841 658 1144 1194 993 1009 1260 981 363 1265 953 835 1266 498 676 1028 863 1029 1178 1224 1202 494 1222 1005 885 446 950 1200 984 1221 1156 647 715 985
24 718 156 1275 946 689 718 843 912 73 1349 1103 786 248 532 343 1083 948 400 1305 493 362 901 638 1238 1346 567 1270 1088 580 1206 851 1151 1350 994 552 513 842 1116 644 1112 1328 280 1000 117 458
25 754 963 904 748 1091 650 1041 649 664 786 1092 306 982 1026 993 1065 1072 855 1090 486 893 904 680 966 716 762 485 431 915 427 480 656 546 673 360 911 593 993 915 1006 992 876 1025 763 916
26 239 737 715 664 839 225 642 634 918 266 526 538 894 788 521 928 520 695 938 189 780 491 724 722 254 97 386 561 639 144 402 822 812 652 719 493 715 592 577 816 617 895 842 631 510
27 798 926 722 1481 1310 1380 1432 940 1085 1472 211 1086 123 956 1452 604 407 729 590 1085 1119 1047 1182 1092 1292 1162 603 1457 1076 873 1369 1166 1053 700 681 983 1284 836 683 493 1190 1280 382 596 1057
28 1372 1143 1350 1297 864 931 1292 1515 1430 777 426 930 599 923 1009 920 1078 906 1166 1499 736 1358 22 1115 916 1081 398 524 1337 962 1462 1321 1279 269 1422 989 873 619 754 1020 1091 916 1402 1357 1307
29 619 579 330 420 429 309 288 636 488 407 543 305 535 602 452 193 618 581 413 542 491 463 355 346 375 230 547 328 410 173 187 353 525 608 132 583 449 277 242 629 421 301 305 358 611
30 173 362 366 203 474 387 289 160 312 475 358 396 491 337 268 469 369 453 326 168 477 352 339 394 405 386 274 282 195 395 239 152 427 269 256 411 418 434 312 476 469 154 256 230 503
;

param:   cost_bundl  marginal :=
1 94 122
2 172 111
3 175 184
4 171 143
5 198 50
6 200 197
7 108 144
8 21 183
9 52 174
10 155 132
11 139 34
12 183 167
13 142 120
14 191 152
15 101 205
16 39 180
17 115 131
18 29 162
19 72 144
20 102 57
21 207 194
22 119 155
23 211 203
24 211 146
25 93 81
26 129 94
27 197 177
28 165 196
29 134 146
30 122 194
31 87 149
32 147 210
33 186 184
34 191 143
35 99 162
36 139 194
37 81 161
38 107 153
39 207 141
40 150 128
41 131 200
42 37 133
43 38 164
44 97 131
45 114 74
;
param: buyer budget :=
  0 2018
  1 1842
  2 1500
  3 1600
  4 2735
  5 321
  6 323
  7 2055
  8 2458
  9 2723
  10 1758
  11 2614
  12 764
  13 713
  14 2490
  15 1498
  16 279
  17 1886
  18 567
  19 284
  20 1721
  21 2493
  22 2216
  23 1244
  24 2523
  25 2532
  26 1311
  27 2370
  28 1319
  29 3000
;
param num_partition :=
3
;
param: item partition_index cardinality :=
0 0 8
1 0 5
2 0 27
3 0 1
4 0 14
5 0 3
6 0 26
7 0 4
8 0 2
9 0 29
10 0 7
11 0 23
12 0 21
13 0 9
14 0 21
15 0 24
16 0 26
17 0 12
18 0 27
19 0 28
20 0 20
21 0 17
22 1 4
23 1 16
24 1 22
25 1 29
26 1 8
27 1 19
28 1 15
29 1 23
30 1 22
31 1 13
32 1 10
33 1 6
34 1 29
35 1 26
36 1 3
37 1 18
38 1 9
39 1 6
40 1 21
41 1 8
42 1 17
43 1 19
44 1 20
