param num_bundles := 45;

param num_cust := 30;

param price_reserve :
   1 2 3 4 5 6 7 8 9 10 11 12 13 14 15 16 17 18 19 20 21 22 23 24 25 26 27 28 29 30 31 32 33 34 35 36 37 38 39 40 41 42 43 44 45 :=
1 640 617 0 299 607 721 712 773 654 633 383 750 640 519 497 238 549 216 634 298 754 754 673 507 665 284 770 699 596 700 254 429 382 673 461 690 469 629 119 642 326 618 764 664 709
2 1175 401 1046 784 381 961 785 1071 436 570 954 1130 1191 1181 1157 659 279 855 707 895 1092 1042 732 531 1192 1186 441 940 695 970 487 435 1053 799 696 917 1089 1085 1033 845 1182 1002 996 1067 393
3 1255 864 986 1303 1020 402 742 404 963 1236 748 876 1050 526 1046 1378 794 1234 667 1255 265 1056 1017 1432 1485 1383 395 412 552 96 1032 1400 1238 411 1142 1093 463 1316 974 1031 669 926 1428 1280 442
4 1127 979 1301 656 990 795 522 1232 1455 557 620 1258 932 369 1267 1196 885 1178 695 1324 1448 1013 1071 971 1418 1124 1384 1126 1352 1018 48 1433 645 1429 1194 1328 1344 1399 1015 1317 818 1286 1353 1465 1164
5 1170 1261 833 1332 1015 1359 763 1404 1341 244 490 869 913 625 293 1413 555 733 1249 1104 1183 1075 1179 406 1011 319 1050 428 803 1322 564 1091 1160 605 501 948 214 1106 1201 1051 700 1424 1340 713 1124
6 87 203 88 135 153 122 70 139 165 209 133 84 144 138 192 69 205 191 104 143 160 147 186 184 202 104 159 108 104 211 87 208 192 135 93 153 48 145 93 111 173 127 114 13 182
7 218 279 354 640 630 673 655 329 362 669 459 663 645 289 639 595 648 496 320 290 321 199 578 289 400 303 419 599 600 504 320 302 171 307 477 517 632 466 138 458 17 670 571 359 388
8 389 417 494 483 253 469 505 172 210 483 492 129 179 423 345 160 337 183 284 421 313 83 249 199 498 395 117 473 58 247 433 157 170 342 345 174 368 432 386 247 340 57 207 347 492
9 810 824 1011 853 746 1131 1020 788 676 749 826 718 1009 715 1226 750 777 281 692 1170 1197 1026 812 685 650 750 314 1214 1119 888 901 401 914 558 634 404 859 618 931 1164 253 772 839 486 1012
10 1287 832 1236 1195 392 961 1139 683 436 1247 955 928 1219 799 1105 1264 873 1330 1200 1300 602 1054 495 1289 582 527 878 1130 1174 1310 972 1320 758 1042 1235 1127 1029 1069 932 996 1312 732 667 1275 1053
11 803 1485 1486 1432 1359 1086 937 1429 651 1400 1327 425 1286 1263 720 829 938 845 1523 367 556 1258 874 508 1385 1234 174 717 1227 863 1047 1120 849 1401 1186 635 502 1417 957 1612 1452 1036 1601 1615 1527
12 1306 1147 930 1061 1031 609 885 825 426 882 1087 280 1304 1418 1302 703 1242 1344 1453 1101 1182 1209 1187 1376 1288 664 429 491 567 969 1349 1081 935 1099 1499 880 931 614 872 160 1470 217 1404 501 1169
13 1081 1368 477 1102 1012 910 1211 673 1159 1041 880 1287 1319 937 1460 1050 325 936 949 1184 835 454 1287 709 1235 772 1403 1013 913 1298 1459 1381 910 1209 1440 784 1380 794 1207 1346 682 1155 742 1321 1403
14 556 650 590 643 620 693 803 698 653 734 619 784 279 728 512 553 703 528 302 570 213 416 795 871 327 710 861 336 743 796 391 632 422 782 220 761 707 267 649 785 315 728 587 512 402
15 347 773 916 357 734 693 508 822 127 570 442 627 454 521 875 892 906 372 983 488 768 572 808 324 762 933 384 766 670 946 922 443 585 808 350 466 616 250 336 1032 623 376 760 872 639
16 478 544 727 628 437 604 520 730 696 644 153 206 654 185 837 525 812 556 448 567 747 335 600 518 417 461 589 97 798 785 448 215 619 408 422 740 511 818 497 727 366 386 589 374 621
17 574 448 425 624 450 146 153 490 615 292 122 171 546 540 550 444 397 633 113 620 340 489 316 366 566 431 512 633 235 194 381 633 201 536 39 601 552 355 420 438 317 318 590 629 408
18 636 745 432 851 643 667 300 439 248 665 803 239 666 856 815 153 256 481 769 786 232 256 55 469 828 866 748 818 635 407 806 282 294 230 845 586 184 124 529 279 457 783 610 474 378
19 743 546 594 901 433 1020 497 464 399 917 740 821 336 332 350 876 412 732 1057 538 805 796 455 1011 1037 1028 633 951 884 409 934 693 1035 1058 643 879 738 383 666 127 59 643 645 975 702
20 727 483 382 246 229 711 294 626 268 690 514 233 488 373 525 423 301 730 463 645 579 728 539 611 684 412 674 729 629 24 731 434 502 310 544 636 679 418 612 731 264 615 441 320 636
21 904 228 881 1349 1458 1563 195 786 1538 483 826 857 288 1235 1394 1244 1027 233 1249 761 716 1360 1318 137 806 1236 1296 1263 901 1443 956 1356 1074 928 855 1554 1453 1570 1503 1298 777 689 674 1455 429
22 920 1036 1289 1220 1171 1389 1460 1057 1270 1494 1340 801 532 482 325 1139 1167 1170 1297 1417 1447 141 853 1179 1461 880 1340 1074 866 1435 419 385 998 982 1409 366 327 1183 1373 311 1291 436 1465 821 862
23 1100 990 549 1052 1206 698 1276 1150 956 553 569 476 1147 1190 1229 1262 727 1146 1149 1010 1121 1172 330 1241 557 875 1081 1319 157 825 80 108 904 818 898 893 1091 982 1078 511 946 847 1123 1156 995
24 1263 905 685 1185 1148 1010 1179 517 909 956 850 1150 1381 1155 476 1252 1252 1500 274 1019 1044 150 593 1169 975 1211 1455 1241 697 1510 865 1305 1154 1529 453 1147 918 1502 589 549 803 579 1257 677 1323
25 905 680 682 744 554 893 404 696 274 607 827 790 743 169 895 293 801 841 571 536 750 808 859 810 768 765 669 725 922 164 740 509 105 912 668 543 812 568 883 767 937 770 354 672 873
26 945 845 1031 1006 1017 524 1427 918 1010 1056 740 375 1133 996 963 916 1022 1074 1172 1179 474 1393 998 954 1017 1052 1455 1309 887 1408 758 803 556 174 1173 565 1391 645 1003 1252 569 1046 1430 1011 460
27 1066 1543 931 1273 1277 1592 1032 1341 1447 912 517 1412 647 1402 1133 1229 1007 1535 1049 1158 1533 918 312 1280 1496 719 141 1464 1448 1079 530 1051 553 685 198 386 1368 1480 854 1165 1087 1013 1186 1357 1181
28 604 954 665 637 114 668 1101 781 818 871 845 897 1035 725 1122 456 326 960 715 713 768 61 447 1048 640 73 862 447 1106 1134 996 1080 643 1038 631 683 975 574 789 645 863 859 928 1051 888
29 380 1383 1476 1130 206 1117 821 495 1319 985 779 1073 592 1405 1145 1196 468 1466 659 1381 1204 1423 1450 999 998 1570 1265 1102 1541 806 1328 1417 1047 610 803 1411 67 944 1599 1163 441 739 1364 1113 1533
30 671 959 622 333 711 744 973 577 709 844 466 843 326 708 595 827 959 328 358 234 907 676 345 869 749 751 965 712 490 831 513 740 493 795 419 517 657 864 677 758 839 802 381 823 856
;

param:   cost_bundl  marginal :=
1 152 179
2 114 74
3 183 11
4 144 90
5 64 176
6 187 165
7 153 14
8 124 192
9 162 187
10 211 141
11 120 101
12 136 145
13 185 101
14 150 76
15 145 160
16 122 170
17 71 124
18 210 200
19 197 135
20 45 154
21 101 141
22 52 167
23 190 16
24 202 184
25 154 109
26 38 60
27 210 93
28 159 183
29 207 120
30 131 110
31 106 119
32 172 201
33 30 119
34 185 165
35 98 103
36 125 139
37 127 182
38 177 206
39 102 109
40 156 129
41 165 142
42 169 95
43 102 164
44 9 204
45 161 33
;
param: buyer budget :=
  0 957
  1 2381
  2 451
  3 2210
  4 881
  5 1823
  6 649
  7 2151
  8 1106
  9 303
  10 1454
  11 910
  12 1900
  13 1930
  14 1624
  15 2591
  16 1961
  17 3064
  18 981
  19 2672
  20 616
  21 1021
  22 2873
  23 2780
  24 1866
  25 2253
  26 2705
  27 3173
  28 3081
  29 2524
;
param num_partition :=
3
;
param: item partition_index cardinality :=
0 0 20
1 0 5
2 0 18
3 0 9
4 0 29
5 0 14
6 0 10
7 0 22
8 0 19
9 0 4
10 0 8
11 0 6
12 0 19
13 0 28
14 0 21
15 0 21
16 0 7
17 0 14
18 0 29
19 0 18
20 0 21
21 0 12
22 0 19
23 0 3
24 0 18
25 1 25
26 1 15
27 1 6
28 1 21
29 1 14
30 1 2
31 1 13
32 1 9
33 1 13
34 1 27
35 1 11
36 1 3
37 1 9
38 1 19
39 1 26
40 1 19
41 1 14
42 1 18
43 1 2
44 1 24
