param num_bundles := 45;

param num_cust := 30;

param price_reserve :
   1 2 3 4 5 6 7 8 9 10 11 12 13 14 15 16 17 18 19 20 21 22 23 24 25 26 27 28 29 30 31 32 33 34 35 36 37 38 39 40 41 42 43 44 45 :=
1 697 983 1111 1138 1222 957 889 1160 208 1319 715 485 884 959 563 1269 920 497 1143 1090 654 868 620 1268 1009 585 874 1222 1181 814 687 219 1232 547 807 893 1121 566 1020 1027 1302 800 1312 1123 518
2 755 1183 1235 295 213 1185 936 1236 1057 1244 1238 459 792 831 791 985 273 387 1205 963 490 156 990 1238 844 992 1096 300 644 1166 686 413 1143 781 892 1162 906 891 1207 1070 307 1196 785 1062 1253
3 900 1244 1046 1351 996 1120 677 1515 1501 1584 919 877 1574 1154 1511 708 1469 324 860 1084 1406 1376 231 1386 1120 976 1033 1548 1166 1321 1071 1242 1135 1023 1294 1356 453 178 567 1358 1132 1362 1490 1508 1530
4 1100 945 992 923 534 1061 552 844 915 546 1058 558 851 725 842 477 1098 1167 984 550 964 988 318 711 1121 809 418 916 449 535 962 100 701 438 820 773 842 505 855 921 417 252 762 161 710
5 1179 1276 880 559 604 82 1073 1086 417 556 662 990 1256 1016 1308 1209 316 260 1115 625 1321 1158 565 572 885 996 690 436 1316 1234 983 130 980 1266 785 897 315 793 1054 722 1310 1121 516 1210 902
6 241 1491 1280 1232 1546 335 183 1032 1257 1060 1287 1143 1059 637 371 1527 1149 878 1003 985 1156 1343 1255 812 458 1509 1392 1098 964 1304 710 1602 527 1589 933 624 901 780 1209 292 1071 1068 1573 483 1502
7 837 520 415 507 772 714 166 845 516 787 515 762 487 239 815 606 788 779 620 734 48 758 557 92 802 697 697 558 438 614 228 324 125 773 827 453 672 198 825 838 707 334 171 68 707
8 1576 974 636 343 1433 690 1090 863 817 551 1245 532 1029 1214 1255 927 729 1256 1172 1167 326 1554 1367 612 1614 680 1463 1198 1299 1180 607 698 863 1587 387 1562 917 958 379 1434 1000 1557 947 810 794
9 1224 1328 758 1125 1199 1186 1268 1411 1334 1314 601 960 1140 1107 879 1129 1009 985 1200 280 792 829 1401 564 1209 544 506 770 733 948 913 78 672 1342 1126 1230 1125 957 493 1380 1212 1007 1345 449 796
10 1196 900 766 650 743 1133 1283 807 1305 449 886 1087 1102 1181 507 1412 687 1275 717 512 1147 1329 1393 927 710 1119 1392 1286 1328 972 887 1135 651 1277 589 746 834 977 1147 1212 1143 1413 572 366 1442
11 399 660 426 396 99 584 672 397 643 617 539 622 496 257 307 468 482 685 175 346 262 283 356 683 195 728 317 460 646 357 210 634 300 716 681 631 718 444 711 551 73 109 578 161 237
12 139 152 94 168 185 143 47 116 134 187 179 160 64 197 151 207 61 93 137 129 25 50 162 130 105 61 151 183 154 156 210 168 199 166 178 44 144 156 110 192 93 53 142 106 209
13 948 580 808 783 695 250 759 867 61 968 357 767 404 696 886 909 672 384 583 770 605 676 816 295 618 895 861 352 627 936 607 854 882 462 660 606 738 645 803 837 542 423 598 961 222
14 475 1460 1106 1473 1409 855 924 510 649 1047 329 862 1384 1146 1464 788 1436 1459 195 890 662 1303 827 535 1221 789 578 245 636 138 619 962 834 1009 1050 271 1172 1138 1201 747 1041 1116 268 1184 224
15 1198 1021 679 919 278 179 1002 793 1086 883 728 1145 601 1159 1279 462 786 1287 764 407 1252 1026 1259 788 712 885 596 1067 1170 826 1237 414 906 1005 1189 469 417 680 833 1278 711 332 250 1106 946
16 671 364 866 864 611 438 630 292 411 452 559 555 146 400 562 869 697 820 541 550 543 750 598 667 908 892 813 659 736 943 672 753 866 638 689 483 549 319 286 265 593 622 407 869 617
17 603 685 663 679 755 989 695 284 490 1031 539 938 308 845 804 367 739 703 239 818 890 629 786 697 719 742 1021 166 964 535 103 784 724 987 207 891 988 387 631 241 82 1013 930 504 311
18 528 1094 1171 619 1333 1086 1412 1272 773 965 1338 1254 594 145 1163 586 584 919 377 1300 949 313 865 1502 1357 1397 899 721 1480 1189 813 774 1196 1485 1051 718 712 1449 737 900 1169 1350 1041 803 1072
19 588 1302 711 831 1291 881 1074 655 1116 1117 1333 704 888 172 516 1188 1258 644 1146 989 612 1156 929 1244 341 1200 902 742 730 1207 666 1344 1325 367 569 1270 1268 1306 899 1172 1220 648 1177 932 1147
20 1378 1135 1358 1311 1520 569 1376 764 1452 1291 1393 1191 1130 1454 1105 1387 708 1038 1177 1149 1398 448 1004 1048 1047 1254 1400 1175 1380 940 1452 1466 127 509 1161 598 637 1199 997 827 1036 1512 530 1480 1524
21 1035 978 969 1408 1158 1063 1088 650 1259 1359 1098 638 804 1164 1199 811 978 1176 1083 429 958 1196 1033 404 844 1068 982 1193 1216 1334 1136 1411 934 1278 842 587 569 1160 1414 1278 243 1149 1240 714 1273
22 779 807 713 1551 1102 1225 1514 1371 656 1527 698 968 721 959 1531 205 1450 805 1540 1523 1443 773 514 502 342 763 1374 1194 1418 1321 1008 1433 590 405 1182 1480 955 1264 992 794 367 1446 978 390 636
23 676 486 1096 1408 779 1225 882 1023 1247 678 757 1439 1187 1011 910 632 461 824 961 585 1111 840 664 324 1248 1000 1278 391 801 580 804 776 763 538 1288 892 1051 394 1102 1421 470 1120 488 1293 1320
24 764 1439 638 1134 1502 908 995 629 838 1025 823 500 1168 1351 611 1199 1318 1267 476 579 1509 1193 973 1109 1085 850 942 1448 980 563 1019 1036 1283 997 1016 1358 1102 510 1063 1182 1096 1454 1335 723 1017
25 452 110 235 204 461 491 96 499 421 324 476 191 453 357 426 307 417 302 238 349 432 301 477 507 377 429 137 127 372 398 276 504 264 305 359 323 177 454 508 493 294 231 329 238 499
26 711 490 874 892 692 758 942 487 931 1177 819 891 984 1126 379 224 922 859 628 353 806 654 777 628 1131 1171 1183 1066 886 748 1220 282 415 683 924 471 995 1091 1056 397 889 989 1238 688 775
27 573 589 871 310 868 149 837 942 934 200 659 661 728 539 807 700 942 527 927 478 778 915 663 484 628 946 739 912 790 538 898 211 829 515 514 839 576 270 206 357 510 574 781 222 583
28 1107 1022 1068 1066 133 180 990 594 445 600 804 764 1062 340 806 905 747 951 870 527 677 219 950 462 353 737 354 1017 1010 1086 926 339 1013 1030 480 1118 590 646 999 524 220 716 549 638 1020
29 660 684 231 1032 1002 385 503 638 383 991 583 457 527 941 676 318 554 765 448 1038 940 725 964 624 235 943 604 1030 470 643 817 760 559 819 315 715 150 348 648 919 365 904 947 1027 711
30 492 487 238 474 566 466 168 341 222 559 288 160 286 539 331 525 514 571 547 424 502 196 500 214 161 173 284 394 402 365 341 375 421 534 448 502 572 531 189 470 536 190 564 382 556
;

param:   cost_bundl  marginal :=
1 158 36
2 64 65
3 169 207
4 202 197
5 88 118
6 208 67
7 34 42
8 193 94
9 76 128
10 22 23
11 191 153
12 53 187
13 81 131
14 122 164
15 155 165
16 24 207
17 176 28
18 112 197
19 185 138
20 55 201
21 106 174
22 167 128
23 72 207
24 175 179
25 39 127
26 179 176
27 157 203
28 65 40
29 191 136
30 168 163
31 210 196
32 185 209
33 111 139
34 206 145
35 160 177
36 207 157
37 147 105
38 152 69
39 202 139
40 152 128
41 69 183
42 152 199
43 98 155
44 206 114
45 95 181
;
param: buyer budget :=
  0 429
  1 621
  2 333
  3 1889
  4 2892
  5 2147
  6 877
  7 2999
  8 2214
  9 836
  10 1845
  11 2539
  12 2437
  13 65
  14 1347
  15 2016
  16 2282
  17 3210
  18 843
  19 181
  20 2065
  21 1190
  22 1619
  23 1963
  24 943
  25 1339
  26 2290
  27 1580
  28 3023
  29 745
;
param num_partition :=
3
;
param: item partition_index cardinality :=
0 0 14
1 0 25
2 0 9
3 0 5
4 0 27
5 0 2
6 0 13
7 0 14
8 0 20
9 0 1
10 0 2
11 0 9
12 0 11
13 0 4
14 0 21
15 0 11
16 0 2
17 0 6
18 0 22
19 0 22
20 0 4
21 0 4
22 0 18
23 0 23
24 0 20
25 0 22
26 0 1
27 0 19
28 0 1
29 0 21
30 0 1
31 0 27
32 0 3
33 0 26
34 0 14
35 0 2
36 0 14
37 0 1
38 0 2
39 1 29
40 1 1
41 1 18
42 1 27
43 1 24
44 1 7
