param num_bundles := 45;

param num_cust := 30;

param price_reserve :
   1 2 3 4 5 6 7 8 9 10 11 12 13 14 15 16 17 18 19 20 21 22 23 24 25 26 27 28 29 30 31 32 33 34 35 36 37 38 39 40 41 42 43 44 45 :=
1 1394 1234 1398 374 1320 1474 539 685 1042 1129 1064 1214 692 1096 1261 1297 1349 861 1430 955 875 875 753 1046 1438 1461 1285 810 1483 1119 976 1300 1069 978 1285 1004 1411 1289 1061 1055 277 972 1420 519 879
2 176 884 733 960 705 979 656 737 853 742 723 569 452 700 374 895 260 968 928 865 458 276 959 919 436 777 899 690 826 988 291 439 536 441 452 547 675 999 897 622 293 77 392 888 528
3 1080 1142 941 774 659 1341 1291 857 906 952 1019 1267 809 221 387 977 1002 1231 847 792 220 680 1197 823 1104 795 1059 807 1150 740 1252 1095 635 524 808 1040 880 770 1228 1014 591 1189 574 829 1172
4 1299 1194 409 936 1148 695 1374 1284 981 1050 1122 757 825 1361 1357 1369 1116 615 1093 443 940 1305 261 80 405 1240 1142 540 1243 935 980 1303 1364 1211 1020 1148 139 1384 1276 1288 833 374 737 905 1215
5 473 883 865 867 809 805 747 343 574 604 744 965 610 766 788 405 718 536 180 856 847 896 650 257 625 962 230 878 712 911 667 829 716 288 275 521 948 474 74 678 945 703 901 891 437
6 975 557 1023 420 1128 779 338 1061 1233 690 1026 1112 499 698 951 160 409 1291 588 740 455 476 1046 1138 708 425 393 1125 1343 1187 1384 453 1077 1060 630 1364 1161 556 1332 987 1161 799 1276 1249 500
7 735 766 455 706 890 808 1271 344 1000 648 992 835 243 839 791 398 528 540 884 1272 1019 922 817 883 1106 427 1223 966 1167 1058 759 845 245 976 1280 1091 956 1184 876 752 566 1161 522 1008 1258
8 524 574 551 709 615 731 341 803 500 27 782 635 722 802 797 614 217 297 243 290 499 494 718 394 635 773 272 184 778 384 767 633 678 145 271 657 587 192 752 664 713 592 170 766 801
9 1173 461 882 486 1143 1283 667 1040 1157 972 1104 1022 80 810 879 772 386 1281 1280 800 967 438 83 593 515 138 973 370 1196 802 1214 299 1185 984 485 1286 888 785 725 206 858 821 1045 514 1055
10 468 1068 494 576 436 1042 1160 1154 544 348 656 349 434 1183 611 1115 966 865 1170 1095 870 470 932 1086 380 584 973 705 1081 422 1040 913 142 855 518 840 919 785 943 475 1160 925 295 539 599
11 622 689 661 300 345 473 694 88 714 194 231 635 442 200 551 567 340 585 344 329 514 310 173 613 85 439 394 564 272 727 239 660 701 346 320 544 423 509 577 353 581 585 534 475 212
12 935 1283 332 1166 1182 699 736 1470 1345 1236 534 525 1437 915 1505 1308 607 751 1342 1314 1536 690 1220 1270 645 1364 1475 1439 330 844 1491 1536 994 872 1510 1515 802 1225 1058 1081 1391 1109 1350 1106 1272
13 149 265 209 356 415 195 141 352 211 246 224 69 397 346 228 304 125 123 300 389 73 395 349 135 220 315 232 330 114 175 321 226 396 146 296 405 369 374 391 414 251 293 372 330 363
14 582 681 698 986 498 1155 979 748 1030 1062 1061 1027 511 684 1106 677 1085 970 1195 985 603 651 1004 1106 474 1057 593 775 1146 1059 934 845 494 1146 569 936 627 1047 746 648 1145 733 820 286 899
15 1052 181 1139 708 494 789 557 906 864 1133 972 861 858 990 896 911 1084 243 400 909 836 1190 781 836 545 741 1189 490 742 1101 1109 1178 1125 978 1261 338 753 450 417 1131 848 959 554 651 1056
16 829 1027 1436 1124 1449 1470 1106 915 1606 1567 785 864 1186 1086 287 1077 1025 1535 457 880 1425 1004 880 678 1295 1080 634 720 1344 1525 588 1117 343 1189 1512 1259 764 583 1547 475 1551 419 690 1493 841
17 311 800 592 508 874 879 1112 993 310 560 1011 1102 509 1043 468 68 84 1002 517 629 93 341 462 191 754 939 1076 1067 752 844 850 768 810 711 918 344 1103 956 1036 661 631 1018 570 900 1002
18 433 529 923 1022 979 819 422 503 448 735 332 216 996 443 951 124 1043 1060 889 815 513 793 557 694 350 708 254 436 556 898 439 600 871 926 774 171 1055 442 287 796 285 1007 921 878 1038
19 76 77 177 190 33 139 207 74 169 36 71 121 190 181 183 97 143 163 22 58 155 57 170 153 77 137 194 83 201 133 103 148 209 80 64 181 164 67 205 150 146 167 136 103 42
20 686 796 855 119 700 465 266 93 853 573 570 809 490 151 376 201 779 836 654 413 201 58 296 826 875 689 557 530 164 459 658 586 638 808 617 809 547 78 624 587 767 540 754 785 868
21 1257 1111 1248 89 1017 1283 721 928 1304 380 400 869 1118 478 656 345 599 330 1275 551 796 1061 1010 924 959 696 528 690 257 262 1117 1286 1116 721 1079 1254 1116 844 397 1003 1047 518 728 1112 595
22 484 507 414 514 565 104 86 566 660 516 548 660 435 402 198 505 482 671 651 390 69 350 680 498 397 263 511 235 668 587 378 296 630 540 130 364 618 319 446 381 88 219 427 678 609
23 317 375 672 547 427 657 612 423 590 534 296 534 559 141 234 582 187 557 463 444 474 572 131 567 400 625 349 229 515 636 624 569 383 232 686 577 570 678 670 656 599 605 385 487 211
24 920 1219 1227 941 972 192 1079 966 1150 1138 1108 835 1194 896 1037 599 1027 189 900 722 619 805 594 159 954 591 745 1160 627 200 581 18 584 902 1239 787 1063 672 1100 544 766 365 924 1089 1167
25 783 562 371 521 634 504 703 993 767 813 784 776 836 913 1027 960 873 945 943 803 1004 597 526 204 566 507 777 761 871 1038 884 947 632 786 674 776 670 405 281 989 1046 811 840 857 858
26 383 928 238 970 682 498 477 772 655 279 969 914 767 816 772 869 480 527 870 515 1060 606 413 841 1039 1046 1045 695 549 1082 263 728 679 675 225 948 944 586 770 1019 939 645 796 884 1069
27 1045 215 605 1171 865 1029 89 1122 1205 880 629 1136 381 772 1079 1076 1191 979 896 627 1059 567 1052 857 394 349 1160 234 719 932 830 844 1121 505 550 875 733 1194 590 1028 1150 481 458 1017 1079
28 843 609 790 1197 1289 982 755 1378 1360 1411 1319 485 189 1331 547 422 1342 1393 1373 462 1253 1315 1348 506 1096 1025 1225 595 1200 685 1339 590 794 1154 357 1128 404 1344 336 1175 939 794 540 1160 681
29 172 175 170 192 207 54 110 29 112 192 115 166 166 192 165 161 200 209 170 205 206 204 109 57 199 200 177 179 159 118 204 211 135 33 166 100 152 165 123 197 197 83 184 150 188
30 491 654 63 703 690 661 770 111 467 692 541 533 240 459 451 461 133 558 694 223 733 457 514 664 424 531 753 603 632 757 674 453 555 594 298 576 335 744 499 317 760 465 660 371 102
;

param:   cost_bundl  marginal :=
1 179 82
2 70 76
3 45 170
4 181 133
5 136 152
6 72 175
7 168 60
8 158 107
9 146 139
10 178 68
11 140 189
12 34 96
13 74 65
14 204 64
15 191 78
16 180 162
17 132 40
18 203 150
19 183 198
20 199 114
21 208 95
22 107 119
23 71 203
24 183 125
25 177 203
26 158 150
27 174 165
28 45 101
29 95 96
30 189 194
31 153 151
32 42 207
33 156 183
34 70 200
35 156 200
36 62 197
37 191 111
38 175 123
39 169 194
40 209 80
41 202 83
42 189 94
43 158 57
44 164 177
45 135 202
;
param: buyer budget :=
  0 306
  1 1552
  2 1976
  3 433
  4 2864
  5 1377
  6 877
  7 2954
  8 916
  9 2133
  10 3149
  11 951
  12 1140
  13 1259
  14 522
  15 3012
  16 2498
  17 1628
  18 928
  19 565
  20 1403
  21 2981
  22 216
  23 1449
  24 2225
  25 576
  26 487
  27 129
  28 1860
  29 1706
;
param num_partition :=
3
;
param: item partition_index cardinality :=
0 0 23
1 0 24
2 0 25
3 0 17
4 0 21
5 0 5
6 0 16
7 0 3
8 0 5
9 0 25
10 0 27
11 0 18
12 0 3
13 0 19
14 0 13
15 0 29
16 1 3
17 1 20
18 1 1
19 1 17
20 1 27
21 1 12
22 1 11
23 1 24
24 1 18
25 1 22
26 1 22
27 1 5
28 1 2
29 1 23
30 1 8
31 1 4
32 1 27
33 1 22
34 1 23
35 1 26
36 1 13
37 1 12
38 1 5
39 1 27
40 1 24
41 1 7
42 1 10
43 1 6
44 1 14
