param num_bundles := 45;

param num_cust := 30;

param price_reserve :
   1 2 3 4 5 6 7 8 9 10 11 12 13 14 15 16 17 18 19 20 21 22 23 24 25 26 27 28 29 30 31 32 33 34 35 36 37 38 39 40 41 42 43 44 45 :=
1 1085 377 932 1276 1011 1310 458 856 1281 1366 594 1077 967 698 1337 244 847 1158 792 1356 436 1021 381 675 1363 425 1326 802 146 773 1366 1067 723 1304 903 1207 654 834 1323 923 1083 1189 773 591 1266
2 543 585 454 86 439 130 320 300 316 557 587 85 674 362 605 638 416 200 504 361 595 530 648 103 458 369 581 617 298 496 542 547 593 550 649 578 170 540 301 592 601 353 659 475 556
3 648 536 597 557 649 342 726 738 717 580 729 647 256 607 596 714 226 473 454 483 376 666 720 301 658 597 727 710 470 541 748 729 537 352 480 452 34 474 625 162 281 306 444 621 386
4 1483 267 1200 581 184 869 1296 1472 1002 1258 1456 1389 914 239 410 1385 1413 1039 769 891 922 1357 1453 1502 50 645 1318 924 1459 1187 1481 1014 1382 736 749 198 1379 1299 1314 966 1291 954 1251 1492 957
5 1188 1240 1386 1014 1261 1409 1423 1400 1080 1017 1197 1175 1117 1133 1377 1018 1252 1318 683 1366 1338 1429 1051 913 1290 1294 445 972 820 613 1057 839 1425 965 1057 450 413 559 1426 866 742 665 1254 836 1220
6 717 758 793 1309 733 381 1152 726 1392 992 738 1241 1127 899 752 1128 720 1003 1077 1373 1258 1420 1400 940 1488 1237 109 979 786 1323 1406 1325 1244 1255 819 1470 1344 580 361 862 1369 918 1254 306 1191
7 427 701 688 94 703 766 321 418 309 336 319 243 345 452 769 76 621 408 348 643 599 17 429 238 591 628 359 535 478 380 625 622 341 700 198 373 427 583 443 680 260 730 521 582 295
8 35 97 201 111 189 147 173 179 102 203 190 59 105 202 197 150 210 98 133 118 168 180 195 174 172 191 84 111 117 190 24 154 168 111 172 167 75 83 187 159 29 192 166 209 199
9 385 480 473 676 495 544 787 568 198 660 705 598 720 741 742 600 429 781 833 669 822 537 417 845 181 698 757 455 594 725 782 334 283 800 318 623 45 613 821 558 666 746 585 544 349
10 1374 541 945 901 1055 651 1108 1025 208 1369 1343 1509 1458 1248 1368 1223 1345 1209 510 309 1076 1351 1096 229 1320 1288 1370 1367 799 1374 1450 1348 731 532 1191 1439 1451 968 1315 856 1080 1214 1260 729 529
11 682 142 622 609 391 908 697 270 232 772 684 879 843 561 701 598 364 841 610 537 850 439 741 279 909 817 342 219 446 843 775 630 747 691 688 798 527 746 915 519 310 846 316 417 607
12 1278 1343 597 571 1015 1291 1424 1503 558 925 1120 1218 1014 916 1476 1384 743 851 998 1458 1306 746 717 1278 1053 1433 822 572 1568 786 626 487 508 1211 980 438 1119 1464 838 818 1037 711 934 1322 1302
13 952 1001 817 801 695 510 259 757 463 293 617 820 784 860 724 880 518 337 375 718 957 666 970 852 384 619 1033 578 976 907 987 970 1021 673 445 684 352 1035 980 1027 353 986 593 490 599
14 778 117 697 887 692 964 618 650 722 769 708 851 980 1020 943 390 833 374 889 487 547 454 442 147 222 476 453 997 504 909 875 839 315 448 834 929 963 677 397 1012 744 535 250 578 663
15 854 482 132 335 606 151 788 945 187 844 386 762 621 674 902 799 936 917 924 929 418 942 704 667 231 888 382 20 874 934 726 507 855 317 212 243 578 671 380 552 499 463 970 566 793
16 205 404 569 356 669 548 546 151 469 657 604 636 291 351 144 685 541 547 607 212 127 466 653 590 381 486 525 349 567 605 593 534 641 205 494 289 521 352 595 595 524 458 407 571 441
17 857 840 667 484 419 827 846 911 889 925 718 536 670 561 812 864 650 545 860 384 860 686 913 783 810 852 852 923 930 819 681 893 687 885 646 892 302 680 406 945 789 172 716 245 565
18 1349 1136 1195 855 878 1111 1363 1105 907 632 427 451 1059 1248 1073 891 731 1148 1365 1388 1260 1464 306 764 1204 984 778 589 969 1016 1518 1399 1486 1523 949 678 799 445 1413 940 1467 876 1295 852 1153
19 249 173 595 547 1193 1056 634 1093 1008 1256 592 1311 843 268 1021 598 1060 1282 1260 866 1061 946 208 250 117 1169 778 1157 1072 1202 632 456 883 690 459 1281 856 921 395 652 895 923 549 1282 270
20 663 516 400 453 664 708 248 605 628 294 145 578 707 785 801 769 671 98 614 525 299 623 560 656 407 618 739 214 266 458 742 805 244 142 692 749 552 569 104 306 541 188 770 759 778
21 1068 788 1264 298 973 543 1082 540 992 931 1019 905 656 554 273 1044 989 1182 801 1265 1092 1064 912 548 772 498 956 448 773 1010 814 1149 233 1165 1181 296 1106 312 1140 132 1061 867 150 588 935
22 746 804 691 757 604 994 1050 1058 443 1011 728 607 407 724 1001 894 773 88 483 94 337 1030 690 781 873 587 741 994 1011 572 967 827 243 617 973 576 493 754 886 824 843 900 816 530 1019
23 531 1096 1163 725 418 951 888 1076 764 743 482 369 1040 729 571 467 687 605 143 621 636 865 905 248 762 786 1090 871 453 702 1108 1130 993 1067 642 1143 1199 842 427 1172 844 690 107 1015 146
24 1190 1062 1011 1472 377 738 1076 913 1290 663 659 755 389 805 1169 562 1379 1451 791 1181 413 1452 1326 669 497 1527 717 1284 905 1481 919 712 1478 1374 476 1019 1478 624 1276 718 570 1446 1413 757 977
25 1385 1014 1353 1315 1508 1248 1311 437 1114 1001 1122 796 1086 1231 1282 698 1484 1462 1343 1436 1473 1340 1443 1382 1481 1129 1009 590 1404 1085 1120 1447 1027 1189 1420 1532 1232 976 1261 1248 379 1414 847 950 1315
26 801 846 1303 615 1224 963 1421 945 765 749 1302 1229 1197 797 978 1305 835 1415 1436 450 1042 769 1096 1341 926 930 833 1109 1116 867 449 1285 1120 1215 968 1176 948 1399 1188 1390 1068 1437 825 1285 1193
27 937 813 827 839 1186 1167 1028 1201 1083 940 219 1071 632 355 316 1145 1218 968 905 1194 1025 1074 1173 578 581 606 744 447 917 872 807 694 520 1226 1080 449 75 606 803 512 317 604 404 474 630
28 712 227 736 442 691 65 628 560 643 355 522 647 677 340 703 594 315 707 716 703 246 803 79 724 222 670 683 214 729 406 266 510 776 567 755 319 543 702 793 429 556 318 651 604 537
29 172 124 110 175 54 97 181 132 88 107 181 116 126 165 160 201 126 108 62 78 57 208 202 189 95 196 147 203 168 146 53 122 209 34 164 176 200 141 185 205 152 163 202 118 186
30 444 528 317 623 616 633 750 778 275 596 652 817 774 752 132 482 728 581 751 345 393 543 527 745 373 525 688 673 202 523 476 175 664 806 745 619 150 215 428 250 484 383 609 755 748
;

param:   cost_bundl  marginal :=
1 28 116
2 127 100
3 176 113
4 157 29
5 39 191
6 75 11
7 124 184
8 173 212
9 201 98
10 155 156
11 152 200
12 128 55
13 200 143
14 111 156
15 144 75
16 191 170
17 114 159
18 53 147
19 186 89
20 117 39
21 211 180
22 186 183
23 204 179
24 151 118
25 194 121
26 199 67
27 76 148
28 208 90
29 166 206
30 98 165
31 150 188
32 115 131
33 106 161
34 178 180
35 202 194
36 206 144
37 142 151
38 136 113
39 122 145
40 158 124
41 157 134
42 140 157
43 201 138
44 180 184
45 124 193
;
param: buyer budget :=
  0 2183
  1 289
  2 377
  3 1817
  4 248
  5 396
  6 393
  7 1046
  8 510
  9 856
  10 1474
  11 576
  12 1396
  13 1748
  14 2545
  15 1323
  16 313
  17 882
  18 1343
  19 1223
  20 2854
  21 2450
  22 1032
  23 381
  24 580
  25 1669
  26 976
  27 2579
  28 197
  29 1057
;
param num_partition :=
3
;
param: item partition_index cardinality :=
0 0 2
1 0 25
2 0 25
3 0 27
4 0 17
5 0 18
6 0 11
7 0 2
8 0 3
9 0 19
10 0 10
11 0 8
12 0 22
13 0 7
14 0 4
15 0 24
16 0 25
17 0 1
18 0 5
19 0 18
20 0 20
21 0 23
22 0 19
23 0 9
24 0 23
25 0 10
26 0 24
27 0 28
28 0 2
29 0 4
30 0 11
31 0 19
32 1 1
33 1 24
34 1 13
35 1 1
36 1 27
37 1 11
38 1 24
39 1 14
40 1 13
41 1 19
42 1 4
43 1 10
44 1 7
