param num_bundles := 45;

param num_cust := 30;

param price_reserve :
   1 2 3 4 5 6 7 8 9 10 11 12 13 14 15 16 17 18 19 20 21 22 23 24 25 26 27 28 29 30 31 32 33 34 35 36 37 38 39 40 41 42 43 44 45 :=
1 1081 1378 595 928 151 1393 1114 1180 1299 1310 350 371 1296 728 1250 1368 1348 1137 328 1062 762 698 718 702 1363 1120 1225 1390 1178 1264 1174 694 1392 659 1265 677 773 1261 1209 865 1184 1104 1143 1188 1411
2 1315 1105 195 478 1102 398 1049 492 1383 1203 1014 757 643 1446 1093 1447 960 809 1204 1199 1046 780 873 1053 105 1255 331 1009 1132 1300 1019 929 923 1101 816 1389 1266 1277 878 604 1187 645 1409 992 681
3 800 548 341 752 600 815 763 787 755 338 773 164 851 824 740 211 608 417 658 198 679 606 586 356 580 448 308 613 619 624 822 265 351 584 850 508 876 628 465 767 769 743 650 555 489
4 1226 1331 1094 1401 1380 294 1440 303 734 1206 555 1211 698 849 1084 167 1498 639 433 1480 1210 1205 303 1261 1202 964 1340 1395 980 1119 620 1063 1087 883 1419 483 1453 1383 668 1276 1148 753 298 1440 1244
5 172 153 109 198 69 133 142 205 139 180 153 43 81 164 211 75 121 96 145 158 116 152 170 152 104 78 142 18 194 73 131 177 177 180 42 89 101 194 26 209 95 189 131 188 141
6 826 1124 600 538 829 866 688 1292 415 975 367 434 259 1122 190 1296 506 683 939 583 641 1057 744 495 1152 1088 533 651 1266 513 1274 736 753 1111 862 1177 1083 744 1033 312 231 294 704 1291 1264
7 909 816 568 714 390 844 332 253 733 281 659 640 771 392 373 601 769 754 825 613 645 813 647 0 456 768 187 686 656 456 797 648 353 865 296 501 939 343 447 262 478 738 856 879 574
8 718 311 1231 945 782 572 525 342 909 1430 1445 1232 903 929 1422 1428 1071 343 1453 836 1387 1264 1062 1472 1440 1531 1433 1162 1468 636 1537 952 1289 1215 1217 1294 1226 760 1387 1209 1143 1267 1334 515 1014
9 727 874 484 818 494 407 1047 649 1070 1126 477 859 484 818 1128 1096 1046 904 462 146 771 261 994 936 808 1065 485 1133 451 790 473 1051 1102 567 993 691 659 1103 1062 1084 848 599 1081 1007 1030
10 999 1483 1385 1434 1043 1557 1289 133 1210 911 992 1577 1564 1512 1310 1071 1214 1168 570 1196 119 1060 1089 712 1422 593 1447 959 689 831 912 628 1183 1566 1546 1326 1225 1160 1463 1336 1048 347 989 1048 490
11 1256 746 1028 950 925 429 455 999 1325 140 1042 740 328 819 368 673 1252 1265 901 867 1236 1178 399 101 491 627 1167 920 269 1059 705 997 612 1163 384 1327 735 761 910 1248 1211 475 304 1257 1192
12 438 1256 1244 451 776 983 1166 712 901 1331 802 282 964 699 1248 1020 1361 798 1394 702 460 1406 797 652 1236 1072 1060 566 380 465 1379 570 814 848 1091 1162 1221 379 217 1283 568 1207 1318 502 1062
13 1442 1188 1454 1561 1498 1404 631 1280 1071 1543 1217 1201 1186 683 1025 1290 1222 1078 694 168 1521 487 1513 1429 984 1338 549 1015 1342 835 867 703 1526 1100 1199 1148 719 1332 1360 841 954 820 1532 1551 1451
14 693 811 1094 303 801 885 1041 869 1066 915 561 1044 1030 908 830 616 869 401 773 945 902 1031 974 1008 602 502 661 404 413 350 1068 939 971 795 1000 655 1005 686 845 278 394 1082 913 1096 516
15 739 836 949 877 694 708 670 568 885 675 398 937 473 195 525 829 691 924 899 836 863 500 933 819 564 753 716 835 192 646 561 556 962 813 811 662 522 761 604 840 952 919 797 475 411
16 596 456 728 621 819 766 713 540 877 787 772 513 892 647 292 565 722 316 644 908 236 597 314 609 454 578 598 711 830 398 834 596 608 325 96 378 777 652 423 545 691 653 444 714 671
17 726 1235 1207 1195 677 1294 1086 854 1109 1491 1591 1428 1453 848 1126 1073 763 1590 767 393 1176 446 1589 1104 1567 1203 1304 1324 1532 1421 783 1416 436 1271 1191 1273 927 1468 1245 1075 618 478 1507 1286 442
18 818 652 1006 1012 1001 902 953 1053 658 525 801 619 662 771 977 206 642 530 814 659 702 948 529 388 980 985 881 831 1058 555 618 955 913 589 323 377 1044 956 886 266 859 1030 1042 942 588
19 955 906 676 1054 1126 997 730 641 818 821 627 1125 1065 902 600 1059 389 850 1082 936 116 1144 278 1046 686 470 703 952 919 874 497 788 1026 1021 692 1159 880 1091 682 729 451 1050 894 689 840
20 169 160 184 91 79 143 198 177 123 99 65 102 141 117 176 109 139 161 141 95 79 56 194 110 201 164 108 103 143 168 95 191 124 141 143 81 76 55 51 44 115 118 152 195 185
21 256 617 467 344 630 589 532 564 193 551 471 383 444 266 564 107 606 633 337 548 346 609 434 594 477 360 428 269 633 166 376 545 379 635 541 403 521 514 141 240 286 398 583 518 539
22 792 785 1098 317 1103 604 635 501 952 144 1040 760 1112 360 315 824 675 644 870 585 570 903 1030 495 229 813 763 410 1066 669 668 577 1045 541 953 463 520 561 686 800 624 953 877 700 778
23 279 399 618 559 660 158 433 482 235 329 633 254 623 599 575 417 433 615 465 661 681 475 113 494 374 522 400 636 363 248 377 227 674 431 397 546 243 489 283 121 381 507 311 355 132
24 91 1317 1279 473 1435 647 929 1416 594 1050 1052 1110 560 1039 1169 981 396 744 636 713 1264 851 1317 1388 1240 1268 1091 1048 1433 797 1171 231 326 1322 520 1188 1153 802 1334 1283 560 1248 1060 1439 940
25 658 665 800 398 749 842 768 730 264 336 620 835 639 601 402 491 814 511 688 579 823 353 440 578 553 768 792 643 712 92 415 797 607 564 759 601 637 182 600 559 174 679 183 314 537
26 661 531 528 468 685 540 362 309 624 554 479 281 465 766 505 403 512 184 414 313 633 494 418 367 762 563 673 504 666 767 673 697 375 497 187 556 434 251 704 536 645 389 726 693 665
27 1002 626 763 1119 947 1199 1073 1182 950 1132 1061 56 1022 1040 921 879 156 734 201 485 1086 917 1067 1045 986 385 718 960 967 519 841 910 944 1181 1057 1088 842 543 296 618 286 1007 808 1202 817
28 221 1296 1444 1317 777 1333 1338 1099 376 724 1011 1028 689 1246 977 1173 818 1028 405 758 1437 1369 522 1004 1359 1092 973 1060 1009 1151 1300 1184 1251 1213 219 1335 362 1388 1320 442 1046 790 1474 1380 937
29 453 622 286 230 761 772 463 452 269 429 491 566 733 390 133 263 694 447 764 322 749 216 581 741 138 248 686 572 556 562 144 699 502 761 523 370 529 638 107 250 525 492 418 310 762
30 853 759 887 897 692 768 596 399 833 748 807 962 340 948 582 388 758 815 556 879 898 565 832 71 717 617 316 849 154 946 433 474 402 606 352 920 962 775 72 432 448 583 695 917 786
;

param:   cost_bundl  marginal :=
1 199 102
2 209 42
3 189 151
4 179 53
5 173 86
6 208 101
7 141 208
8 84 83
9 134 111
10 154 195
11 159 207
12 142 162
13 114 167
14 90 149
15 168 61
16 159 116
17 147 14
18 125 117
19 143 128
20 175 210
21 158 200
22 194 131
23 125 101
24 144 195
25 132 74
26 160 178
27 87 206
28 95 211
29 178 172
30 210 189
31 106 138
32 58 111
33 151 169
34 169 85
35 127 135
36 171 172
37 111 135
38 193 170
39 195 103
40 180 88
41 203 181
42 195 41
43 121 211
44 210 81
45 190 159
;
param: buyer budget :=
  0 1685
  1 1284
  2 2257
  3 2761
  4 2113
  5 615
  6 3002
  7 2092
  8 3143
  9 1594
  10 297
  11 1302
  12 587
  13 1001
  14 1592
  15 1517
  16 302
  17 2541
  18 1989
  19 329
  20 3169
  21 2458
  22 2140
  23 412
  24 2554
  25 270
  26 1592
  27 477
  28 2122
  29 2801
;
param num_partition :=
3
;
param: item partition_index cardinality :=
0 0 10
1 0 6
2 0 15
3 0 22
4 0 18
5 0 19
6 0 27
7 0 8
8 0 12
9 0 9
10 0 8
11 0 27
12 1 25
13 1 18
14 1 14
15 1 26
16 1 22
17 1 19
18 1 1
19 1 4
20 1 1
21 1 7
22 1 13
23 1 11
24 1 20
25 1 3
26 1 24
27 1 8
28 1 5
29 1 9
30 1 17
31 1 26
32 1 6
33 1 13
34 1 14
35 1 24
36 1 11
37 1 20
38 1 9
39 1 17
40 1 18
41 1 20
42 1 25
43 1 11
44 1 10
