param num_bundles := 15;

param num_cust := 10;

param price_reserve :
   1 2 3 4 5 6 7 8 9 10 11 12 13 14 15 :=
1 417 351 318 430 369 242 517 462 506 512 522 463 329 313 416
2 436 211 259 366 375 483 497 299 524 350 305 347 473 313 399
3 82 120 99 74 115 86 110 39 80 47 37 58 116 102 67
4 206 488 292 219 96 167 462 258 506 239 435 192 433 240 319
5 479 460 282 339 427 378 243 261 271 384 332 313 325 174 281
6 380 506 449 394 222 125 300 372 553 539 305 513 419 532 248
7 511 153 360 329 430 319 313 353 242 376 424 422 496 376 535
8 143 129 208 252 286 266 211 180 246 150 252 254 228 204 271
9 489 184 377 521 399 441 492 332 265 270 216 446 469 425 373
10 230 340 292 324 438 392 367 382 384 296 344 413 385 355 269
;

param:   cost_bundl  marginal :=
1 88 23
2 62 118
3 110 95
4 104 115
5 69 100
6 81 34
7 110 59
8 56 34
9 108 106
10 81 121
11 63 80
12 40 113
13 78 103
14 102 82
15 102 110
;
param: buyer budget :=
  0 330
  1 398
  2 155
  3 159
  4 278
  5 224
  6 147
  7 235
  8 61
  9 151
;
param num_partition :=
2
;
param: item partition_index cardinality :=
0 0 3
1 0 7
2 0 6
3 0 8
4 0 6
5 0 7
6 0 4
7 0 7
8 0 1
9 0 2
10 0 8
11 0 1
12 0 3
13 0 7
14 0 2
