param num_bundles := 15;

param num_cust := 10;

param price_reserve :
   1 2 3 4 5 6 7 8 9 10 11 12 13 14 15 :=
1 239 324 444 300 303 338 266 427 436 468 113 411 397 100 356
2 124 147 325 354 363 368 327 393 70 462 133 52 381 525 444
3 299 448 365 143 432 482 389 311 330 397 55 207 429 282 353
4 311 181 153 155 124 115 231 118 308 232 293 255 128 305 97
5 395 204 332 482 480 405 283 466 531 448 261 432 451 121 432
6 362 335 299 95 242 272 298 271 122 316 356 324 303 365 157
7 555 550 491 557 332 420 515 551 65 408 532 325 466 174 306
8 114 112 93 89 95 116 91 103 57 104 100 110 75 90 98
9 267 264 181 151 147 43 129 246 166 46 188 183 165 284 213
10 75 143 247 176 256 82 100 188 150 132 259 237 152 157 155
;

param:   cost_bundl  marginal :=
1 111 87
2 55 56
3 37 101
4 75 93
5 102 32
6 40 63
7 33 23
8 74 59
9 103 93
10 108 36
11 99 65
12 99 74
13 94 45
14 82 82
15 45 34
;
param: buyer budget :=
  0 177
  1 328
  2 443
  3 246
  4 121
  5 538
  6 221
  7 364
  8 130
  9 437
;
param num_partition :=
2
;
param: item partition_index cardinality :=
0 0 4
1 0 8
2 0 4
3 0 4
4 0 1
5 0 3
6 0 8
7 0 9
8 0 2
9 0 9
10 0 3
11 0 7
12 0 8
13 0 9
14 0 7
