param num_bundles := 15;

param num_cust := 10;

param price_reserve :
   1 2 3 4 5 6 7 8 9 10 11 12 13 14 15 :=
1 280 251 291 264 286 258 259 327 301 146 260 207 131 230 232
2 91 34 106 67 112 90 62 24 114 94 87 46 119 113 118
3 209 469 397 515 466 287 283 374 229 206 269 369 150 420 526
4 295 222 354 215 195 36 219 299 198 246 75 272 293 315 183
5 50 72 41 106 57 106 87 28 97 65 81 121 76 59 71
6 230 236 204 287 74 236 195 164 170 277 195 268 257 174 117
7 461 218 180 267 398 119 451 299 373 219 211 365 410 314 139
8 71 118 121 83 85 86 92 115 51 101 23 78 73 100 100
9 39 231 329 481 101 123 505 231 388 250 269 93 275 183 504
10 459 546 102 389 351 352 146 279 412 495 453 520 374 162 324
;

param:   cost_bundl  marginal :=
1 49 59
2 73 91
3 108 112
4 28 84
5 91 92
6 45 96
7 114 96
8 76 59
9 17 117
10 64 100
11 96 70
12 94 89
13 42 54
14 103 93
15 31 67
;
param: buyer budget :=
  0 151
  1 291
  2 131
  3 396
  4 378
  5 374
  6 111
  7 352
  8 260
  9 32
;
param num_partition :=
2
;
param: item partition_index cardinality :=
0 0 8
1 0 7
2 0 5
3 0 9
4 0 8
5 0 3
6 0 1
7 0 2
8 0 8
9 0 6
10 0 6
11 0 3
12 0 3
13 0 6
14 0 9
