param num_bundles := 15;

param num_cust := 10;

param price_reserve :
   1 2 3 4 5 6 7 8 9 10 11 12 13 14 15 :=
1 496 437 231 366 181 394 397 281 193 375 448 36 521 244 405
2 388 212 400 514 152 478 215 118 503 304 506 361 437 398 332
3 84 122 85 62 50 113 94 78 8 111 81 106 116 118 109
4 389 245 297 354 404 241 312 310 332 349 412 18 46 418 412
5 329 530 526 300 227 267 297 504 402 479 337 381 471 343 193
6 347 291 461 307 433 464 454 509 454 296 478 497 263 450 426
7 218 198 198 168 197 173 107 183 79 154 223 183 154 172 234
8 318 440 425 331 443 231 179 434 438 262 313 81 402 442 376
9 373 63 307 345 181 336 263 362 242 364 340 166 360 237 77
10 214 77 199 147 184 0 152 145 82 181 174 207 216 215 223
;

param:   cost_bundl  marginal :=
1 58 89
2 88 77
3 76 101
4 88 16
5 120 92
6 58 30
7 73 64
8 88 87
9 120 103
10 44 104
11 61 99
12 111 94
13 49 103
14 65 89
15 112 92
;
param: buyer budget :=
  0 360
  1 385
  2 228
  3 175
  4 480
  5 19
  6 330
  7 299
  8 28
  9 450
;
param num_partition :=
2
;
param: item partition_index cardinality :=
0 0 2
1 0 8
2 0 9
3 0 7
4 0 5
5 0 4
6 0 8
7 0 2
8 0 7
9 0 6
10 0 7
11 0 1
12 0 6
13 0 6
14 0 6
