param num_bundles := 15;

param num_cust := 10;

param price_reserve :
   1 2 3 4 5 6 7 8 9 10 11 12 13 14 15 :=
1 220 370 361 381 213 405 317 212 359 163 398 338 345 281 306
2 443 249 420 407 414 252 148 374 87 111 406 342 106 330 444
3 183 8 102 203 186 275 118 160 106 297 330 136 185 290 145
4 340 436 388 425 275 270 393 267 414 226 126 82 389 419 407
5 216 181 179 117 210 180 195 158 208 181 164 187 136 162 94
6 425 470 263 525 465 526 105 61 283 508 93 306 152 356 418
7 195 230 273 157 156 215 63 34 290 244 263 168 290 266 201
8 317 276 308 230 207 323 89 165 367 157 253 312 381 335 181
9 262 58 245 202 272 34 73 165 95 249 103 277 116 256 259
10 288 52 17 201 143 273 281 214 264 290 241 185 59 282 216
;

param:   cost_bundl  marginal :=
1 90 101
2 117 58
3 110 93
4 78 89
5 80 54
6 77 91
7 112 36
8 72 47
9 77 42
10 23 68
11 62 92
12 92 47
13 64 56
14 87 59
15 88 113
;
param: buyer budget :=
  0 475
  1 207
  2 283
  3 368
  4 469
  5 393
  6 21
  7 380
  8 195
  9 174
;
param num_partition :=
2
;
param: item partition_index cardinality :=
0 0 5
1 0 5
2 0 6
3 0 9
4 0 9
5 0 3
6 0 6
7 0 8
8 0 7
9 0 9
10 0 2
11 0 7
12 0 1
13 0 8
14 0 1
