param num_bundles := 15;

param num_cust := 10;

param price_reserve :
   1 2 3 4 5 6 7 8 9 10 11 12 13 14 15 :=
1 574 348 457 540 532 436 538 509 517 536 349 328 264 556 58
2 476 324 442 476 551 304 421 537 497 292 349 556 76 481 306
3 471 254 181 390 164 360 479 473 406 328 410 300 416 137 375
4 81 77 106 96 69 121 114 54 100 63 68 87 80 87 74
5 290 340 217 241 414 361 362 297 350 416 157 162 293 306 293
6 455 471 248 334 53 124 435 395 354 216 482 321 49 319 173
7 402 380 459 371 352 496 389 537 526 531 304 453 282 262 359
8 228 478 296 477 186 253 454 260 223 515 447 290 495 221 314
9 474 329 383 341 408 323 221 338 429 270 456 360 224 132 433
10 504 25 295 531 542 552 539 431 253 429 281 217 538 560 325
;

param:   cost_bundl  marginal :=
1 57 73
2 56 118
3 32 111
4 80 49
5 97 20
6 103 64
7 79 76
8 86 114
9 73 88
10 7 110
11 84 47
12 100 66
13 103 99
14 28 118
15 84 77
;
param: buyer budget :=
  0 561
  1 319
  2 472
  3 366
  4 318
  5 416
  6 404
  7 546
  8 569
  9 397
;
param num_partition :=
2
;
param: item partition_index cardinality :=
0 0 7
1 0 7
2 0 3
3 0 9
4 0 4
5 0 4
6 0 6
7 0 2
8 0 7
9 0 3
10 0 8
11 0 6
12 0 7
13 0 3
14 0 6
