param num_bundles := 15;

param num_cust := 10;

param price_reserve :
   1 2 3 4 5 6 7 8 9 10 11 12 13 14 15 :=
1 343 160 285 375 312 345 363 243 144 319 96 93 348 348 341
2 372 340 172 389 341 307 378 89 238 284 390 329 243 358 185
3 379 271 246 211 100 325 348 141 451 163 412 204 265 469 252
4 282 482 396 229 134 266 396 268 130 324 338 394 258 210 463
5 329 371 544 439 531 524 188 355 308 506 240 219 235 485 293
6 326 321 152 312 256 243 290 227 276 231 246 333 330 144 264
7 200 204 113 265 263 332 217 198 212 266 301 255 295 236 304
8 244 417 243 289 387 149 40 376 334 142 173 329 297 34 393
9 374 344 227 191 391 304 313 393 192 318 269 62 334 306 391
10 228 174 241 345 327 239 331 272 331 154 61 265 238 255 149
;

param:   cost_bundl  marginal :=
1 98 52
2 40 108
3 121 71
4 59 110
5 41 104
6 76 99
7 67 77
8 75 105
9 65 115
10 120 37
11 107 119
12 103 102
13 93 46
14 83 104
15 107 121
;
param: buyer budget :=
  0 176
  1 373
  2 430
  3 139
  4 384
  5 38
  6 245
  7 502
  8 239
  9 495
;
param num_partition :=
2
;
param: item partition_index cardinality :=
0 0 7
1 0 3
2 0 5
3 0 5
4 0 4
5 0 8
6 0 4
7 0 9
8 0 2
9 0 9
10 0 5
11 0 4
12 0 5
13 0 5
14 0 1
