param num_bundles := 15;

param num_cust := 10;

param price_reserve :
   1 2 3 4 5 6 7 8 9 10 11 12 13 14 15 :=
1 470 487 506 461 146 463 372 345 367 66 451 225 481 322 138
2 470 478 315 482 107 181 439 298 500 206 474 487 189 493 449
3 377 534 455 199 435 422 451 541 135 516 359 84 466 440 322
4 315 357 279 347 355 26 209 344 192 146 345 272 299 330 79
5 208 390 279 364 225 391 137 146 94 367 331 60 245 193 217
6 308 528 363 338 39 345 264 488 58 479 127 419 469 111 485
7 154 13 162 144 134 39 53 237 174 163 283 239 85 247 87
8 124 177 373 382 509 321 419 464 332 285 481 419 346 435 171
9 508 208 481 44 457 563 56 365 573 463 486 302 315 580 320
10 399 411 274 497 380 439 426 113 413 396 166 262 506 420 523
;

param:   cost_bundl  marginal :=
1 70 109
2 26 76
3 102 120
4 78 80
5 84 109
6 115 72
7 69 98
8 100 91
9 95 102
10 57 103
11 68 82
12 57 45
13 81 40
14 38 95
15 84 90
;
param: buyer budget :=
  0 223
  1 52
  2 578
  3 278
  4 532
  5 396
  6 317
  7 533
  8 326
  9 469
;
param num_partition :=
2
;
param: item partition_index cardinality :=
0 0 6
1 0 1
2 0 6
3 0 5
4 0 6
5 0 4
6 0 7
7 0 6
8 0 2
9 0 2
10 0 4
11 0 9
12 0 2
13 0 7
14 0 6
