param num_bundles := 15;

param num_cust := 10;

param price_reserve :
   1 2 3 4 5 6 7 8 9 10 11 12 13 14 15 :=
1 181 532 99 514 275 440 496 548 401 406 423 528 418 526 351
2 461 476 506 320 136 445 483 442 332 219 219 156 74 423 371
3 108 316 228 520 466 379 387 334 324 469 458 112 163 451 546
4 391 489 361 414 224 463 297 360 298 411 463 254 92 437 308
5 306 398 359 244 280 472 337 382 184 275 233 171 430 457 291
6 120 90 194 144 53 158 109 221 160 151 159 187 99 171 190
7 101 339 355 362 229 282 212 333 416 243 385 500 497 320 454
8 176 92 296 278 177 321 279 248 183 300 313 287 299 281 228
9 114 53 108 66 90 50 26 77 83 61 46 117 59 71 110
10 80 463 252 74 434 326 297 417 249 474 110 216 336 189 421
;

param:   cost_bundl  marginal :=
1 15 70
2 44 99
3 97 74
4 65 96
5 98 93
6 110 94
7 85 60
8 108 119
9 118 56
10 95 105
11 118 85
12 78 107
13 23 87
14 106 31
15 84 82
;
param: buyer budget :=
  0 326
  1 73
  2 66
  3 346
  4 134
  5 61
  6 134
  7 396
  8 342
  9 396
;
param num_partition :=
2
;
param: item partition_index cardinality :=
0 0 2
1 0 8
2 0 5
3 0 8
4 0 2
5 0 2
6 0 3
7 0 6
8 0 1
9 0 2
10 0 3
11 0 1
12 0 7
13 0 3
14 0 1
