param num_bundles := 15;

param num_cust := 10;

param price_reserve :
   1 2 3 4 5 6 7 8 9 10 11 12 13 14 15 :=
1 264 513 437 245 433 498 251 220 429 466 266 282 393 341 464
2 343 401 384 365 128 278 344 362 445 248 408 509 503 257 526
3 346 311 426 385 38 316 353 377 147 424 239 228 375 312 377
4 33 274 519 174 350 418 305 574 377 392 423 289 414 463 545
5 276 254 125 229 38 283 53 274 179 245 272 232 293 208 60
6 455 437 226 477 453 342 343 158 393 433 284 282 167 464 427
7 242 192 110 203 152 276 100 220 256 254 247 214 32 295 234
8 486 433 425 461 327 457 508 294 401 180 522 513 124 436 341
9 294 226 309 199 215 163 233 317 296 327 278 313 72 251 115
10 256 355 126 245 343 307 230 260 284 245 223 204 337 285 145
;

param:   cost_bundl  marginal :=
1 117 37
2 83 54
3 71 115
4 40 79
5 111 67
6 113 102
7 88 114
8 79 14
9 109 92
10 100 43
11 98 7
12 59 52
13 41 67
14 44 29
15 64 113
;
param: buyer budget :=
  0 491
  1 202
  2 314
  3 499
  4 454
  5 173
  6 170
  7 556
  8 71
  9 74
;
param num_partition :=
2
;
param: item partition_index cardinality :=
0 0 2
1 0 2
2 0 6
3 0 4
4 0 9
5 0 2
6 0 2
7 0 6
8 0 4
9 0 4
10 0 1
11 0 7
12 0 5
13 0 5
14 0 1
