param num_bundles := 45;

param num_cust := 30;

param price_reserve :
   1 2 3 4 5 6 7 8 9 10 11 12 13 14 15 16 17 18 19 20 21 22 23 24 25 26 27 28 29 30 31 32 33 34 35 36 37 38 39 40 41 42 43 44 45 :=
1 1237 908 1536 752 1291 1569 646 1490 1356 712 704 1161 1412 760 1563 140 791 1462 1505 889 595 1215 1092 1062 707 1194 1218 1406 903 331 1192 1033 629 1366 1304 900 1192 1565 762 623 436 846 679 634 1095
2 734 933 1081 745 900 779 943 360 306 585 162 818 1194 1084 730 422 997 853 964 1167 355 1151 1028 532 848 876 1184 1078 646 511 770 787 477 767 251 391 627 1068 393 1082 277 1056 1105 492 554
3 536 604 643 899 484 1013 642 750 746 1003 223 546 156 338 962 781 904 151 96 831 792 765 945 983 530 853 867 936 319 964 459 532 1007 787 163 909 979 560 932 640 719 705 734 523 827
4 321 336 640 588 551 624 677 675 120 356 615 662 639 502 275 556 439 238 685 505 478 538 570 610 133 667 453 583 472 681 167 617 614 155 183 124 503 426 454 567 639 417 583 329 474
5 583 553 543 593 182 529 229 577 840 492 830 731 600 512 186 424 497 655 840 827 635 721 674 791 480 708 439 776 521 668 500 352 339 167 826 720 287 205 156 535 559 582 472 666 669
6 135 433 448 1027 897 257 723 376 892 1109 839 948 1268 1265 597 1129 1096 666 759 937 1171 1223 838 1067 1136 804 991 1131 983 1125 1226 460 1060 1253 1074 465 751 1265 1175 831 401 623 999 772 794
7 800 787 992 996 738 963 999 596 950 907 965 907 793 707 696 206 491 162 557 287 945 955 750 496 890 937 605 882 928 657 310 832 518 902 300 745 373 386 902 340 530 397 796 772 944
8 1000 594 881 1146 1291 1097 776 571 1105 1025 1387 865 518 840 730 1132 210 928 1201 198 650 1110 163 1409 1408 1337 912 849 832 967 1298 1131 1254 1142 806 1408 1219 909 781 1044 773 526 491 1374 1146
9 509 490 482 737 337 531 420 293 342 934 908 1247 781 1329 1349 965 558 1380 982 690 1357 377 1058 1200 822 360 1311 1285 893 660 1151 1203 900 1037 1206 914 920 421 735 630 1098 491 1221 854 1094
10 1113 631 874 1180 673 869 1181 1156 838 76 1134 943 879 622 956 348 891 776 952 351 616 1094 973 599 523 656 583 408 838 1176 647 1177 1008 230 989 1123 1157 615 1052 552 1164 952 1015 1147 114
11 243 316 286 388 339 301 58 276 225 346 230 417 412 372 291 113 372 154 218 315 50 295 89 135 421 298 300 81 342 161 327 346 395 133 323 383 202 333 383 129 363 172 342 140 383
12 391 107 277 326 73 373 342 400 347 345 415 282 387 265 171 115 189 371 280 307 204 193 313 297 375 328 112 422 333 346 338 252 339 353 292 348 269 267 293 368 423 411 296 318 126
13 388 345 356 198 238 323 350 142 322 270 402 291 379 103 330 308 421 392 331 229 164 382 370 422 420 348 395 378 413 171 267 373 161 139 343 385 203 232 418 273 156 121 266 181 268
14 45 697 657 901 582 729 360 339 457 778 585 320 906 566 515 807 623 778 413 387 578 264 873 236 889 732 799 741 331 325 362 820 902 142 664 108 166 898 759 461 515 672 741 718 608
15 1205 1193 806 899 974 1070 922 975 793 1130 623 691 632 457 1176 740 509 1179 1104 411 839 869 886 579 869 654 926 696 750 729 829 1070 1108 873 1209 895 1159 1221 1125 670 562 1164 597 1121 1003
16 846 556 1067 1045 1028 738 293 1050 1104 974 932 759 763 997 809 1067 860 754 218 653 892 898 1101 940 1095 977 197 611 1006 847 704 683 655 1091 373 386 912 992 666 904 585 1086 912 426 676
17 970 172 877 741 458 182 964 1221 876 1186 1192 1227 1125 538 1019 855 667 596 948 507 1159 187 388 1151 748 899 1007 906 786 1138 211 769 1196 895 1229 994 852 737 676 509 1104 868 1168 904 573
18 395 639 583 827 996 736 636 496 534 982 256 772 829 971 1000 709 443 978 821 995 264 780 353 764 106 540 934 528 405 960 831 598 635 856 292 919 574 876 1016 384 939 869 894 953 563
19 388 350 152 357 277 213 213 209 372 360 391 111 311 371 162 179 227 364 390 48 262 276 360 325 409 401 234 406 132 248 381 374 278 343 389 233 225 272 218 124 375 355 259 133 309
20 446 740 577 656 230 498 218 815 620 428 779 499 538 328 749 847 349 502 505 542 746 318 423 608 222 360 227 681 168 341 557 520 741 703 692 442 163 512 462 337 609 763 199 656 262
21 310 291 229 86 275 423 255 193 336 404 404 72 349 349 265 362 60 336 330 357 183 93 239 145 254 287 130 211 274 413 299 299 420 351 330 410 373 374 316 223 50 302 346 240 58
22 894 775 373 799 598 655 148 376 803 318 585 816 626 861 551 728 908 842 808 359 934 620 671 695 768 227 887 491 602 711 263 681 850 437 781 517 603 768 865 468 727 533 718 565 465
23 841 921 901 843 837 479 951 977 900 944 371 1038 455 380 1001 1054 497 249 922 221 303 527 644 832 1038 1014 819 873 760 307 390 652 871 195 936 532 817 361 622 808 369 751 374 655 203
24 1483 671 1575 1402 1162 1496 1428 1598 1050 1424 1132 336 1141 1100 1554 1210 1122 1502 635 1183 1394 1173 1384 976 799 1329 1065 1409 857 1462 559 1526 1146 1602 1563 844 837 1089 562 1557 829 1278 1179 744 1230
25 492 377 537 188 434 632 486 531 629 584 287 205 573 515 489 587 625 238 282 638 539 571 348 435 656 651 391 669 373 640 422 526 377 672 461 584 500 654 514 570 316 448 569 350 413
26 960 696 785 503 1014 911 1012 447 873 925 891 796 224 639 1018 263 338 964 634 425 795 855 828 856 992 907 601 452 575 642 181 762 547 739 848 743 939 869 837 258 500 483 459 866 753
27 731 685 284 852 636 425 843 843 650 491 280 342 476 456 653 588 677 536 760 716 713 258 840 692 522 198 725 557 871 735 227 352 516 417 820 809 367 545 528 337 606 857 481 741 716
28 429 641 874 560 460 704 935 130 876 905 584 873 654 968 875 1013 147 798 745 0 103 979 441 759 941 538 632 717 779 854 506 235 1016 276 984 943 878 800 972 353 1003 568 474 512 475
29 555 636 704 649 705 170 405 713 599 144 419 745 751 154 749 718 700 457 563 685 566 723 496 339 517 373 511 318 702 595 400 512 543 393 409 708 403 509 529 440 308 48 706 547 694
30 921 1203 117 1141 721 1105 151 922 855 955 1281 1039 275 539 1072 927 1287 1067 801 960 907 1360 1052 1381 919 1348 793 732 1056 670 1339 1282 523 185 1269 762 502 1063 1230 810 1251 1317 903 1165 851
;

param:   cost_bundl  marginal :=
1 8 106
2 60 132
3 176 170
4 111 132
5 95 125
6 114 196
7 87 101
8 74 211
9 201 207
10 208 102
11 129 42
12 193 22
13 93 95
14 153 208
15 209 201
16 173 9
17 162 198
18 194 189
19 67 172
20 111 75
21 82 166
22 165 178
23 64 206
24 161 66
25 161 139
26 192 136
27 124 119
28 134 141
29 68 117
30 98 169
31 146 202
32 142 197
33 121 198
34 208 146
35 52 123
36 80 169
37 204 100
38 132 149
39 180 120
40 199 58
41 204 65
42 174 171
43 174 132
44 145 104
45 27 200
;
param: buyer budget :=
  0 2992
  1 35
  2 538
  3 1076
  4 525
  5 4386
  6 2693
  7 2680
  8 3522
  9 3902
  10 2753
  11 2482
  12 4488
  13 3968
  14 1581
  15 599
  16 3094
  17 3145
  18 676
  19 991
  20 1653
  21 988
  22 3890
  23 4620
  24 2694
  25 4609
  26 4256
  27 3814
  28 1683
  29 3494
;
param num_partition :=
4
;
param: item partition_index cardinality :=
0 0 19
1 0 5
2 0 29
3 0 23
4 0 27
5 0 20
6 0 22
7 0 9
8 0 16
9 0 14
10 0 22
11 0 14
12 0 13
13 0 15
14 0 23
15 0 24
16 0 26
17 0 26
18 1 24
19 1 21
20 1 5
21 1 10
22 1 25
23 1 16
24 1 4
25 1 5
26 1 17
27 1 3
28 2 26
29 2 12
30 2 4
31 2 12
32 2 12
33 2 10
34 2 27
35 2 12
36 2 18
37 2 27
38 2 7
39 2 12
40 2 9
41 2 10
42 2 5
43 2 7
44 2 26
