param num_bundles := 45;

param num_cust := 30;

param price_reserve :
   1 2 3 4 5 6 7 8 9 10 11 12 13 14 15 16 17 18 19 20 21 22 23 24 25 26 27 28 29 30 31 32 33 34 35 36 37 38 39 40 41 42 43 44 45 :=
1 78 594 658 603 720 725 729 529 606 287 486 372 717 555 307 488 526 793 453 484 424 809 752 589 660 759 743 509 217 747 670 551 364 450 421 592 161 565 299 744 638 454 292 461 644
2 1217 479 1096 1142 960 1360 1208 540 1209 1173 584 1344 907 1232 457 646 694 1156 1207 1025 746 390 852 888 496 1090 1387 1336 955 1257 839 968 869 750 1077 1362 548 1021 1103 1378 1072 803 1363 962 785
3 893 1342 949 1060 535 921 1282 842 1455 1354 339 1115 1040 226 1535 1551 618 761 1260 1387 650 583 443 1467 1491 78 1534 851 390 1266 988 686 1237 620 1131 698 809 1381 1236 1128 1361 1523 618 723 940
4 1065 889 898 1230 978 1306 1252 1119 1268 737 698 839 711 954 333 701 1148 1235 971 359 682 1118 1112 1121 944 88 1029 562 947 1152 1254 204 1277 1336 808 715 760 805 1032 1290 867 1354 1321 1314 147
5 623 914 1365 1277 524 907 1454 1034 1130 1450 1066 576 471 1059 1043 1262 1401 1098 1165 356 577 878 1193 1145 1462 962 1164 1416 739 1265 483 810 1291 1287 801 645 1061 1252 618 874 546 1245 854 849 544
6 819 395 722 1296 809 575 923 891 844 1268 842 987 954 177 1201 463 801 500 939 460 482 687 947 1332 513 611 746 689 506 929 885 902 769 1007 504 800 643 1309 983 1252 935 1330 1088 674 859
7 735 861 615 912 191 800 803 875 782 300 745 486 799 872 616 808 596 153 230 767 382 827 127 503 552 536 737 293 613 344 418 658 923 480 777 322 478 501 909 836 358 685 815 562 945
8 190 143 171 124 173 201 75 203 207 159 191 178 176 128 141 185 89 145 176 109 119 164 12 71 204 181 162 198 58 179 90 188 155 123 207 162 115 160 48 182 157 165 172 207 135
9 87 857 522 837 747 730 319 418 462 678 619 449 864 784 520 794 736 249 734 631 510 582 721 732 808 162 374 634 466 714 712 137 839 468 653 217 850 820 832 336 240 838 453 100 813
10 1101 1039 891 526 384 866 460 327 1063 1109 731 467 490 564 673 1067 988 422 591 637 325 590 1034 808 1083 522 100 873 1075 217 993 396 292 945 1023 435 1044 1082 983 570 949 1047 1012 917 350
11 648 1048 563 1143 1219 1141 956 1034 204 551 932 789 805 217 824 675 509 1072 1123 1214 1017 372 1017 789 608 772 817 876 592 430 327 1188 1026 1236 711 707 444 602 534 659 1152 940 567 697 352
12 429 425 38 732 273 494 72 43 540 392 414 349 79 672 565 411 524 272 751 390 724 260 286 258 744 592 352 663 412 707 662 412 686 405 707 495 701 747 718 154 663 171 742 534 105
13 1014 1054 552 1187 723 441 1205 790 543 1142 1119 685 933 520 440 196 953 1068 867 1203 658 415 698 629 1102 766 1020 908 736 776 437 731 933 992 278 479 1059 522 1014 1168 1094 905 810 961 1080
14 894 861 916 1045 1110 738 936 885 896 601 789 635 902 837 664 597 677 936 505 891 706 535 887 327 350 1019 872 1105 1123 958 759 505 962 1087 503 265 297 1124 301 386 691 965 778 760 642
15 1287 616 621 975 1225 695 375 1262 1092 1221 650 214 755 677 915 982 703 460 825 457 1240 1232 786 1142 447 641 516 928 1248 569 748 1182 226 1170 557 1238 1156 725 1172 529 858 1249 534 1052 1209
16 208 154 26 55 199 55 196 61 207 197 197 156 201 110 210 210 166 123 161 107 160 197 208 197 186 154 74 110 154 113 132 180 114 111 205 114 132 117 198 194 59 89 196 134 123
17 1364 700 1424 1063 993 1414 397 903 1197 1359 418 1016 1515 1367 1175 567 1561 1200 1170 1495 1272 1406 1596 1451 1034 1420 1004 1039 878 1590 811 912 1160 413 1161 1027 972 1244 1382 917 1563 621 1061 1371 614
18 1342 1386 1518 394 919 1447 949 882 1440 1251 481 659 1317 390 1006 825 823 458 641 1047 1350 1431 168 1322 965 1209 505 1300 1457 1409 1364 1377 1500 1281 1371 1433 1265 1046 1027 1133 720 643 580 811 896
19 821 728 727 433 384 810 190 725 586 800 916 179 659 139 198 850 859 514 583 924 566 781 305 798 937 807 420 689 637 408 852 584 603 620 897 400 843 981 750 726 993 971 809 974 908
20 436 596 644 352 561 722 676 620 667 532 395 472 437 290 73 611 513 328 191 646 616 636 246 414 270 316 730 501 536 131 180 591 268 484 619 665 427 720 693 321 519 688 417 173 714
21 755 360 1081 1395 1272 535 767 815 988 1142 1330 1340 1243 893 1430 1010 1129 1388 1150 1298 535 1020 1124 1087 435 879 1386 1366 836 1072 908 1489 719 1504 1551 656 1187 1293 1553 583 933 1467 1108 478 740
22 684 718 438 819 622 406 669 395 435 313 576 610 796 499 698 621 638 651 242 614 839 441 620 766 363 545 391 591 820 768 501 694 589 809 522 336 660 436 473 208 696 785 555 807 217
23 637 697 206 558 174 654 588 730 519 383 644 528 501 104 215 438 549 148 679 233 285 595 196 669 597 509 544 622 297 669 441 650 699 266 608 681 390 523 581 621 712 561 609 701 654
24 970 885 735 406 956 852 338 730 595 936 268 477 972 806 980 644 449 645 976 295 510 186 101 600 872 843 648 96 570 274 519 553 829 734 1028 136 528 659 858 820 793 982 858 841 752
25 468 1255 1402 1396 1034 1324 1210 1275 361 792 1100 1396 836 1602 1522 1356 1357 1497 806 1353 1472 1248 1036 1384 562 1237 773 456 509 647 1075 805 615 328 1313 286 576 1196 1598 1274 1414 1432 941 1011 1244
26 1591 1428 1205 1573 1587 352 1001 1013 1018 1081 1379 330 1266 1547 1533 1371 431 460 1569 1297 653 1453 1379 1041 341 1077 1338 1187 1472 1135 816 1584 1284 1574 966 1600 803 1397 1491 1470 1343 1137 1353 1597 833
27 653 393 895 777 914 940 684 494 925 535 416 864 785 661 759 703 565 934 340 858 778 748 641 699 852 256 984 858 624 432 631 503 842 947 848 962 205 746 562 656 969 739 499 511 422
28 394 598 324 1018 570 704 1178 970 817 256 1216 1034 612 780 757 774 962 584 967 512 1238 379 805 990 925 913 691 829 656 644 1172 582 1057 987 112 1174 214 1105 502 1329 758 1272 694 1235 578
29 617 972 778 1326 1257 1380 595 889 336 774 1329 832 495 908 618 922 671 1208 815 275 1362 848 665 1085 1105 290 938 133 495 1249 1355 938 1148 551 798 1118 1237 768 1168 492 1190 802 799 1370 1344
30 1360 435 630 527 1245 1154 429 1420 580 824 1533 1027 1031 1103 1376 1223 953 1227 562 642 1373 639 1316 1323 1537 1205 1047 700 124 849 1097 1067 704 1551 681 733 1444 924 1206 1451 1432 1142 1035 1502 825
;

param:   cost_bundl  marginal :=
1 127 173
2 146 211
3 84 181
4 36 202
5 31 60
6 172 36
7 141 115
8 193 172
9 145 112
10 149 204
11 195 167
12 123 66
13 70 206
14 65 129
15 97 44
16 77 199
17 188 90
18 112 80
19 143 125
20 163 151
21 149 25
22 183 108
23 158 182
24 166 142
25 88 8
26 29 34
27 211 212
28 74 193
29 90 205
30 189 193
31 136 51
32 210 162
33 167 123
34 187 211
35 68 200
36 112 145
37 152 174
38 123 124
39 141 190
40 45 202
41 167 202
42 178 60
43 199 203
44 101 168
45 170 135
;
param: buyer budget :=
  0 1856
  1 2429
  2 1421
  3 1544
  4 3263
  5 4153
  6 4799
  7 146
  8 481
  9 484
  10 4677
  11 334
  12 4251
  13 3429
  14 1036
  15 2115
  16 4533
  17 3352
  18 2844
  19 3848
  20 3312
  21 973
  22 3393
  23 1263
  24 1410
  25 1399
  26 2729
  27 1681
  28 4463
  29 3207
;
param num_partition :=
4
;
param: item partition_index cardinality :=
0 0 7
1 0 25
2 0 13
3 0 25
4 0 19
5 0 19
6 1 22
7 1 25
8 1 25
9 2 8
10 2 19
11 2 11
12 2 22
13 2 17
14 2 5
15 2 28
16 2 11
17 2 9
18 2 28
19 2 19
20 2 26
21 2 22
22 2 10
23 2 12
24 2 6
25 2 24
26 2 22
27 2 28
28 2 23
29 2 16
30 2 21
31 2 12
32 2 13
33 2 4
34 2 25
35 2 21
36 2 24
37 2 7
38 2 7
39 2 15
40 2 13
41 2 9
42 2 10
43 2 17
44 2 15
