param num_bundles := 45;

param num_cust := 30;

param price_reserve :
   1 2 3 4 5 6 7 8 9 10 11 12 13 14 15 16 17 18 19 20 21 22 23 24 25 26 27 28 29 30 31 32 33 34 35 36 37 38 39 40 41 42 43 44 45 :=
1 1409 1299 537 1170 1167 632 1229 614 857 1410 935 253 1256 860 1194 454 334 206 907 1280 786 615 646 1314 383 1365 1140 327 1256 789 1149 172 1051 285 274 1199 1046 946 584 794 1219 989 644 346 666
2 402 1011 1514 843 1314 477 177 1138 1425 932 964 799 966 1290 429 1304 1179 1548 908 1289 1198 1161 1370 1304 1475 1015 1272 640 1115 1267 826 1407 1056 1531 1130 1169 450 536 1064 1509 810 1363 1293 1184 1486
3 282 323 236 263 102 400 293 209 378 340 205 422 294 131 207 146 335 230 159 364 417 309 323 101 417 159 415 418 377 188 218 409 213 169 396 187 387 249 373 341 396 409 402 389 128
4 556 851 379 377 828 425 890 400 692 429 130 697 456 707 814 572 570 826 512 909 120 754 23 838 630 702 617 788 431 397 295 825 745 367 627 685 476 781 449 829 609 536 832 870 510
5 732 889 949 640 875 1034 367 1046 550 519 930 376 806 249 1053 547 1110 1182 1130 804 889 678 798 975 1064 784 1093 391 782 1098 1161 207 1119 620 350 981 728 875 562 761 1091 874 811 1087 651
6 78 103 167 210 128 110 135 185 202 206 169 190 154 48 151 96 172 192 177 192 167 67 202 189 134 127 44 184 89 160 98 41 186 186 69 203 152 156 155 205 117 118 76 169 165
7 608 1296 1358 321 1352 1066 656 912 847 1380 104 895 1128 1040 1128 989 1190 1101 825 881 1115 815 1235 1344 895 1411 1413 980 1000 95 1182 1285 1039 1415 590 1291 898 645 302 457 1171 196 1289 1129 1419
8 1116 1278 905 658 1066 1177 640 906 1417 1449 587 1348 759 925 326 1089 186 1327 634 1435 1360 1442 205 993 903 1464 709 1416 1379 1144 1059 350 589 976 984 917 1247 1350 740 1370 661 882 1175 731 548
9 752 716 701 737 816 814 686 637 669 353 40 669 97 476 462 736 177 586 318 584 397 373 747 823 504 775 545 227 616 169 684 461 424 331 426 591 706 706 111 572 182 340 677 552 764
10 584 1096 1180 434 1107 1320 1388 923 255 811 521 902 1419 483 1143 755 1110 1382 677 1370 1062 1377 543 785 298 1243 952 222 1420 1256 918 1003 1250 1348 1099 847 1216 1150 886 1439 1050 1025 1167 1393 358
11 1099 172 1437 625 1277 699 1264 905 1036 933 1160 979 1429 1068 1184 1215 1394 1171 1183 840 855 409 981 717 650 638 1379 997 451 672 1369 948 1301 556 1290 727 1074 952 459 1345 1254 968 852 1429 1245
12 520 992 1239 1255 1534 1320 1114 1387 672 1051 1437 1493 1419 988 1202 1043 357 1060 1316 491 1500 1003 906 288 1508 765 1384 1477 665 1485 1446 1135 721 1446 930 807 1052 556 1065 1438 1208 682 1077 635 1344
13 626 442 666 417 485 713 373 205 630 633 371 179 277 307 320 718 565 399 539 653 549 324 421 690 445 392 570 521 83 641 486 55 661 375 723 359 234 375 211 711 595 713 636 711 520
14 1349 1088 1415 911 1097 1269 704 1471 1092 929 1119 1086 1237 754 767 1583 1120 811 393 1430 458 610 1108 1000 1381 1413 1129 710 956 1277 881 1066 1473 1429 347 1219 823 83 1612 1242 864 623 1062 1410 1064
15 1446 948 801 683 1485 1439 998 1125 1465 1294 1080 1050 1298 1327 555 1102 1090 692 858 665 193 1301 1413 1151 1256 759 1433 909 1304 1080 959 1364 1186 1012 139 1026 875 1209 1010 1254 899 1135 691 1125 1363
16 1397 678 906 1007 648 1580 1100 1406 1096 847 720 744 517 1584 454 1112 626 219 632 1098 835 1560 365 655 1231 432 1151 452 1469 1294 1113 413 373 646 47 344 1291 631 691 1334 888 1405 903 1412 1125
17 1479 1074 499 1065 236 917 175 130 1477 887 1395 592 1130 674 1125 1311 733 928 1203 345 1437 808 1228 369 731 1134 1478 1153 153 707 1443 1286 860 1369 971 1395 887 1011 936 954 1156 1143 719 1104 954
18 62 714 448 1033 966 831 668 827 659 883 912 401 930 552 823 338 686 179 681 484 980 819 680 701 725 816 1079 601 441 192 767 659 922 1055 391 958 1008 363 649 726 737 371 938 973 853
19 1099 769 515 995 980 1145 951 981 646 955 1040 1122 1015 889 726 784 989 406 968 335 607 984 852 761 907 764 417 1171 737 682 392 90 227 866 830 1147 646 669 973 830 543 617 1165 347 272
20 444 852 1094 1220 512 778 976 1052 313 714 828 1165 316 578 1274 1278 1031 1331 1024 414 1127 1069 776 372 1223 1054 730 1100 838 339 1182 936 1172 520 299 904 1257 1073 757 1090 744 556 1249 532 1159
21 1167 579 115 632 1070 138 190 971 467 1153 211 632 1094 594 769 1021 869 742 723 1038 1087 964 779 587 1153 473 1086 1221 1142 1133 1019 744 299 1000 1037 456 1079 731 778 832 666 581 1161 577 1042
22 743 76 537 759 583 792 840 701 701 572 773 658 507 80 787 646 469 615 686 687 825 811 300 697 651 628 581 712 642 781 565 227 425 324 455 589 567 830 846 846 743 843 819 638 632
23 505 503 452 216 776 478 379 743 831 798 684 709 328 696 793 632 459 555 837 239 616 637 775 545 739 258 640 819 495 553 833 743 606 537 749 599 839 469 560 511 474 835 601 594 594
24 700 582 828 487 742 178 442 218 675 546 648 760 573 348 630 797 773 527 876 720 765 893 862 702 368 306 463 496 892 424 628 436 810 567 378 811 499 618 537 555 808 650 769 601 883
25 813 112 802 108 973 1077 740 922 629 965 473 799 1059 349 820 1032 1010 866 679 854 990 476 1065 833 467 497 350 972 584 1034 707 471 789 776 1123 401 869 781 989 427 805 894 531 914 615
26 611 1202 1211 397 374 389 1342 871 1306 723 1179 715 969 1128 1403 1336 1252 1268 1006 649 1017 700 1114 856 703 1479 1405 975 1000 997 1068 615 868 1231 1052 1049 777 1241 1483 955 689 1140 603 1082 1427
27 755 1204 772 727 1404 1182 661 598 509 1149 1020 1387 1109 1269 1172 696 1231 522 1405 1111 867 1313 583 1039 495 895 1372 1332 1154 1291 822 762 868 1356 938 1315 1063 1089 522 290 1297 642 1301 1191 581
28 1179 663 996 726 1319 854 1460 1057 1583 612 1422 1280 1250 1511 1315 1593 1324 1132 976 1090 1188 1245 1261 1552 534 1130 1274 906 1354 1487 337 383 1112 989 1581 1292 1221 1378 963 904 1043 1529 201 1308 1324
29 174 170 920 681 130 644 573 794 181 847 813 140 443 561 828 938 386 775 760 232 822 624 588 877 767 269 765 664 893 912 729 840 378 920 602 898 367 527 436 60 211 606 973 927 878
30 524 1522 583 494 409 1273 1509 1344 1244 1077 1439 818 1554 965 1519 390 1466 1352 886 1582 1269 1281 1187 1429 1476 698 595 1119 501 1537 1111 1597 1207 1245 948 946 1487 1347 1017 1526 1342 1157 1546 529 513
;

param:   cost_bundl  marginal :=
1 202 189
2 187 102
3 48 105
4 62 150
5 157 192
6 201 209
7 57 204
8 178 102
9 147 103
10 121 210
11 51 176
12 205 34
13 182 88
14 197 105
15 184 92
16 71 90
17 208 186
18 200 163
19 131 189
20 130 65
21 186 206
22 197 119
23 42 120
24 185 200
25 79 102
26 153 66
27 156 64
28 169 205
29 126 108
30 127 176
31 144 150
32 204 194
33 48 209
34 176 204
35 93 118
36 98 114
37 140 157
38 147 141
39 175 50
40 172 99
41 184 184
42 135 162
43 177 172
44 74 182
45 175 117
;
param: buyer budget :=
  0 1896
  1 1799
  2 921
  3 2951
  4 1491
  5 1800
  6 4632
  7 1768
  8 2931
  9 3980
  10 700
  11 3165
  12 2524
  13 2724
  14 3311
  15 2129
  16 3582
  17 3132
  18 4461
  19 4701
  20 3840
  21 2902
  22 1206
  23 3620
  24 2089
  25 1977
  26 3717
  27 1939
  28 3551
  29 3827
;
param num_partition :=
4
;
param: item partition_index cardinality :=
0 0 5
1 0 28
2 0 12
3 0 8
4 0 11
5 0 5
6 0 21
7 0 24
8 0 2
9 0 28
10 0 23
11 0 15
12 0 8
13 0 15
14 0 24
15 0 6
16 0 19
17 0 1
18 0 28
19 0 1
20 0 20
21 0 12
22 0 14
23 0 4
24 0 27
25 0 22
26 0 5
27 0 10
28 0 9
29 0 21
30 0 12
31 0 11
32 0 22
33 0 6
34 0 27
35 0 2
36 0 12
37 0 12
38 0 5
39 0 14
40 0 18
41 0 2
42 0 1
43 0 23
43 2 23
44 2 14
