param num_bundles := 45;

param num_cust := 30;

param price_reserve :
   1 2 3 4 5 6 7 8 9 10 11 12 13 14 15 16 17 18 19 20 21 22 23 24 25 26 27 28 29 30 31 32 33 34 35 36 37 38 39 40 41 42 43 44 45 :=
1 940 536 1081 270 604 982 1226 1170 627 643 1176 858 343 900 420 753 737 338 439 1223 1165 185 1098 879 1194 814 682 787 647 898 677 871 1224 1034 1187 932 1203 766 1150 617 1168 296 507 571 653
2 581 540 871 406 791 871 571 733 743 75 89 877 423 848 241 706 654 504 361 506 673 442 355 880 831 490 720 425 200 863 788 662 714 278 743 776 704 355 600 842 331 585 619 763 671
3 536 685 699 523 624 61 454 390 573 179 303 305 618 472 718 310 498 512 564 684 288 215 144 385 291 329 449 662 655 672 705 590 507 550 367 539 389 491 648 647 585 511 561 585 630
4 391 917 833 188 775 721 880 923 766 801 812 717 759 536 820 803 659 401 927 794 825 826 858 353 905 779 535 321 200 716 431 880 581 342 421 921 873 836 676 600 843 935 910 679 892
5 156 771 518 518 469 731 610 475 713 420 559 763 699 716 673 481 717 58 370 255 526 386 458 513 359 762 646 751 283 592 629 594 618 662 729 670 600 598 668 731 743 277 759 459 425
6 866 484 690 457 353 482 743 493 832 638 864 207 747 895 425 794 717 427 435 807 716 765 634 857 311 908 440 512 713 787 895 368 725 887 610 914 830 284 269 245 839 534 578 778 911
7 219 237 422 170 357 408 293 119 417 307 410 218 348 144 205 234 181 310 129 370 320 235 211 123 270 398 261 309 344 396 252 411 260 334 341 328 278 397 328 279 400 237 340 175 361
8 765 992 1014 934 770 826 867 1114 1071 720 569 769 1242 626 943 858 856 957 752 1219 335 1014 1133 839 1227 813 440 1252 1025 1177 915 252 711 1111 937 1116 46 373 686 754 1261 1246 852 1053 775
9 598 615 364 683 795 782 614 88 674 354 844 387 304 668 658 786 563 174 351 333 611 517 140 596 411 428 743 665 312 741 813 480 657 529 523 239 843 642 640 800 651 336 429 777 667
10 775 1224 1347 762 1338 541 1335 634 1225 1286 1410 1096 1223 715 1068 361 654 854 1440 607 1026 420 1433 1483 1178 334 1410 1159 791 1288 655 1238 930 1507 790 1404 1490 1516 1045 1281 114 1074 1448 245 1402
11 1125 904 608 538 170 1408 883 840 958 549 1229 1165 785 1374 1406 1230 916 1265 1364 198 1460 1251 742 1449 913 1047 1056 763 1190 778 786 1005 1358 704 835 1428 791 369 1186 1336 899 989 1396 1283 959
12 968 928 418 1059 205 1299 1079 940 1381 1298 848 866 712 974 846 1083 1378 290 1301 1154 825 924 1193 960 1371 1387 742 730 450 1348 1159 1249 1377 1131 369 866 1097 1256 759 1185 820 1283 1242 1359 769
13 804 960 1062 740 896 1292 1398 1334 499 953 501 665 1370 1314 1460 591 744 1147 1437 1369 1424 932 1453 967 489 1072 955 1306 1409 1189 982 1449 769 1082 1418 587 211 1392 761 1441 819 1340 1386 1216 428
14 980 832 1080 848 1030 609 1148 1520 893 1353 1411 616 990 1451 1393 1171 444 1427 1219 1127 1147 908 1208 1317 866 1107 870 149 468 1029 1382 1183 1308 1216 528 676 1277 1070 1014 1078 231 1376 1554 865 634
15 801 946 1084 809 158 898 835 1020 703 693 851 900 869 889 314 1032 605 580 220 489 1077 837 756 606 680 607 813 939 472 792 619 803 535 922 870 933 525 729 716 102 372 797 328 72 577
16 801 1054 549 1027 1189 1126 943 340 1194 273 1099 366 405 1008 421 739 591 971 1250 332 1137 806 736 1111 972 954 687 953 669 1071 728 712 487 753 465 1099 1104 1242 1112 1007 834 888 1221 1255 1266
17 1168 289 339 542 951 743 610 835 611 593 619 1193 48 576 1046 73 494 595 469 311 1030 1192 1207 1227 831 793 243 1131 939 744 576 1197 57 280 752 1209 375 768 703 855 164 140 804 1018 1142
18 704 288 1010 515 470 1059 334 925 1038 444 740 451 166 803 969 628 1071 144 956 354 876 426 1077 919 1075 979 385 878 1076 942 866 566 650 843 917 886 290 1079 1056 759 423 476 521 386 300
19 559 326 379 314 724 796 810 769 706 168 786 613 308 506 748 607 525 194 146 680 582 603 665 531 566 430 708 683 536 635 318 556 632 474 582 550 356 704 656 112 491 260 365 644 615
20 841 693 1089 336 579 1129 548 1066 1126 1239 974 1302 372 1132 1334 1207 637 305 1199 1348 1256 711 1563 959 1387 383 1526 1517 578 1407 754 1291 724 829 664 1092 1130 1427 1213 1006 1190 1214 1127 814 577
21 1401 1114 996 178 1160 986 1077 709 838 501 946 1204 1355 579 799 1471 1175 1366 451 1302 919 1006 474 1340 680 1246 1436 1426 1272 1338 1481 892 1149 867 978 487 1319 1237 921 1132 1318 410 393 1126 790
22 985 941 1003 1278 1533 235 1533 951 472 1148 1611 832 1434 1373 941 694 1507 1584 830 1577 845 1349 1103 970 887 656 1187 1474 1534 1395 1436 1427 1305 1474 1529 1286 1160 1471 1430 1315 833 909 800 969 138
23 1087 290 1202 1432 1475 1121 1436 1523 1255 172 345 327 999 864 961 1416 1446 1130 1176 533 1518 1223 613 778 1356 1273 894 519 1467 748 1266 893 1316 1268 1435 635 1108 1072 844 467 1519 877 1513 765 265
24 207 362 649 766 449 249 462 755 501 671 72 548 465 562 551 468 744 759 710 490 560 711 503 687 403 301 283 542 757 188 579 489 617 487 216 415 351 308 461 720 251 456 641 727 532
25 1181 1003 1250 520 1359 909 88 393 506 170 1385 758 364 1392 1181 1329 561 1116 1000 209 1354 1184 848 1106 1176 1226 1361 1124 1183 1141 1123 1265 731 1281 929 390 527 850 198 932 903 800 1234 892 159
26 1070 985 1213 710 1128 1255 388 458 430 487 932 726 1189 559 655 698 1207 269 732 890 601 474 1074 1096 1215 571 1250 1057 975 1260 1159 449 1236 957 1088 1042 935 507 668 724 944 937 951 1119 419
27 1477 612 1370 1100 1219 1375 1159 1185 163 1238 828 1521 930 1077 1430 1353 1070 1428 1250 553 1442 1517 1528 1577 74 221 657 196 1532 1287 1327 954 1222 1251 955 885 758 1496 988 1497 237 492 1125 1101 846
28 217 318 481 576 607 335 586 514 380 288 523 648 617 665 500 663 282 612 197 327 312 559 501 450 554 304 620 470 681 559 356 520 638 435 179 309 431 437 610 470 443 271 631 351 144
29 798 765 339 283 611 141 848 407 759 236 833 718 363 382 705 666 364 615 570 612 403 219 495 843 175 225 715 554 712 703 179 912 892 733 93 654 888 369 841 656 681 437 910 816 891
30 1046 1532 1153 1029 300 1086 641 304 1155 1505 1196 1472 1547 1402 1579 1361 565 1122 943 1125 1188 583 1478 919 260 1057 450 1232 1497 1045 1557 1378 543 1593 1107 722 1356 1183 942 1304 458 1501 363 939 824
;

param:   cost_bundl  marginal :=
1 98 172
2 89 110
3 129 120
4 183 128
5 204 194
6 70 132
7 105 83
8 99 161
9 49 202
10 25 130
11 81 123
12 165 164
13 203 110
14 62 137
15 190 166
16 148 115
17 106 196
18 149 135
19 130 136
20 100 179
21 84 19
22 90 165
23 167 161
24 135 194
25 78 54
26 162 159
27 44 201
28 172 157
29 156 185
30 124 196
31 34 186
32 118 119
33 127 139
34 176 109
35 98 35
36 165 186
37 208 189
38 207 157
39 178 136
40 210 68
41 207 104
42 160 155
43 84 183
44 111 150
45 48 203
;
param: buyer budget :=
  0 1414
  1 2100
  2 1945
  3 857
  4 3648
  5 1504
  6 1326
  7 1463
  8 2495
  9 3161
  10 4651
  11 2043
  12 1306
  13 3200
  14 2814
  15 587
  16 2530
  17 3111
  18 4649
  19 4052
  20 3895
  21 1540
  22 523
  23 2766
  24 492
  25 1295
  26 2915
  27 3738
  28 1972
  29 2769
;
param num_partition :=
4
;
param: item partition_index cardinality :=
0 0 16
1 0 3
2 0 20
3 0 18
4 0 15
5 0 22
6 0 3
7 0 14
8 0 28
9 0 25
10 0 29
11 0 28
12 0 13
13 0 9
14 0 3
15 0 10
16 0 23
17 0 19
18 0 4
19 0 10
20 0 24
21 0 3
22 0 15
23 0 12
24 0 7
25 0 21
26 0 22
27 0 15
28 0 11
28 2 11
29 2 1
30 2 3
31 2 10
32 2 13
33 2 22
34 2 2
35 2 27
36 2 20
37 2 21
38 2 16
39 2 23
40 2 23
41 2 26
42 2 6
43 2 13
44 2 17
