param num_bundles := 45;

param num_cust := 30;

param price_reserve :
   1 2 3 4 5 6 7 8 9 10 11 12 13 14 15 16 17 18 19 20 21 22 23 24 25 26 27 28 29 30 31 32 33 34 35 36 37 38 39 40 41 42 43 44 45 :=
1 773 710 1060 929 1161 834 512 1260 441 965 1210 1288 1126 759 1108 314 1027 291 1267 1301 912 819 1244 631 1194 1073 254 945 567 739 1027 1204 1265 533 811 627 611 1255 664 982 482 971 1304 582 1156
2 1132 949 527 1222 1080 565 642 1275 1058 1197 1040 679 406 1072 1041 1152 917 1214 917 777 1119 1155 544 134 788 1015 1323 660 947 1127 585 1134 532 698 1197 1252 1118 1215 1237 1075 1117 1303 1253 1044 752
3 983 1041 278 1051 969 469 1005 844 1120 1118 584 891 214 936 982 1025 214 294 818 844 611 748 311 279 664 558 973 475 813 440 1003 1046 225 536 468 503 807 690 1084 456 964 756 1150 393 459
4 405 275 844 492 772 657 688 328 757 801 435 543 720 680 576 315 449 408 696 762 594 330 784 155 434 361 783 439 289 418 559 91 820 276 776 720 571 283 712 96 651 697 254 219 599
5 732 1185 1527 1437 1269 1155 1222 1233 1447 1450 1468 1527 247 1214 363 1426 285 799 1402 652 1447 487 1112 1037 1195 1437 970 1523 1472 856 673 424 1095 891 1330 1171 569 1205 1287 568 646 1073 1512 1287 190
6 420 381 519 628 325 654 579 648 352 365 86 380 644 472 660 187 349 556 610 497 512 568 259 292 335 428 434 342 375 533 600 664 35 382 617 195 551 430 537 561 60 458 683 654 249
7 852 1065 904 748 545 189 480 179 980 947 274 864 859 625 996 847 321 265 436 1019 636 794 543 667 406 984 848 347 958 788 201 353 659 275 946 426 782 987 737 693 511 961 505 273 512
8 381 282 520 733 925 40 1079 1119 911 1097 1079 1203 1003 792 1049 334 1163 1160 869 388 572 415 341 847 716 1073 800 870 976 1083 1112 581 1169 217 471 1180 1124 444 227 725 547 482 1194 639 1054
9 1382 958 216 944 305 1061 1344 1408 707 806 1270 1456 1188 1274 861 1169 1095 1105 1387 163 720 1258 373 803 742 1455 728 1431 935 1365 933 615 1435 620 472 1276 1275 1001 486 367 628 1038 1397 651 1141
10 1180 566 699 1512 297 1327 822 1374 162 681 958 802 23 678 1009 1138 1206 1147 1089 949 946 1461 1043 1066 1495 385 1112 1043 630 900 562 974 1551 379 1365 331 771 302 146 1220 1179 268 779 1105 568
11 162 170 153 100 196 62 182 197 72 210 130 205 177 67 197 159 130 195 208 50 69 139 198 153 41 163 194 148 119 142 129 188 206 205 195 144 33 149 197 205 167 92 206 127 103
12 411 826 1308 843 642 1256 1066 817 1028 670 905 350 697 1160 848 693 783 890 1041 869 480 1263 1285 1234 1137 898 960 617 551 1221 398 582 1245 341 1251 756 457 684 1205 799 1235 893 906 656 851
13 1087 714 1360 704 1309 1349 1314 974 1208 1489 1399 1121 1450 835 1175 1011 1377 688 1140 1160 1167 521 1296 682 534 188 1243 720 1523 888 555 1264 1397 320 1451 1212 1413 1055 1365 794 945 1450 706 875 437
14 751 345 167 717 245 687 526 838 713 270 684 368 583 757 785 544 880 710 776 655 746 526 67 329 466 636 85 538 811 160 833 777 448 761 685 474 782 745 866 843 733 594 489 457 816
15 439 441 359 274 205 90 487 380 408 425 328 315 366 457 376 401 369 477 474 225 444 504 296 277 449 345 384 239 338 360 442 282 462 446 498 287 490 398 492 478 376 322 417 367 418
16 1074 257 1198 1299 696 691 1057 1476 1225 992 1070 1059 667 1119 1509 515 838 1232 1278 1385 1077 1106 1121 1202 1389 1251 1467 788 949 1386 1215 551 1498 87 1091 1270 1121 885 1512 450 1252 601 890 75 804
17 558 1418 1341 1378 849 1211 620 598 737 830 535 912 1329 1085 1134 923 351 758 1202 723 1250 1253 397 772 1005 1149 719 870 1377 341 781 839 393 997 1088 910 1041 955 921 1309 1085 982 720 834 995
18 402 381 249 411 464 479 320 390 467 502 167 65 130 468 444 432 473 379 346 461 483 434 502 120 390 279 232 483 247 318 218 93 35 365 458 500 503 411 221 272 222 369 271 170 287
19 274 149 348 426 423 255 474 321 439 314 276 388 273 562 473 312 359 229 507 339 91 385 433 377 262 306 220 328 503 338 282 437 51 543 563 534 546 159 538 556 522 198 222 570 152
20 885 702 529 933 713 971 892 1007 1008 804 935 992 956 586 936 1013 885 927 291 243 713 946 311 926 107 334 915 837 1008 953 929 958 824 938 1012 878 710 556 996 1013 260 575 735 285 395
21 745 344 127 626 866 723 773 806 756 658 758 592 710 742 846 983 921 418 293 797 788 973 990 751 769 804 776 395 743 885 114 1005 653 503 996 801 216 362 821 73 887 559 810 748 591
22 483 478 224 177 282 233 135 257 421 499 126 98 415 581 257 493 118 422 342 495 248 550 409 174 623 433 627 441 28 551 555 441 419 258 517 560 269 455 524 364 525 325 127 332 356
23 1443 567 324 400 1114 1032 1331 196 326 948 48 510 1234 491 802 1137 593 874 991 658 719 973 1445 1192 1133 1345 698 1406 635 627 1112 1376 892 1383 859 751 1084 759 992 1097 1134 1393 1275 1089 1161
24 681 460 1146 773 230 683 117 1099 769 1040 552 1117 282 265 410 980 649 94 121 470 875 612 1007 862 266 1000 840 870 740 835 934 224 243 891 910 1135 955 778 630 826 584 794 197 441 435
25 1208 1172 1210 1234 737 798 822 936 1257 1326 1124 1119 1209 154 1323 474 941 632 1312 643 1108 903 508 769 1164 967 137 1006 460 639 795 1276 1269 673 418 1257 1309 816 1265 1020 470 788 374 828 477
26 214 918 1362 670 1415 1118 593 529 1394 1185 193 706 217 504 1432 1470 1323 709 1505 1515 386 1145 0 801 870 496 768 1380 1056 800 1274 1114 572 1295 512 198 1475 1271 1129 421 846 710 1154 1464 1177
27 336 380 817 377 745 701 635 799 882 733 578 962 362 775 443 882 768 956 538 520 673 629 634 749 357 356 742 281 828 528 871 976 784 543 895 686 709 236 630 449 448 120 293 586 962
28 421 636 1057 905 578 573 547 243 616 1028 802 644 732 550 912 522 612 186 1004 893 673 725 680 392 366 675 1055 927 654 421 967 465 816 607 595 983 921 324 640 422 1022 1081 1006 581 998
29 961 1043 1085 1176 1060 419 680 1015 1005 317 644 439 588 1193 1001 241 1112 1176 1113 1066 523 976 1071 623 484 719 1051 1012 1093 313 1103 427 1159 445 435 875 618 1111 1032 542 1006 842 812 836 843
30 1005 898 346 529 817 426 1040 954 1057 605 889 1044 876 142 796 741 608 730 362 463 696 1023 776 1025 755 473 873 582 164 926 1036 675 996 1069 1062 506 874 775 209 723 1010 251 263 695 1085
;

param:   cost_bundl  marginal :=
1 161 45
2 144 133
3 166 195
4 66 39
5 174 189
6 134 141
7 183 178
8 66 137
9 207 86
10 91 189
11 196 93
12 208 185
13 143 112
14 134 167
15 164 163
16 106 201
17 202 84
18 197 169
19 80 209
20 101 195
21 21 206
22 125 148
23 130 208
24 143 121
25 156 109
26 147 162
27 200 176
28 146 122
29 84 143
30 168 136
31 150 171
32 181 151
33 195 55
34 203 131
35 115 160
36 129 126
37 73 123
38 162 172
39 63 138
40 39 16
41 170 118
42 142 98
43 141 68
44 152 78
45 106 94
;
param: buyer budget :=
  0 2393
  1 376
  2 1475
  3 430
  4 3963
  5 1089
  6 3219
  7 2882
  8 4416
  9 1799
  10 3255
  11 2922
  12 3065
  13 1012
  14 4497
  15 2341
  16 1433
  17 3800
  18 2207
  19 137
  20 4559
  21 4031
  22 3700
  23 1765
  24 155
  25 1158
  26 91
  27 1362
  28 3193
  29 3166
;
param num_partition :=
4
;
param: item partition_index cardinality :=
0 0 6
1 0 13
2 0 24
3 0 3
4 0 28
5 0 4
6 0 19
7 0 16
8 0 12
9 0 11
10 0 5
11 0 25
12 0 10
13 0 9
14 0 12
15 0 26
16 0 19
17 0 21
18 0 1
19 0 16
20 0 21
21 0 29
22 0 26
23 0 20
24 0 6
25 0 27
26 0 9
27 0 7
28 0 23
29 0 3
30 0 4
31 0 5
32 0 11
33 0 14
34 0 27
35 0 1
36 0 25
37 0 22
38 0 17
39 0 4
40 0 20
41 2 13
42 2 6
43 2 8
44 2 3
