param num_bundles := 45;

param num_cust := 30;

param price_reserve :
   1 2 3 4 5 6 7 8 9 10 11 12 13 14 15 16 17 18 19 20 21 22 23 24 25 26 27 28 29 30 31 32 33 34 35 36 37 38 39 40 41 42 43 44 45 :=
1 845 1408 737 1006 1430 1509 1492 726 1420 804 735 644 719 525 1401 1322 1549 1289 956 1596 344 1425 1388 311 1459 717 1594 982 211 1567 600 279 403 1244 1602 1549 1083 996 1555 436 934 1380 1123 649 988
2 956 578 473 969 970 711 792 972 1032 463 679 264 826 837 927 763 1033 221 948 879 892 837 896 789 860 764 943 966 742 414 380 947 629 955 710 983 991 402 760 979 529 703 549 884 356
3 1182 1561 1233 1305 1216 1108 1168 628 869 1110 807 1248 1558 1501 366 1208 1262 761 987 889 1006 1128 696 716 1429 874 1034 1562 984 197 1063 841 1523 238 156 784 1447 1048 1436 1454 1211 1458 505 597 856
4 305 683 543 957 1036 1032 1112 515 700 680 971 1052 888 1094 1052 1094 1095 833 927 827 145 592 1061 737 1035 1087 1003 679 448 218 771 982 788 461 762 895 929 1043 882 409 1130 715 495 600 153
5 970 1536 1341 638 1281 748 1386 711 1146 945 818 1487 681 780 1115 1353 1255 315 635 903 1533 767 1477 1087 1449 641 903 1437 1371 1082 1295 897 1240 1489 712 1045 740 898 1506 328 967 887 1486 985 574
6 750 685 390 189 424 637 520 798 397 757 544 443 555 597 740 290 789 721 805 161 481 601 638 657 106 367 632 548 199 711 448 704 711 242 202 477 409 612 715 528 343 546 268 773 599
7 544 949 414 1067 1067 405 730 1166 859 920 681 306 706 359 808 882 980 608 294 1038 1068 1175 876 198 377 1105 1055 1110 704 1183 533 1124 650 863 1093 1173 796 547 1111 600 902 1093 666 1090 377
8 867 572 413 734 184 883 671 212 706 902 479 723 249 617 881 510 851 870 585 622 591 377 577 643 431 398 399 316 817 62 554 288 608 791 476 907 402 281 441 768 885 878 713 401 596
9 381 239 276 75 117 84 153 101 213 188 97 357 336 144 235 385 332 261 323 359 257 346 140 375 326 151 382 381 156 408 289 290 221 387 290 353 215 297 268 209 352 230 324 124 26
10 1218 1073 1067 695 1155 1078 922 760 778 1334 495 980 1086 1376 750 1103 1134 1369 815 399 1383 1206 708 1112 1172 1318 322 1042 1155 455 1381 777 1022 1115 1126 508 1270 1039 605 1132 1363 952 1126 717 656
11 1156 739 1325 1360 1277 1405 1072 1364 508 516 1144 1138 105 396 1408 849 1495 1254 1394 257 1046 343 1189 1063 1481 877 1055 1018 1146 1136 1169 1336 954 1295 1152 1035 1107 44 1347 1185 1356 341 344 1012 690
12 403 274 220 276 570 323 217 302 343 530 470 453 429 554 238 487 513 425 424 528 454 411 578 364 351 314 506 522 252 562 393 578 561 256 538 232 242 487 289 114 237 509 510 483 451
13 785 1032 443 444 810 763 789 604 221 1048 586 946 922 437 545 1007 717 952 197 771 904 669 706 506 610 595 187 642 332 980 315 898 879 910 991 525 228 793 992 352 337 919 896 833 896
14 1022 1355 1428 1442 1022 1126 584 1055 623 597 1197 841 750 902 1103 1281 146 1014 534 953 887 964 447 958 847 926 404 567 1204 1351 1159 1205 651 922 1361 1039 546 792 1114 1050 1138 1252 457 1414 1010
15 1257 820 1412 1373 899 1550 1181 745 712 1564 837 1261 1233 1441 1543 1548 867 1019 1556 577 1472 1526 634 1100 864 1197 1193 1071 1510 1009 1227 1547 916 1389 468 247 309 1104 1524 1370 587 885 451 1325 1204
16 821 789 872 1120 895 590 680 1137 980 594 534 1198 919 744 250 716 1223 173 445 899 1208 570 1142 1134 717 718 679 806 361 683 902 1031 443 1175 137 616 401 1145 603 986 1112 924 814 652 552
17 675 506 666 1064 656 948 785 709 1055 178 415 741 875 769 983 738 1131 1108 343 598 1217 1060 800 901 410 918 1117 984 1032 1210 994 1140 840 844 819 345 1198 644 767 482 777 1146 1168 523 1078
18 635 730 289 458 825 902 547 850 759 943 919 542 966 256 430 757 684 860 888 225 412 629 569 925 920 726 967 165 764 806 345 290 820 225 252 826 797 809 540 614 787 565 415 629 640
19 547 541 842 587 451 896 808 703 910 416 753 232 849 609 760 210 914 816 607 791 455 722 675 495 387 664 764 511 819 820 801 395 537 195 514 416 649 636 430 718 876 873 833 379 700
20 916 393 802 1230 583 1149 1245 771 1065 855 896 786 538 1269 846 511 1186 952 187 1102 530 700 433 731 778 1253 469 917 752 734 456 758 1216 839 1085 1060 456 1131 1194 447 1096 943 907 1186 729
21 589 212 144 695 374 1332 933 297 1337 750 357 858 868 1062 1330 910 742 1277 1201 1406 1272 1320 865 1293 1395 407 1360 1330 1172 1005 674 560 311 1024 1376 1015 1049 973 889 1145 1184 1251 1274 1378 1346
22 489 616 423 525 211 584 342 690 496 772 446 646 575 793 568 599 238 615 641 786 730 550 666 656 485 602 286 341 818 638 639 265 772 746 616 777 816 83 296 846 653 685 837 725 611
23 698 1273 69 1153 1254 801 776 897 1011 482 1224 179 287 852 506 780 833 1058 1136 655 1076 638 662 1256 980 382 1315 1037 847 850 878 943 1125 1326 1079 1062 1146 1007 677 1073 821 508 1066 557 1200
24 532 932 572 803 724 547 931 508 712 704 646 842 316 884 307 762 898 935 735 643 674 864 828 889 858 682 590 602 695 772 855 551 748 885 882 893 512 607 649 836 944 497 312 874 143
25 270 839 253 1301 290 555 1164 470 1039 1272 1256 1031 707 1126 849 497 890 529 375 1030 365 1345 653 843 1310 458 1067 806 1202 1070 1308 235 879 1185 1071 721 1015 933 615 1247 972 1227 1113 1339 944
26 1476 1183 418 1142 372 1292 553 760 1369 82 1300 546 1298 628 1386 1398 1005 1172 935 1095 1218 521 867 1458 874 1148 1275 1217 345 1478 899 313 1261 1323 420 1339 986 1175 575 594 1126 663 1349 705 1174
27 1306 1204 1470 1480 1295 313 284 1324 1199 1224 902 885 1471 633 1077 739 596 580 1465 1436 708 1495 638 769 475 542 1426 1007 721 667 1178 1410 1255 1160 635 737 1388 1435 954 459 1063 1465 725 597 1443
28 503 276 756 255 793 523 537 515 727 763 600 431 358 571 366 413 133 421 414 754 597 583 472 512 556 446 714 697 259 672 803 441 645 669 729 314 794 179 671 718 555 488 747 365 570
29 1294 1323 1275 797 453 1382 429 1009 969 644 669 405 1191 572 881 1426 682 1202 635 1207 1410 707 1288 1316 1114 776 916 356 1457 864 159 1177 1259 1014 1439 868 1379 1457 438 428 1201 319 912 807 1417
30 900 1115 981 988 1040 977 555 1208 273 1244 875 840 934 336 1402 1351 776 795 549 877 901 1371 1383 871 1113 942 1279 232 717 574 984 1259 253 962 286 882 1374 478 1200 1293 684 734 904 59 1181
;

param:   cost_bundl  marginal :=
1 162 156
2 207 211
3 160 24
4 140 16
5 141 192
6 132 103
7 182 188
8 188 210
9 147 116
10 144 97
11 201 78
12 156 101
13 133 155
14 91 62
15 169 58
16 141 116
17 68 105
18 111 197
19 71 64
20 103 152
21 184 118
22 201 121
23 120 93
24 88 182
25 92 112
26 203 139
27 162 112
28 143 189
29 165 194
30 201 83
31 205 106
32 28 203
33 115 138
34 186 192
35 120 166
36 51 175
37 132 181
38 157 211
39 52 103
40 190 179
41 210 137
42 184 94
43 153 126
44 181 124
45 94 184
;
param: buyer budget :=
  0 599
  1 373
  2 3021
  3 1104
  4 1403
  5 1867
  6 3513
  7 3387
  8 372
  9 3259
  10 2464
  11 2816
  12 2663
  13 1537
  14 2035
  15 3103
  16 1638
  17 811
  18 921
  19 1024
  20 478
  21 3209
  22 3841
  23 3358
  24 1064
  25 624
  26 4507
  27 4284
  28 439
  29 4425
;
param num_partition :=
4
;
param: item partition_index cardinality :=
0 0 25
1 0 6
2 0 16
3 0 29
4 0 10
5 0 23
6 0 11
7 0 17
8 0 17
9 0 28
10 0 22
11 0 4
12 0 8
13 0 15
14 0 9
15 0 19
16 0 26
17 0 26
18 0 3
19 0 8
20 0 3
21 0 25
8 2 17
9 2 28
10 2 22
11 2 4
12 2 8
13 2 15
14 2 9
15 2 19
16 2 26
17 2 26
18 2 3
19 2 8
20 2 3
21 2 25
22 2 23
23 2 26
24 2 12
25 2 22
26 2 29
27 2 23
28 2 13
29 2 13
30 2 28
31 2 16
32 2 9
33 2 11
34 2 17
35 2 22
36 2 15
37 2 2
38 2 11
39 2 6
40 2 23
41 2 6
42 2 20
43 2 18
44 2 5
