param num_bundles := 45;

param num_cust := 30;

param price_reserve :
   1 2 3 4 5 6 7 8 9 10 11 12 13 14 15 16 17 18 19 20 21 22 23 24 25 26 27 28 29 30 31 32 33 34 35 36 37 38 39 40 41 42 43 44 45 :=
1 330 1185 810 1275 242 959 790 131 385 351 1268 1112 1263 1492 719 668 1406 921 1347 263 1453 988 506 1521 496 662 1091 1293 1503 808 781 1494 1271 1380 928 450 571 1181 1146 675 135 1342 1383 1503 1062
2 996 1195 808 865 652 825 969 972 1172 459 758 754 589 1098 634 18 897 518 1224 735 1142 655 1044 661 988 936 521 1012 439 511 976 933 628 73 986 267 1203 1104 1083 543 979 1092 607 652 189
3 423 267 331 483 464 432 529 657 583 620 288 349 467 619 474 572 629 326 492 657 591 228 266 644 365 410 403 209 124 678 456 495 548 83 287 547 95 404 537 425 549 643 682 476 579
4 1127 1110 1339 1442 1090 480 1338 382 951 604 389 207 841 1129 191 1211 813 1309 964 584 1178 1023 1053 1121 1150 188 1038 1296 812 1311 1287 1139 400 863 497 1357 487 920 1226 1190 640 736 379 1032 1149
5 760 698 375 883 960 617 863 964 665 904 478 578 399 969 830 742 430 960 467 811 381 395 608 881 765 958 841 803 723 941 373 718 711 391 934 686 466 865 856 856 843 715 849 950 565
6 313 865 1012 1037 473 1050 251 415 640 964 287 306 546 339 541 108 740 556 1011 403 693 768 1082 565 844 1013 864 842 1005 769 580 477 953 438 757 567 617 779 1037 1001 638 706 877 924 936
7 1273 637 963 832 1075 715 669 1423 1393 1088 1060 777 802 1279 1009 671 1194 905 815 1159 1071 112 509 178 1319 1425 687 719 967 1030 1238 722 733 855 957 620 701 735 1298 578 441 1054 1053 1322 1102
8 1296 1374 632 622 1039 402 384 1358 1389 1255 1011 1106 1254 449 1271 440 1298 1330 568 1188 1366 1262 513 1225 794 826 1274 1288 850 538 594 1015 603 1309 602 1261 1139 613 423 204 1183 191 1239 1306 802
9 615 544 613 246 529 811 421 322 540 892 817 284 750 698 823 571 817 934 787 417 677 671 916 777 853 800 716 583 750 537 806 588 638 327 938 682 371 906 95 455 970 433 771 460 812
10 374 515 691 958 898 473 1031 423 459 933 664 820 842 443 1016 187 822 636 1023 648 955 900 310 436 780 817 1062 1085 1039 774 549 705 1055 893 670 536 638 964 804 587 1013 560 1033 1053 680
11 1474 974 1054 1037 1479 923 1428 1279 1101 982 259 1046 980 1035 300 960 966 1130 1098 146 1477 1069 1116 446 1205 702 954 1377 746 601 1435 1398 1465 193 1195 1148 1557 1267 401 1039 1181 1410 1046 1035 1357
12 885 489 235 474 927 760 882 451 726 838 496 619 578 845 936 904 524 72 720 602 254 162 552 334 864 202 798 380 917 316 342 572 830 825 917 846 681 381 890 495 925 973 942 880 651
13 1118 1108 594 1023 306 748 913 336 835 1165 1114 1156 1127 989 1110 1416 1068 792 1043 1311 785 1249 1343 1105 1072 906 829 952 383 1427 380 794 503 1140 550 333 308 1361 1321 984 981 593 1325 1028 79
14 377 440 426 129 458 518 473 493 416 382 569 266 379 442 578 547 543 378 514 269 301 508 479 503 395 101 470 276 306 524 457 561 378 466 282 536 488 542 234 546 526 285 278 517 282
15 784 895 887 788 891 875 440 96 203 638 456 303 714 808 849 684 876 835 668 27 652 771 420 790 451 464 295 727 633 731 907 755 689 717 824 906 736 643 565 876 690 414 693 878 904
16 463 189 652 306 294 43 555 704 628 466 225 660 396 657 631 147 175 625 428 325 653 730 662 561 746 767 710 516 745 305 587 754 265 760 342 215 364 651 750 105 564 732 352 581 645
17 1136 1164 1224 1038 660 930 1076 756 821 931 1232 1254 1247 814 591 524 382 1065 627 727 1087 1062 1266 725 868 905 1142 1215 542 1284 1250 1132 414 1162 1083 1157 687 703 1236 1042 939 708 462 1139 866
18 1181 330 975 1123 1295 1238 655 769 1212 1039 357 1117 472 724 1045 657 143 1225 1222 270 955 1239 560 823 74 1098 1201 1137 609 442 1172 1043 900 1115 1110 1344 1056 1328 864 470 485 1312 969 1365 1352
19 626 451 594 585 794 799 174 315 399 747 567 136 795 396 663 508 261 690 733 750 275 121 244 529 924 575 728 779 296 831 430 694 601 796 853 199 677 906 723 423 638 204 611 580 731
20 1263 411 641 410 638 624 1237 931 953 1191 848 1199 935 199 940 1157 381 829 781 1169 729 764 944 1234 1181 1156 851 73 1053 561 1131 353 627 1111 926 1311 754 469 1117 1169 774 726 1171 373 1138
21 732 91 1360 1450 1015 1315 1493 500 1019 1489 1162 1459 999 335 988 1147 856 581 850 1303 1239 853 697 1077 255 1446 1422 843 571 987 889 1265 1174 1441 414 786 612 1370 1039 1200 622 1509 976 1480 1040
22 629 787 1068 737 997 583 749 577 307 264 709 653 206 1241 1340 1199 418 968 1019 676 35 1067 1179 1146 757 763 1038 828 1055 864 797 1294 521 417 1127 1300 1198 1103 1149 927 920 1305 1252 817 928
23 242 1553 768 610 1348 977 229 1389 964 1480 1425 1375 390 659 1408 1033 1505 1597 736 1374 1181 813 851 874 1460 1427 1399 1474 1564 114 1440 970 838 989 1135 902 165 1515 994 1484 1511 1539 711 463 1555
24 1418 841 498 1191 1192 804 505 1524 1090 1449 1012 1182 1101 308 961 515 910 1412 1466 399 499 1538 1484 1222 727 1138 1321 646 668 1415 907 696 1284 433 1263 192 384 556 831 1089 1025 1144 1422 1462 1259
25 765 778 902 537 839 629 538 319 611 438 968 173 725 722 555 815 675 604 912 477 540 796 836 684 961 561 518 969 821 77 116 972 484 599 749 773 782 848 946 516 704 486 712 666 817
26 566 856 851 1040 583 1061 1321 941 1147 414 262 1141 934 1253 543 947 1272 913 63 1105 1007 1300 1021 1192 1292 852 728 1169 306 1329 558 813 401 595 1116 1220 1018 1239 1140 774 916 1018 927 1197 1279
27 186 602 408 356 619 118 707 670 691 399 124 124 776 439 673 789 592 771 542 295 518 495 438 461 766 786 151 582 315 200 362 764 410 558 558 484 584 807 251 669 403 807 593 241 570
28 1234 691 685 1428 1552 1568 815 967 1526 376 1547 761 1389 462 628 451 1007 740 541 605 1091 1161 455 1463 279 1526 902 565 1175 1483 1348 748 487 1180 572 416 821 1486 1052 1271 1373 284 1401 1398 587
29 1280 994 1026 367 1254 101 989 768 349 801 906 726 1164 1063 1086 1032 1317 1091 1133 846 1317 683 958 1261 856 1274 727 421 947 1194 638 1038 198 1099 1205 656 1296 951 345 360 813 785 510 1111 535
30 96 185 279 43 251 98 312 303 255 344 116 298 376 210 401 213 257 242 262 401 260 250 194 313 274 381 186 394 158 253 344 393 277 278 375 165 166 208 230 321 385 280 385 370 338
;

param:   cost_bundl  marginal :=
1 134 133
2 175 127
3 83 180
4 205 178
5 203 46
6 162 198
7 62 184
8 31 67
9 165 148
10 182 112
11 122 96
12 173 211
13 28 100
14 81 196
15 187 49
16 194 192
17 140 149
18 144 88
19 136 197
20 63 166
21 166 87
22 103 208
23 211 121
24 135 142
25 65 44
26 83 122
27 183 185
28 142 67
29 146 55
30 119 177
31 181 193
32 207 178
33 131 200
34 127 115
35 37 183
36 184 114
37 135 212
38 174 131
39 78 166
40 155 87
41 184 185
42 147 158
43 168 87
44 108 142
45 143 188
;
param: buyer budget :=
  0 1428
  1 430
  2 4160
  3 3832
  4 232
  5 1709
  6 1615
  7 2916
  8 4505
  9 2490
  10 729
  11 3427
  12 4501
  13 4343
  14 4557
  15 4675
  16 3542
  17 3129
  18 232
  19 4141
  20 3617
  21 1067
  22 2763
  23 1337
  24 2231
  25 3864
  26 1162
  27 366
  28 3891
  29 1676
;
param num_partition :=
4
;
param: item partition_index cardinality :=
0 0 10
1 0 5
2 0 26
3 0 10
4 0 1
5 0 15
6 0 14
7 0 27
8 0 7
9 0 25
10 0 5
11 0 15
12 0 2
13 0 14
14 0 20
15 0 23
16 0 13
17 0 3
18 0 21
19 0 22
20 0 20
21 0 22
22 0 15
23 0 14
24 0 10
5 2 15
6 2 14
7 2 27
8 2 7
9 2 25
10 2 5
11 2 15
12 2 2
13 2 14
14 2 20
15 2 23
16 2 13
17 2 3
18 2 21
19 2 22
20 2 20
21 2 22
22 2 15
23 2 14
24 2 10
25 2 3
26 2 8
27 2 27
28 2 10
29 2 7
30 2 1
31 2 25
32 2 17
33 2 7
34 2 11
35 2 4
36 2 12
37 2 14
38 2 20
39 2 15
40 2 29
41 2 13
42 2 7
43 2 21
44 2 13
