param num_bundles := 45;

param num_cust := 30;

param price_reserve :
   1 2 3 4 5 6 7 8 9 10 11 12 13 14 15 16 17 18 19 20 21 22 23 24 25 26 27 28 29 30 31 32 33 34 35 36 37 38 39 40 41 42 43 44 45 :=
1 671 1267 533 932 1234 1088 988 741 701 96 757 1172 786 859 1063 1253 692 350 353 332 301 181 886 1195 1125 249 1243 1211 1232 405 1182 1172 1025 766 1041 823 317 1238 376 498 910 860 978 611 780
2 1326 874 325 521 1272 1124 892 350 1132 843 1245 917 543 1257 1198 823 997 667 45 1292 282 1313 1108 269 909 772 1279 1183 1002 1198 1326 1188 469 578 1045 979 857 1118 1180 817 1076 628 275 668 1011
3 854 1004 1378 633 1002 1161 1050 1362 295 1487 579 1423 890 1296 895 1235 1459 669 1563 1344 1318 919 1294 1562 1319 1285 1084 1118 1309 871 619 596 1525 1285 683 1298 1205 1471 140 1334 1301 748 1153 674 1055
4 991 1187 1230 1115 1024 790 754 1024 401 672 1158 776 471 76 990 422 1000 344 199 1018 986 832 1071 1178 548 867 919 359 1213 1111 1032 1054 1073 465 1044 701 1100 1040 919 1237 529 916 946 554 1175
5 1475 755 513 1188 1345 1351 1464 1427 1131 1259 1292 1344 678 652 1408 1356 190 1003 832 881 1375 792 892 820 1246 1250 1027 1478 562 1327 1259 709 1078 811 1088 795 1347 156 1006 993 213 1276 1222 1167 1278
6 792 373 1145 1092 342 1011 509 971 1136 699 892 287 702 706 373 855 704 1056 844 1081 617 1131 984 55 971 1055 691 1030 741 883 861 1197 525 1084 1013 1106 1056 1007 792 1217 876 58 919 1098 603
7 538 1346 866 1541 1522 1506 1111 661 908 968 1178 1085 1556 505 876 1291 1315 635 1284 960 1526 356 1065 713 1273 751 1248 736 1432 224 1369 1143 1151 1021 563 1422 775 1476 355 758 791 1327 1504 1157 1096
8 455 792 282 839 514 799 178 956 840 779 793 971 870 859 798 196 703 923 627 636 214 829 430 904 759 1005 711 739 620 547 915 784 468 713 1000 525 892 869 793 149 687 854 738 724 762
9 1150 927 1354 847 1367 427 922 494 1311 975 1385 991 831 1331 717 1312 995 1235 676 534 508 1033 592 1123 546 1016 463 1014 517 669 728 972 662 1263 886 1149 482 1298 1360 1170 688 1129 1338 387 611
10 675 725 691 451 493 702 1060 676 884 1069 979 1000 332 1103 819 801 575 849 1049 1055 909 306 327 507 639 635 452 875 951 388 392 871 1112 900 929 713 1086 452 232 527 788 795 323 775 1103
11 321 968 457 528 946 431 633 267 891 1025 469 757 686 379 1043 979 481 746 703 1016 586 566 898 947 764 791 834 491 1032 294 591 658 970 783 731 804 882 1060 971 975 554 874 823 210 855
12 965 65 440 1095 1047 1051 621 516 771 969 944 829 662 1011 1077 1004 337 1059 722 1113 431 961 873 574 994 913 412 776 914 895 1094 678 494 1118 888 1088 37 1086 983 344 757 639 1106 315 319
13 662 556 801 444 623 441 843 516 679 842 695 487 495 827 660 963 662 788 456 454 830 627 518 647 756 882 405 465 725 601 927 561 778 733 685 387 465 801 910 651 971 576 595 604 290
14 411 695 702 581 796 818 651 812 473 776 788 911 876 898 897 830 813 866 218 616 696 731 535 796 623 478 909 903 722 843 896 633 204 737 654 681 389 494 877 487 704 733 175 135 823
15 236 689 493 1171 1076 781 335 763 876 498 900 457 1000 1186 1214 983 786 751 804 1204 784 1100 650 668 1186 218 868 813 950 728 1221 1092 471 242 552 454 974 352 1103 181 737 373 722 680 274
16 552 365 582 1113 749 960 687 1089 1268 398 946 1246 368 435 470 693 1159 931 383 367 1264 423 143 122 977 890 158 1242 1182 854 342 547 1248 959 846 634 1178 1077 883 952 799 1121 962 852 492
17 1004 862 1038 1264 825 1264 1160 866 888 745 1198 170 1039 499 663 803 1020 449 1116 1003 1187 349 1129 739 793 874 1041 816 754 1018 867 115 174 733 1279 1147 1199 289 1246 229 1312 1255 613 114 982
18 1311 1344 967 443 642 1341 1068 1302 1241 567 1150 774 911 649 1101 981 1247 1335 1323 557 568 1051 664 1023 667 851 397 643 558 1327 889 288 630 357 947 1214 1085 888 1191 341 1139 311 941 644 1211
19 758 402 413 781 171 535 652 716 573 834 785 616 558 81 601 454 531 407 571 607 478 539 789 783 651 830 560 482 191 399 584 645 273 91 388 482 569 522 536 684 526 278 838 699 396
20 1471 1342 1246 377 1486 1533 228 478 458 954 1094 911 1454 689 1397 1444 533 534 1208 1455 1278 849 1386 694 186 567 865 664 1356 1448 1151 1137 1180 1308 1447 1050 744 833 1138 627 1175 1309 1540 1007 1345
21 776 502 753 914 1161 1202 670 229 899 689 941 1074 810 762 422 786 1059 324 219 701 971 213 918 653 723 682 627 995 947 1180 958 610 804 1098 947 494 629 897 223 752 539 949 750 408 527
22 86 512 369 460 562 680 825 912 262 888 960 473 536 312 955 773 915 813 780 516 968 860 600 72 814 721 445 972 460 731 583 561 435 790 50 886 583 555 490 843 686 974 651 668 822
23 922 690 1041 449 380 587 365 189 222 829 1153 1223 813 285 477 915 948 1014 570 1330 1064 871 862 488 512 304 1017 1281 908 1009 1276 710 1232 628 490 515 732 947 1339 949 598 773 781 1047 1173
24 1562 1306 983 1096 1275 1327 1515 1082 1222 414 1200 1533 1138 1190 799 1262 1394 542 1553 853 734 1335 928 600 1270 627 1433 742 1271 1555 1079 761 1581 1443 1291 1288 818 976 1490 1184 850 617 553 1186 1402
25 1082 1014 582 468 741 831 1077 1017 1349 1080 702 337 1125 899 954 536 1241 696 1254 926 896 868 470 739 501 867 1184 1082 955 785 1214 413 1042 1110 1302 412 680 599 810 1162 793 450 580 384 876
26 960 621 953 1124 1210 300 948 510 606 147 960 796 659 170 1040 434 831 325 870 823 1190 1004 379 1062 582 1013 1287 1196 900 610 104 1148 1255 1058 1016 1245 570 807 1043 583 950 421 1310 964 1154
27 766 667 775 562 584 470 737 710 1064 1084 437 999 959 1041 741 893 644 989 997 579 197 777 423 801 1012 598 136 441 912 1022 967 999 1002 830 552 1018 521 444 569 266 746 1016 738 771 946
28 1247 1144 1032 1076 850 869 175 391 1034 672 638 1185 386 1085 1071 994 1062 834 1231 707 1182 640 512 777 918 582 1180 1149 154 183 982 719 724 1215 1145 929 198 338 1098 1229 994 523 1040 1101 159
29 341 348 572 471 303 583 234 625 282 144 642 607 478 137 612 666 74 457 554 544 105 654 35 672 290 430 311 664 452 541 420 546 644 428 496 207 332 386 587 521 444 679 557 636 641
30 522 502 437 281 430 475 476 461 99 540 211 228 317 290 245 236 68 458 312 393 494 180 393 483 503 408 394 133 384 324 509 506 497 134 474 504 561 411 478 342 240 239 541 555 225
;

param:   cost_bundl  marginal :=
1 114 174
2 174 174
3 18 186
4 102 101
5 87 132
6 112 95
7 174 130
8 158 184
9 124 176
10 132 128
11 201 174
12 179 86
13 126 126
14 167 102
15 148 167
16 172 181
17 86 79
18 78 71
19 206 15
20 161 173
21 169 173
22 175 71
23 180 101
24 185 209
25 151 163
26 137 94
27 205 108
28 148 144
29 109 190
30 209 165
31 209 147
32 138 137
33 149 114
34 143 189
35 167 117
36 210 182
37 113 25
38 167 194
39 31 111
40 98 208
41 204 41
42 204 116
43 130 207
44 193 53
45 63 155
;
param: buyer budget :=
  0 904
  1 3782
  2 1278
  3 262
  4 2905
  5 2869
  6 3370
  7 1036
  8 1386
  9 571
  10 4608
  11 962
  12 4230
  13 1904
  14 1187
  15 2556
  16 3355
  17 3628
  18 3861
  19 1048
  20 4504
  21 1495
  22 457
  23 1981
  24 2011
  25 2892
  26 601
  27 1852
  28 1458
  29 2584
;
param num_partition :=
4
;
param: item partition_index cardinality :=
0 0 9
1 0 29
2 0 1
3 0 3
4 0 12
5 0 8
6 0 11
7 0 6
8 0 17
9 0 17
10 0 4
11 0 27
12 0 3
13 0 27
14 0 5
15 0 4
16 0 8
17 0 10
18 0 19
19 0 6
20 0 5
21 0 14
22 0 9
23 0 11
24 0 29
25 0 18
26 0 28
27 0 24
28 0 11
29 0 23
30 0 6
31 0 23
32 0 2
33 0 19
34 0 18
35 0 11
36 0 5
37 0 16
38 0 12
30 2 6
31 2 23
32 2 2
33 2 19
34 2 18
35 2 11
36 2 5
37 2 16
38 2 12
39 2 21
40 2 23
41 2 20
42 2 22
43 2 25
44 2 27
