param num_bundles := 45;

param num_cust := 30;

param price_reserve :
   1 2 3 4 5 6 7 8 9 10 11 12 13 14 15 16 17 18 19 20 21 22 23 24 25 26 27 28 29 30 31 32 33 34 35 36 37 38 39 40 41 42 43 44 45 :=
1 564 641 505 629 509 387 685 631 380 627 790 713 641 709 397 794 767 266 410 571 706 400 493 533 795 668 266 622 415 581 247 759 779 514 203 660 305 524 362 679 569 122 535 363 411
2 974 1235 759 553 603 1195 1151 846 1402 1351 293 1387 1040 1336 513 1424 1445 278 727 1408 1242 1176 1225 1139 1060 1262 890 776 1338 920 578 1004 1416 431 1467 734 566 762 1449 1113 1396 494 1121 754 750
3 1417 1193 1389 1348 1368 1113 1374 1346 1406 1170 1152 1337 434 503 1261 1472 534 741 776 1350 1356 833 1058 982 621 785 1264 586 1377 1241 687 1212 1458 798 326 1303 530 622 1338 999 1293 817 559 950 230
4 599 397 1013 493 1039 822 861 970 428 894 1143 805 206 567 737 781 382 879 351 602 301 247 1088 1049 628 1140 1129 303 332 821 453 563 841 944 1147 653 875 1053 246 791 710 813 960 854 676
5 1451 759 1372 1044 274 1424 1078 605 1410 1262 994 857 1016 938 544 950 1278 1094 1220 1291 958 770 1150 1434 503 1393 1391 583 1362 1400 1165 420 974 1047 1021 914 824 824 504 1360 1053 763 1367 797 1305
6 854 827 920 879 1218 575 853 696 918 1215 912 570 1151 988 925 361 1080 737 1055 1116 315 961 982 1044 1047 940 838 1208 1163 671 947 442 1151 532 1038 744 1015 666 815 522 1051 1005 669 641 495
7 967 1475 1371 1038 1177 131 1149 1207 1089 564 1157 729 859 1253 1243 1288 1292 796 436 632 1469 1051 576 1350 1292 60 662 1349 1323 1011 1036 1492 1216 1317 1294 1166 1149 1050 1276 299 1476 471 257 1257 876
8 1057 1297 1332 580 1030 662 767 1157 1296 1105 1137 1182 1163 468 1034 1337 517 846 881 946 701 1246 550 803 348 1043 575 902 1333 607 991 1183 993 1208 1168 392 1351 1363 957 591 543 1275 264 1355 1128
9 1083 311 782 1000 1194 1084 789 970 1246 965 1237 655 872 1140 496 1253 1046 367 1141 697 400 480 476 941 794 865 1120 1212 1301 862 1025 903 1248 793 616 646 553 476 1249 621 1145 857 686 771 557
10 1006 1161 965 681 1108 782 295 1071 671 744 137 345 506 850 55 766 1171 1046 529 775 1161 240 491 511 288 801 153 930 826 1155 858 771 1183 320 863 1089 1088 763 1059 718 838 798 1114 361 460
11 1306 1516 1539 1014 1017 1078 1329 851 1276 1325 463 1494 486 1504 1542 1319 510 922 952 682 1263 1007 1506 1549 1563 674 1492 1389 1552 429 738 1119 1307 1097 859 1132 803 837 693 251 1187 1432 827 1423 937
12 1023 1059 414 313 323 948 1092 745 911 1097 387 431 927 723 450 884 807 1029 740 597 494 971 1108 751 981 1070 952 542 432 869 138 551 532 1012 230 491 1000 541 931 240 928 1056 951 666 745
13 672 323 667 554 388 470 638 560 421 770 614 567 122 723 322 794 743 537 845 848 584 204 829 627 150 792 606 518 698 596 708 698 419 716 760 764 342 686 792 777 428 279 844 542 754
14 554 532 635 369 514 572 614 602 501 232 175 516 429 477 585 545 500 471 458 516 313 440 307 473 202 373 451 200 303 297 570 627 476 428 341 304 368 52 622 84 503 410 101 348 614
15 587 952 1127 617 751 676 883 839 351 1056 952 907 897 1030 1005 497 933 1170 599 396 361 901 693 1184 245 679 610 448 1043 459 790 1188 1205 1155 847 1111 236 764 74 674 730 1001 1026 434 811
16 1005 413 627 1246 842 847 1351 412 939 1143 1490 1511 1333 1210 689 1101 1357 969 1291 967 641 1097 895 1375 1337 798 1329 928 1141 949 994 1190 1426 1180 1462 1119 1333 281 714 1487 739 1306 1143 1380 489
17 701 858 151 750 477 335 712 398 505 706 748 651 829 763 799 471 816 560 522 374 595 746 444 586 738 607 361 422 353 455 827 713 512 825 852 874 618 685 576 793 754 799 760 609 415
18 508 317 212 346 129 346 168 433 413 150 460 248 485 486 337 458 242 189 317 287 314 398 467 218 270 394 260 416 489 269 87 170 231 510 72 177 503 244 444 145 434 301 228 315 404
19 1528 1493 1426 230 1094 814 1500 1419 577 1190 1088 1229 1328 1449 1316 1365 986 815 1524 808 1266 440 720 361 911 1405 1158 307 1091 827 1480 1511 552 942 355 1486 1135 1381 821 1037 1401 1321 1022 927 1436
20 1015 1069 474 797 435 513 929 676 886 946 921 942 436 1077 534 807 682 401 806 600 664 519 831 842 997 918 220 773 737 668 636 577 922 578 301 1063 817 716 486 1032 510 1056 520 899 752
21 1064 881 1064 241 384 1268 238 144 1056 177 1508 1246 583 836 1072 1447 649 1261 900 1207 950 911 1417 401 907 1004 1603 723 1293 516 1060 1095 903 1252 909 368 1203 1385 1177 456 1278 839 1125 1538 1186
22 492 1532 244 337 1383 1018 330 730 954 1228 1511 1234 1059 1494 1436 461 1386 1423 1476 1377 1184 371 348 832 372 1211 1167 1087 709 1331 1141 1085 1331 1127 632 487 1153 1498 1121 204 888 1276 1088 769 1475
23 1312 758 1236 882 992 571 845 772 848 837 1423 1184 982 1201 284 1002 695 1315 324 1219 1222 517 882 938 471 717 885 1261 429 1341 997 760 1356 508 414 1066 873 1392 1267 488 839 914 1052 1153 1129
24 558 523 492 199 503 265 572 169 320 574 583 423 521 326 496 403 236 318 570 358 264 547 449 308 506 345 417 353 567 493 381 417 431 523 530 393 436 544 90 507 517 484 558 65 467
25 437 450 1007 417 736 885 1036 452 781 629 987 1042 750 843 581 284 570 523 868 757 544 336 148 938 697 1060 727 927 940 800 927 551 879 766 937 658 645 301 686 625 983 971 696 549 602
26 214 409 470 808 1071 983 1403 893 170 407 540 750 1388 789 771 812 250 999 544 413 882 958 1095 293 1292 574 1049 1028 238 1271 1065 934 1183 1194 500 1124 1510 316 1134 1132 768 1175 1172 560 264
27 816 353 182 568 857 581 696 878 172 623 688 781 866 453 724 711 947 763 479 477 641 924 917 867 573 655 554 873 842 942 926 268 658 385 864 848 636 729 905 760 719 262 464 765 780
28 367 282 135 540 64 317 499 465 525 227 296 224 214 140 324 380 526 267 497 540 252 33 320 275 352 133 326 421 456 463 214 279 411 139 387 208 146 190 556 410 31 563 522 296 426
29 733 176 693 889 226 1060 216 899 131 275 1004 778 387 842 943 956 805 802 987 750 628 845 970 763 963 981 836 938 844 549 784 972 817 702 600 629 500 295 703 1000 915 250 855 397 484
30 676 513 621 639 555 261 727 369 645 774 832 663 268 789 377 774 777 536 463 623 698 569 692 830 735 634 799 289 819 333 226 419 504 736 796 848 736 35 576 798 693 165 567 388 570
;

param:   cost_bundl  marginal :=
1 193 54
2 164 207
3 178 175
4 141 157
5 62 102
6 24 93
7 153 150
8 203 42
9 171 155
10 100 179
11 144 126
12 117 193
13 107 146
14 10 168
15 124 137
16 151 208
17 62 4
18 146 145
19 121 121
20 173 185
21 94 158
22 169 205
23 60 136
24 193 157
25 156 124
26 161 161
27 172 128
28 186 91
29 202 192
30 152 189
31 171 95
32 79 210
33 92 150
34 128 195
35 156 180
36 187 108
37 151 31
38 119 71
39 207 151
40 211 85
41 195 188
42 207 198
43 67 142
44 124 63
45 105 48
;
param: buyer budget :=
  0 3356
  1 2152
  2 3564
  3 1811
  4 1985
  5 3082
  6 792
  7 4727
  8 3309
  9 1955
  10 3190
  11 1658
  12 2646
  13 4324
  14 3330
  15 3444
  16 4135
  17 4217
  18 3999
  19 4292
  20 2255
  21 118
  22 2680
  23 343
  24 1674
  25 4049
  26 4683
  27 3272
  28 1699
  29 2893
;
param num_partition :=
4
;
param: item partition_index cardinality :=
0 0 24
1 0 13
2 0 22
3 0 19
4 0 15
5 0 7
6 0 3
7 0 2
8 0 29
9 0 21
10 0 22
11 0 28
12 0 22
13 0 13
14 0 9
15 0 7
16 0 27
17 0 14
18 0 10
19 0 4
20 0 20
21 0 4
22 0 18
23 0 2
24 0 1
25 0 25
26 0 23
27 0 26
28 0 7
29 0 15
30 0 23
31 0 16
32 0 23
33 0 9
34 0 26
35 0 5
36 0 24
37 0 28
38 0 5
39 0 6
40 0 2
41 0 10
42 0 23
43 0 15
11 2 28
12 2 22
13 2 13
14 2 9
15 2 7
16 2 27
17 2 14
18 2 10
19 2 4
20 2 20
21 2 4
22 2 18
23 2 2
24 2 1
25 2 25
26 2 23
27 2 26
28 2 7
29 2 15
30 2 23
31 2 16
32 2 23
33 2 9
34 2 26
35 2 5
36 2 24
37 2 28
38 2 5
39 2 6
40 2 2
41 2 10
42 2 23
43 2 15
44 2 25
