param num_bundles := 45;

param num_cust := 30;

param price_reserve :
   1 2 3 4 5 6 7 8 9 10 11 12 13 14 15 16 17 18 19 20 21 22 23 24 25 26 27 28 29 30 31 32 33 34 35 36 37 38 39 40 41 42 43 44 45 :=
1 1314 1114 1371 1252 259 619 1306 1280 1377 1358 817 552 1200 1380 1106 869 1092 833 707 357 1177 1191 853 1012 776 355 63 885 1069 1400 114 622 911 978 369 310 1200 162 1200 952 1169 781 940 775 1406
2 583 203 550 548 352 279 381 759 83 480 805 455 751 817 555 643 661 841 517 793 835 627 806 659 557 822 710 582 774 462 711 297 523 705 788 554 733 427 668 465 422 292 699 414 463
3 273 525 573 479 821 467 562 684 340 792 750 139 707 587 322 698 264 418 187 278 286 519 716 801 312 874 871 531 691 726 540 290 824 764 868 747 789 523 443 893 406 709 306 699 762
4 715 1060 447 740 1260 1065 555 917 1354 618 511 1240 638 1371 1437 606 488 1006 1018 489 1475 1156 901 1107 1110 1058 1157 593 1477 1015 1411 1333 533 1002 1396 776 1219 1345 886 112 1315 823 1200 634 985
5 381 555 491 173 452 39 463 521 294 315 302 560 355 540 549 541 469 392 283 440 335 482 47 320 350 375 559 408 570 432 420 195 512 218 300 331 416 244 527 306 483 354 337 558 493
6 1375 458 508 608 1273 1117 650 1000 1420 1411 1447 1105 494 1081 599 665 524 1161 1311 405 1377 345 488 681 542 467 1004 74 1399 1006 552 1075 1431 1012 1153 899 1302 1017 324 658 1316 265 1303 1231 1420
7 1077 428 780 1006 210 257 1002 966 291 1211 1065 1054 530 794 1073 1103 915 948 1083 713 1125 917 984 1041 548 894 952 1072 805 1068 1088 1135 1153 953 708 1098 212 921 627 771 437 764 1159 494 696
8 1259 1228 833 926 935 494 520 328 863 493 1266 1041 1086 879 1017 1021 235 621 571 1260 1033 828 897 620 814 989 195 1237 566 1220 414 743 878 732 726 1225 899 1187 910 637 730 898 816 1118 675
9 1322 674 1385 1190 919 1180 948 1347 703 1119 1170 954 83 1147 1322 1378 1342 267 966 1190 763 1227 1082 1248 1235 1287 1006 974 916 914 235 1131 865 1247 1061 1263 1107 534 1259 1142 1175 1222 1119 124 848
10 875 1163 655 1164 1117 419 146 1091 752 852 617 829 845 547 623 275 868 1149 593 1060 901 291 1150 1055 913 855 603 1050 1015 711 288 893 546 962 279 1109 1068 1123 96 820 1029 1069 1121 334 290
11 663 826 676 571 760 523 832 394 410 745 87 675 694 101 485 762 670 385 548 703 281 575 860 845 439 797 363 218 335 682 488 472 819 210 511 697 787 538 751 530 872 658 439 807 240
12 877 1219 838 794 1113 1193 687 399 244 1092 1305 1043 300 1276 1252 1302 629 1272 724 433 1191 1226 1129 1261 1204 1157 249 727 331 419 1122 853 1332 1196 972 455 1003 1099 947 845 962 746 1045 773 1279
13 1184 944 812 613 391 1091 723 815 784 716 419 546 343 1160 1066 925 643 936 1148 1165 706 660 896 402 1188 1203 692 901 903 469 669 1211 522 1102 876 760 1193 1180 814 1152 1220 949 241 741 889
14 357 1576 1473 1528 1604 490 1003 628 816 175 1193 1252 975 1369 771 1492 783 799 787 924 1189 654 1193 1323 1338 883 1591 584 1510 758 1441 861 1450 1308 728 1212 332 1469 1366 1511 319 1113 1447 974 1259
15 848 981 493 577 669 1066 806 736 32 681 1054 605 651 672 286 1008 953 786 1080 538 1051 818 720 795 1001 126 815 1010 959 720 575 917 1002 1014 1078 621 661 1021 950 1000 768 913 715 1012 1043
16 1022 851 1165 263 1310 1172 1042 788 1005 1017 946 664 1311 232 1101 735 869 1194 1336 916 1274 813 924 177 931 1312 1123 1099 788 1021 1138 1270 1129 63 1288 1265 895 1040 1316 845 880 989 804 903 901
17 1134 613 812 898 937 674 898 865 897 567 1198 311 1033 717 1039 742 712 793 1151 289 642 970 1192 1187 1046 678 702 960 577 367 464 831 995 1008 385 868 517 695 320 1078 864 1119 916 1185 1076
18 1020 1419 1089 488 479 1415 600 1432 701 1341 1198 1389 941 1477 1157 1350 486 811 721 827 651 905 967 1310 1009 760 1039 854 136 937 1187 634 1454 941 1397 1071 354 1042 898 1278 1421 436 1431 599 1181
19 1182 519 1442 1471 1499 390 1263 901 1410 1146 1136 897 1417 875 763 1321 421 1278 456 782 1230 923 361 1502 877 735 1220 1194 1527 585 699 375 1481 80 355 1047 901 1493 369 1112 1018 563 1182 1514 838
20 900 577 358 1242 408 746 951 919 819 147 1144 748 1301 1360 936 1277 1299 1324 1373 1093 1308 1207 1206 839 888 746 1079 917 586 582 435 872 1073 1230 793 1078 684 518 1288 653 890 1287 741 1143 1074
21 273 766 433 245 98 383 460 880 490 778 139 404 575 821 773 200 875 424 908 543 148 370 109 372 201 709 417 404 722 200 844 1005 805 864 501 989 760 979 326 921 653 583 301 982 613
22 1033 1236 848 987 1359 704 1351 1109 1533 1059 525 890 1296 1028 1401 786 752 467 436 430 828 595 1060 656 479 569 1416 1101 626 606 663 951 1504 443 311 880 1079 1346 1354 1075 1395 712 1465 242 853
23 967 1459 400 1346 529 901 1063 1283 960 1058 654 1169 1069 1190 1082 1321 1538 1303 1477 860 1352 720 504 1177 1521 895 1156 591 1090 1530 1135 596 1422 1475 1041 1071 1163 643 344 1362 1559 455 1313 1024 637
24 1086 818 1147 746 178 832 1098 1206 807 1135 1035 752 1193 1083 1096 489 872 732 639 881 736 1125 1139 733 762 674 1096 601 192 1151 565 740 766 428 1185 1009 1048 768 1093 309 793 279 323 785 1076
25 175 313 495 150 378 306 374 296 112 210 233 140 272 235 390 366 338 474 93 503 378 161 190 424 396 478 371 390 195 385 456 496 298 485 499 265 217 266 296 214 405 449 355 247 72
26 1318 183 1265 1070 861 899 1409 1491 1000 1054 1116 1027 1240 213 825 1278 670 1298 1527 1438 1272 1614 1314 1504 331 690 636 600 1019 957 766 1347 814 1164 976 1492 557 772 1383 741 658 1080 941 1056 974
27 565 1020 573 696 906 795 553 752 503 363 751 596 788 793 946 1007 512 919 924 991 684 1021 1038 366 248 390 775 1050 729 826 522 851 642 639 1039 765 754 317 1012 176 1055 678 413 659 795
28 570 482 815 256 575 333 373 814 287 791 531 317 379 797 409 824 603 704 730 272 855 418 830 386 839 818 843 255 334 570 618 775 512 467 802 301 153 769 833 300 429 907 416 545 737
29 1355 1393 364 1227 384 736 434 980 1252 741 817 948 1090 307 525 1140 1284 1352 1265 1029 1233 1123 973 1399 821 1345 782 1181 733 650 1305 478 55 1376 690 75 997 1058 488 1343 873 950 188 1378 1349
30 467 196 651 570 418 261 533 131 539 424 358 485 497 311 186 366 672 680 141 190 89 466 568 342 487 464 500 450 460 449 584 435 507 414 116 548 268 659 362 676 522 595 601 506 631
;

param:   cost_bundl  marginal :=
1 148 210
2 84 114
3 206 183
4 158 168
5 150 119
6 199 81
7 98 194
8 95 157
9 119 177
10 163 173
11 162 188
12 100 183
13 186 73
14 199 210
15 126 184
16 151 137
17 167 193
18 159 76
19 207 160
20 84 199
21 103 95
22 91 79
23 136 112
24 164 154
25 89 202
26 132 166
27 123 209
28 87 178
29 202 146
30 133 212
31 77 211
32 114 122
33 168 123
34 154 161
35 61 141
36 79 87
37 66 107
38 141 57
39 195 153
40 137 187
41 145 199
42 210 183
43 179 203
44 84 35
45 104 137
;
param: buyer budget :=
  0 3185
  1 1420
  2 1109
  3 1313
  4 784
  5 3421
  6 4709
  7 2602
  8 548
  9 1340
  10 2324
  11 3604
  12 4191
  13 2105
  14 3105
  15 767
  16 3017
  17 1064
  18 149
  19 601
  20 4761
  21 1730
  22 1151
  23 1677
  24 3906
  25 490
  26 4779
  27 4778
  28 1974
  29 3938
;
param num_partition :=
4
;
param: item partition_index cardinality :=
0 0 2
1 0 5
2 0 22
3 0 18
4 0 18
5 0 23
6 0 21
7 0 27
8 0 17
9 0 2
10 0 16
11 0 23
12 0 20
13 0 24
14 0 22
15 0 14
16 0 12
17 0 29
18 0 1
19 0 15
20 0 27
21 0 20
22 0 11
23 0 3
24 0 27
25 0 12
26 0 18
27 0 20
28 0 18
29 0 9
30 0 19
31 0 2
32 0 20
33 0 14
34 0 13
35 0 23
36 0 8
37 0 20
8 2 17
9 2 2
10 2 16
11 2 23
12 2 20
13 2 24
14 2 22
15 2 14
16 2 12
17 2 29
18 2 1
19 2 15
20 2 27
21 2 20
22 2 11
23 2 3
24 2 27
25 2 12
26 2 18
27 2 20
28 2 18
29 2 9
30 2 19
31 2 2
32 2 20
33 2 14
34 2 13
35 2 23
36 2 8
37 2 20
38 2 19
39 2 23
40 2 16
41 2 19
42 2 16
43 2 10
44 2 12
