param num_bundles := 35;

param num_cust := 40;

param price_reserve :
   1 2 3 4 5 6 7 8 9 10 11 12 13 14 15 16 17 18 19 20 21 22 23 24 25 26 27 28 29 30 31 32 33 34 35 :=
1 847 1108 611 1025 1035 878 1012 725 936 938 663 665 966 196 1144 973 167 642 689 770 661 803 1141 478 264 728 941 1016 1101 738 389 458 949 559 631
2 401 815 696 738 578 577 186 521 387 680 753 393 819 666 477 557 363 424 683 670 780 518 648 473 900 599 693 665 708 237 524 839 727 787 441
3 680 617 318 633 466 478 732 505 514 774 635 523 330 591 712 728 480 671 783 175 780 323 59 520 582 859 686 823 134 700 685 810 502 298 646
4 338 144 408 545 415 533 54 135 294 433 526 470 477 318 585 522 321 521 368 416 419 402 164 555 547 452 432 501 504 468 307 513 439 311 444
5 283 99 625 612 567 364 327 590 559 588 691 320 144 692 653 557 328 667 249 409 199 297 729 532 582 716 710 162 281 661 478 621 158 732 737
6 183 948 567 740 543 221 576 687 528 759 313 1043 960 623 867 323 456 849 787 1115 1052 735 277 178 386 434 1183 532 1105 464 981 820 776 880 606
7 711 411 889 587 516 538 319 533 772 303 658 822 822 514 906 152 804 480 200 624 317 820 888 512 601 345 897 868 322 591 876 699 362 537 758
8 676 753 652 668 807 451 462 686 249 481 867 599 878 531 605 417 598 885 650 480 318 846 297 548 565 454 898 383 806 139 615 622 532 736 866
9 187 183 378 534 274 438 392 255 522 517 501 166 214 247 378 547 459 403 130 468 327 291 194 238 542 375 509 441 472 532 507 482 499 437 420
10 818 903 501 702 303 305 520 640 799 790 809 752 698 687 352 874 823 82 335 510 275 287 240 778 830 434 684 841 517 743 521 805 657 608 654
11 833 725 834 758 742 368 711 617 483 88 388 481 797 750 689 745 634 674 71 325 77 421 774 413 343 59 695 560 831 679 680 336 464 745 815
12 616 701 488 735 455 281 698 715 729 690 692 601 755 717 284 818 632 730 78 818 443 519 597 499 493 542 363 378 561 764 675 783 755 758 752
13 730 496 537 340 844 769 749 675 812 423 630 800 759 594 522 825 775 532 490 735 551 717 336 635 719 709 579 572 181 531 317 542 569 467 806
14 846 782 577 789 488 860 421 799 737 464 818 514 537 708 208 618 760 770 122 662 682 143 801 756 872 882 113 864 652 567 711 541 432 438 532
15 932 1035 860 1058 1058 963 861 568 1033 486 1083 601 1069 480 960 890 660 841 266 727 673 860 981 797 606 230 345 901 742 321 273 722 1083 1028 418
16 90 141 67 53 162 170 130 142 167 123 182 56 76 95 158 117 168 142 155 174 77 107 117 62 169 132 182 111 163 122 74 148 138 29 146
17 966 485 963 937 335 975 813 729 1004 213 725 574 116 901 737 517 647 896 398 198 541 877 893 876 861 327 626 737 701 975 1015 898 717 878 743
18 486 585 588 580 799 357 175 745 617 754 690 461 796 418 393 868 419 430 865 859 639 843 477 754 875 570 708 652 565 89 648 260 367 576 276
19 156 376 407 124 260 416 297 424 239 432 505 490 31 212 258 199 328 146 397 461 445 385 241 190 345 257 107 323 493 378 382 336 450 165 479
20 56 180 151 133 176 24 167 113 179 179 151 170 156 122 122 155 176 185 74 142 111 55 178 162 99 167 168 102 173 142 96 130 179 94 35
21 654 931 977 564 956 520 738 546 779 973 1029 628 427 633 992 297 1016 926 908 691 974 1012 940 1043 949 831 792 659 232 557 486 674 619 24 1011
22 607 640 581 766 297 691 880 726 742 672 810 510 890 846 186 360 698 731 665 422 861 792 750 272 858 145 684 896 743 274 598 905 444 654 743
23 781 954 616 875 975 928 861 519 1135 766 829 706 351 197 1057 769 716 211 385 943 774 1023 835 865 877 811 953 764 444 1110 507 1042 1082 931 1051
24 556 1227 503 742 657 668 803 806 1126 983 889 869 802 1160 1115 762 1083 955 1222 716 987 701 1040 994 1126 1063 849 46 580 393 1093 773 877 702 1093
25 438 647 510 620 768 470 205 427 460 643 597 698 449 701 430 162 430 586 726 269 403 286 352 599 748 517 496 533 308 652 717 615 712 720 440
26 137 108 158 124 149 171 129 127 35 78 27 160 36 179 52 174 178 147 168 182 111 175 153 37 121 97 32 143 170 177 165 89 119 185 129
27 618 647 455 378 172 492 606 307 436 534 459 617 690 267 387 401 603 553 592 226 553 552 622 598 569 603 110 707 673 278 337 453 151 220 312
28 993 702 119 887 930 601 367 748 869 100 840 687 940 687 644 756 990 514 868 969 739 876 383 623 655 974 916 471 493 971 334 670 709 979 890
29 657 462 728 315 628 460 694 711 696 689 620 596 223 389 592 760 702 722 195 671 450 741 578 483 718 639 139 232 531 566 522 522 700 621 420
30 691 332 717 362 863 473 821 719 846 637 460 723 679 891 383 353 392 475 439 763 382 864 583 171 573 485 853 894 832 638 904 128 508 485 883
31 444 532 986 759 186 622 1023 698 279 957 799 813 968 625 1079 1144 1075 439 586 1045 377 916 660 923 77 872 1012 564 541 371 1011 399 708 787 294
32 284 411 281 286 88 106 134 406 62 151 263 169 502 510 510 159 370 219 238 223 388 180 457 347 455 258 195 492 249 467 342 478 324 124 214
33 503 431 549 395 874 388 818 442 460 676 327 654 602 635 787 865 782 572 476 668 418 861 557 817 678 622 291 828 504 477 668 864 427 771 435
34 1093 593 1108 1018 819 1074 274 1109 573 1110 356 920 566 689 669 927 967 538 877 839 413 870 217 1018 1070 1029 857 1030 609 414 1018 915 739 979 1082
35 83 171 145 162 117 31 10 124 182 87 105 57 143 175 82 105 176 182 126 96 121 76 104 32 166 89 54 152 93 88 160 126 131 101 50
36 290 573 779 765 250 289 407 679 723 672 508 571 486 455 637 733 479 535 437 276 453 379 789 707 359 799 641 549 522 396 389 218 803 289 305
37 952 965 747 373 202 778 935 939 973 740 543 350 915 739 584 803 668 956 715 728 767 552 706 986 979 287 786 830 462 821 924 801 859 886 966
38 548 734 856 986 505 617 913 628 1003 686 573 960 926 937 233 204 738 898 987 162 617 344 966 594 961 616 658 763 711 893 608 828 342 668 934
39 346 330 575 427 534 270 513 505 596 409 358 249 131 359 489 603 413 204 334 505 576 506 394 510 387 540 482 124 378 487 248 264 460 595 583
40 610 624 793 286 816 130 172 718 515 510 847 690 668 783 469 845 289 476 632 784 41 435 256 653 326 719 656 811 296 737 474 425 857 764 723
;

param:   cost_bundl  marginal :=
1 110 170
2 123 60
3 178 48
4 158 79
5 86 142
6 165 104
7 121 63
8 27 179
9 54 154
10 160 155
11 87 184
12 94 154
13 47 162
14 144 84
15 185 184
16 158 166
17 108 79
18 178 177
19 147 108
20 47 88
21 135 164
22 105 184
23 85 136
24 182 185
25 68 41
26 13 109
27 101 125
28 95 147
29 44 111
30 177 157
31 152 183
32 133 128
33 169 177
34 57 155
35 152 111
;
param: buyer budget :=
  0 810
  1 745
  2 840
  3 779
  4 1552
  5 1189
  6 2441
  7 2176
  8 1637
  9 913
  10 271
  11 1232
  12 387
  13 2116
  14 776
  15 40
  16 490
  17 2055
  18 920
  19 1120
  20 277
  21 2168
  22 1849
  23 1234
  24 1659
  25 1761
  26 1378
  27 1321
  28 386
  29 741
  30 1981
  31 2123
  32 664
  33 39
  34 448
  35 2016
  36 1969
  37 408
  38 1779
  39 1977
;
param num_partition :=
3
;
param: item partition_index cardinality :=
0 0 1
1 0 33
2 0 38
3 0 4
4 0 23
5 0 23
6 0 2
7 0 5
8 0 2
9 0 25
10 0 29
11 0 16
12 0 34
13 0 21
14 0 3
15 0 23
16 0 23
17 0 37
18 0 20
19 0 8
20 0 7
21 0 30
22 0 35
23 0 16
24 0 1
25 0 32
26 0 24
27 1 34
28 1 11
29 1 12
30 1 18
31 1 12
32 1 35
33 1 36
34 1 33
