param num_bundles := 35;

param num_cust := 40;

param price_reserve :
   1 2 3 4 5 6 7 8 9 10 11 12 13 14 15 16 17 18 19 20 21 22 23 24 25 26 27 28 29 30 31 32 33 34 35 :=
1 827 863 766 997 569 957 312 771 47 112 909 776 783 618 779 654 302 990 145 682 866 978 725 941 687 813 969 839 382 473 171 991 537 526 479
2 539 779 1041 172 974 452 1007 645 697 632 553 941 930 604 878 930 697 929 565 778 927 942 647 896 896 499 623 577 1019 919 181 321 1020 425 1009
3 488 847 520 563 784 669 285 675 451 445 474 578 643 213 693 694 450 609 239 559 264 746 419 476 153 675 574 286 61 756 366 528 469 471 841
4 696 493 1000 1167 692 1091 350 1068 784 1130 741 1023 655 1189 751 776 448 687 880 812 460 1024 1171 794 458 928 705 1109 1067 713 893 521 861 764 676
5 244 372 303 426 9 379 468 401 544 517 186 483 557 344 402 537 141 520 347 454 336 436 119 556 331 327 184 398 431 337 106 410 352 311 279
6 331 828 664 1035 569 247 774 822 925 35 869 304 930 919 378 940 577 1020 1000 845 549 973 696 872 200 970 822 930 960 358 1021 365 811 330 350
7 0 1005 826 493 895 726 1019 856 943 993 885 768 590 953 705 925 976 919 585 373 1003 258 1012 984 903 801 971 651 309 1004 388 978 700 831 1004
8 63 109 135 86 167 137 181 127 177 165 133 181 94 94 129 163 168 136 64 42 184 147 21 155 156 89 105 102 35 139 67 167 152 129 76
9 638 404 345 92 659 483 90 437 607 616 520 639 403 534 598 620 551 486 477 641 494 194 576 392 670 662 230 643 621 526 477 617 186 442 248
10 829 522 636 768 789 528 378 694 601 451 832 537 468 388 795 499 846 838 823 733 728 568 802 366 862 844 547 479 737 736 724 519 604 646 730
11 602 435 481 898 281 850 614 621 853 802 563 64 629 317 741 914 605 817 323 861 873 763 98 478 522 407 909 412 534 698 267 923 767 384 739
12 814 276 711 564 558 763 385 148 759 442 500 479 428 713 874 655 481 602 830 729 840 321 734 626 202 574 893 489 736 860 785 322 437 902 793
13 422 1049 551 1227 635 1179 1117 1071 1034 1268 1106 869 680 284 863 1240 580 1006 1241 920 472 709 790 802 850 950 1029 225 1161 1003 843 997 591 379 379
14 746 561 581 569 861 319 318 441 473 630 667 757 252 488 728 630 763 559 390 295 884 419 390 643 758 788 544 510 882 298 731 689 159 863 865
15 111 165 160 179 45 89 157 133 180 160 104 31 134 114 92 77 30 124 142 183 141 46 81 175 18 91 90 173 89 67 149 185 184 182 130
16 355 512 771 840 491 550 1009 755 577 431 907 461 881 573 859 737 657 716 1010 64 800 528 844 239 602 895 481 600 848 885 762 995 497 844 904
17 460 362 183 395 910 476 890 521 264 132 947 556 590 785 277 769 187 674 499 507 863 978 921 532 964 904 520 288 971 68 888 311 895 549 834
18 88 177 49 79 61 121 129 106 130 171 164 167 55 146 64 30 172 134 123 163 121 73 89 71 110 132 151 133 171 130 149 71 74 116 154
19 729 113 879 745 828 879 956 554 953 544 692 594 732 922 672 431 639 630 887 908 600 929 935 297 747 92 939 403 682 721 948 471 49 962 447
20 122 41 161 164 144 54 147 60 145 33 124 151 68 165 146 99 116 130 50 172 180 110 172 90 172 90 154 151 77 84 181 186 141 148 40
21 710 833 503 495 884 718 730 337 466 940 496 415 680 207 743 865 290 796 571 148 828 713 976 407 292 417 742 283 805 938 352 359 755 741 851
22 260 266 665 492 527 608 250 638 395 564 608 186 305 460 656 123 417 452 527 530 444 517 529 651 337 357 535 578 493 439 505 619 582 530 671
23 387 463 312 313 724 424 277 398 653 728 722 325 732 737 572 531 724 427 665 390 657 239 358 80 223 743 303 491 605 498 458 649 657 391 204
24 381 47 102 420 415 267 159 370 166 356 406 324 300 320 264 400 360 349 323 387 233 354 437 386 202 115 448 251 223 99 433 286 391 392 353
25 1157 523 413 515 922 961 323 1232 468 862 843 483 302 1127 447 700 888 935 962 643 1182 680 744 966 838 1067 836 746 1180 596 136 425 616 884 1118
26 665 764 839 677 585 845 527 625 586 814 856 530 107 395 663 192 309 812 709 779 301 744 546 173 468 807 869 750 824 847 434 697 483 769 937
27 700 1092 803 883 928 588 1059 270 1110 928 847 1143 743 748 895 1200 1076 642 357 1227 888 812 727 994 835 860 1169 998 995 1058 527 1018 697 1104 832
28 825 842 1047 662 991 209 934 698 377 742 536 772 540 1022 764 176 951 551 904 940 946 913 408 1014 868 537 825 957 771 947 953 754 622 867 723
29 398 946 247 640 935 1017 1019 504 483 1014 755 838 225 1003 987 707 721 620 512 738 839 593 806 763 909 869 633 525 689 599 955 622 897 555 904
30 777 957 591 886 762 669 703 496 297 667 683 910 544 975 821 376 816 1016 574 927 632 565 335 324 679 971 774 548 1054 611 544 604 594 1023 74
31 139 41 141 100 126 175 183 44 151 145 172 174 179 113 135 124 153 161 144 147 153 139 100 148 142 116 147 121 148 145 74 126 137 116 183
32 559 267 722 495 125 749 696 535 352 618 775 640 773 355 482 330 617 659 590 540 618 518 341 449 694 673 479 73 399 525 702 484 398 539 673
33 1166 840 857 1123 493 313 1082 940 833 1008 800 1027 620 1142 935 1038 734 390 906 839 792 886 853 975 547 682 284 547 419 835 669 731 997 1120 337
34 944 1095 473 758 954 550 1002 1110 576 855 982 1094 838 437 1010 962 1082 884 1067 263 478 994 1103 339 953 617 427 722 716 837 975 918 544 567 898
35 310 1003 719 770 805 166 1000 62 872 266 420 733 651 756 580 730 298 555 948 685 864 530 348 632 624 474 796 935 897 346 807 563 812 140 371
36 943 561 343 895 748 478 559 689 937 978 547 643 844 750 736 1025 706 705 745 590 828 814 224 188 526 958 894 896 963 1030 1012 510 855 764 508
37 525 900 750 383 697 515 258 800 862 860 710 557 910 1002 411 325 778 866 939 806 1000 807 487 291 829 947 650 950 417 601 675 983 942 725 865
38 184 509 521 196 723 813 310 668 523 724 381 700 768 592 305 647 802 301 747 428 397 819 364 739 407 504 556 568 376 254 576 644 610 304 615
39 691 553 349 326 593 737 869 184 593 273 192 802 848 690 513 615 648 741 510 514 707 838 512 393 638 860 697 806 576 130 260 500 519 502 728
40 613 397 314 337 827 215 586 805 498 817 550 823 803 525 635 544 268 491 824 348 789 567 629 785 237 539 636 818 819 451 806 292 444 516 476
;

param:   cost_bundl  marginal :=
1 46 121
2 29 46
3 161 62
4 102 136
5 93 102
6 151 82
7 162 95
8 35 112
9 147 136
10 172 130
11 54 141
12 139 109
13 159 156
14 14 67
15 47 103
16 80 170
17 173 184
18 30 71
19 161 133
20 90 142
21 149 141
22 132 149
23 161 157
24 160 116
25 178 169
26 107 119
27 177 145
28 148 135
29 172 157
30 104 89
31 124 173
32 186 71
33 167 136
34 161 47
35 57 120
;
param: buyer budget :=
  0 2137
  1 2158
  2 1480
  3 2043
  4 2148
  5 243
  6 2036
  7 591
  8 396
  9 1452
  10 2193
  11 1112
  12 1520
  13 2267
  14 693
  15 179
  16 36
  17 2223
  18 1471
  19 926
  20 2296
  21 626
  22 728
  23 1454
  24 237
  25 2465
  26 1592
  27 682
  28 1278
  29 1606
  30 324
  31 361
  32 1690
  33 985
  34 1213
  35 1598
  36 920
  37 1201
  38 1285
  39 577
;
param num_partition :=
3
;
param: item partition_index cardinality :=
0 0 29
1 0 6
2 0 23
3 0 1
4 0 1
5 0 29
6 0 24
7 0 32
8 0 4
9 0 33
10 0 22
11 0 37
12 0 26
13 0 24
14 0 25
15 0 10
16 0 19
17 0 16
18 0 8
19 0 15
20 0 4
21 0 30
22 1 6
23 1 29
24 1 29
25 1 35
26 1 38
27 1 8
28 1 14
29 1 7
30 1 33
31 1 2
32 1 25
33 1 27
34 1 32
