param num_bundles := 35;

param num_cust := 40;

param price_reserve :
   1 2 3 4 5 6 7 8 9 10 11 12 13 14 15 16 17 18 19 20 21 22 23 24 25 26 27 28 29 30 31 32 33 34 35 :=
1 860 626 1057 570 1190 947 432 1116 968 1122 1204 1176 1241 1202 1116 402 306 1254 713 251 278 930 165 376 1095 895 1158 856 661 773 561 853 259 1171 1072
2 632 490 479 295 598 681 607 254 316 553 719 464 573 500 406 541 372 353 317 676 399 172 652 621 192 391 532 592 102 602 364 542 139 715 667
3 356 825 866 515 551 822 394 296 807 510 645 651 836 837 772 1018 299 678 864 873 854 511 974 509 842 244 986 649 674 921 996 800 655 332 565
4 628 554 425 420 549 432 588 541 345 247 82 461 643 269 420 609 579 462 547 465 402 590 626 515 256 402 505 593 291 278 575 567 129 119 540
5 941 604 383 863 949 763 665 840 783 891 423 948 845 778 949 395 959 760 659 910 703 949 500 729 693 527 882 765 813 826 529 515 913 780 559
6 226 564 469 380 709 354 744 117 765 591 447 529 424 666 519 663 489 537 487 644 589 772 461 592 347 620 692 172 339 717 470 659 313 288 464
7 666 730 611 573 348 608 298 497 683 653 643 1013 228 996 523 1080 428 581 650 1009 954 701 1211 1085 1201 1190 364 734 902 1078 0 954 1036 751 1099
8 694 375 330 274 450 847 877 355 427 374 555 715 647 483 599 375 684 640 306 820 539 501 420 498 806 92 778 374 641 398 774 270 833 567 750
9 64 333 656 891 932 899 882 631 910 740 687 984 756 863 902 870 829 688 535 412 169 975 789 329 500 933 108 468 270 599 869 648 932 963 974
10 1034 360 876 994 1074 967 347 829 918 637 991 732 505 530 1102 1120 243 837 406 640 475 828 988 987 947 459 939 480 937 781 1081 657 860 150 709
11 100 1025 994 1109 191 455 339 912 419 1015 531 585 936 932 723 1031 472 1081 960 764 872 778 1018 940 804 754 856 387 704 1004 91 1034 597 651 573
12 1057 723 967 666 377 609 1026 467 271 506 629 773 769 972 744 926 962 285 367 924 963 395 1008 209 493 1030 240 424 420 657 980 383 668 315 636
13 499 1117 789 88 732 607 993 920 612 1146 592 989 391 924 1044 691 522 222 1188 542 664 544 871 661 844 990 650 492 971 880 926 1167 316 1116 1190
14 453 488 484 123 290 247 432 323 481 529 190 549 277 348 549 476 451 358 416 393 182 407 245 363 233 219 366 357 36 91 235 262 509 478 231
15 942 646 492 573 570 492 1208 773 1245 838 1050 839 1138 1021 421 768 228 731 1098 493 1001 801 864 96 1155 624 957 941 66 797 1102 1198 909 1084 1056
16 199 1118 873 851 476 256 723 878 83 511 441 183 927 1214 536 574 1048 744 996 721 1215 710 631 1097 1186 790 883 276 1164 1141 1209 1169 343 661 501
17 252 189 131 165 423 402 408 322 411 339 327 398 338 249 304 385 347 122 436 432 260 249 181 275 162 188 432 423 357 45 169 257 398 352 311
18 583 963 1115 388 587 744 178 697 537 669 1086 997 245 724 982 535 1046 843 726 1060 879 954 848 1114 747 690 1097 679 969 929 636 761 984 1054 812
19 147 567 392 455 402 220 714 596 422 310 658 622 313 291 224 545 492 683 678 639 602 702 703 356 100 352 392 369 664 307 600 175 531 281 597
20 358 962 945 1185 678 969 771 1167 1182 1037 379 1021 1190 838 713 861 913 789 652 849 1012 497 880 867 1066 912 711 412 718 908 903 1032 500 838 984
21 371 143 241 258 331 189 334 341 135 333 285 219 339 190 72 236 371 291 287 61 366 347 71 215 354 274 344 253 111 277 356 36 167 213 270
22 960 618 292 504 564 590 758 714 488 909 345 755 761 732 39 793 785 939 875 714 1014 995 883 615 547 294 587 1025 1008 943 1042 728 897 491 945
23 952 199 900 56 378 219 850 735 679 875 903 660 821 946 939 438 162 820 972 274 840 895 987 984 996 58 758 803 587 862 622 901 460 774 692
24 140 1170 520 844 307 615 879 712 684 173 1011 832 576 1098 277 870 1032 296 513 664 841 762 366 909 536 1093 601 543 1208 300 1165 833 1013 1048 1145
25 675 1044 281 723 751 1167 823 580 756 1179 513 876 467 1166 850 1043 675 769 1030 374 744 1133 949 801 910 355 899 1127 628 516 756 302 673 864 421
26 814 480 904 671 688 577 657 765 855 900 734 476 854 754 873 755 657 719 762 751 696 409 197 485 466 449 457 618 823 452 793 282 263 505 571
27 165 286 217 432 714 462 598 725 452 557 563 608 342 675 548 499 568 267 746 707 332 272 405 722 488 352 194 350 320 650 311 388 563 592 444
28 305 465 250 363 297 457 124 335 304 31 391 220 498 127 271 163 251 337 157 525 545 556 544 114 541 407 331 543 115 317 401 463 425 507 446
29 659 720 819 518 667 159 674 685 219 441 433 524 579 625 568 797 413 759 837 156 556 588 826 886 753 119 571 738 628 629 611 112 863 292 101
30 1020 494 956 748 854 445 431 825 1160 516 1039 1063 759 452 897 1021 767 724 641 1009 935 676 1010 930 837 733 322 842 1101 495 1012 114 811 1118 1180
31 125 512 510 501 288 558 545 251 143 130 475 622 468 153 80 518 372 629 546 504 382 555 530 359 265 446 475 295 472 207 500 588 357 145 432
32 112 160 87 105 128 36 76 29 181 84 105 131 167 152 91 114 120 99 147 136 91 185 171 36 125 180 100 130 104 115 62 87 95 179 141
33 188 445 435 446 263 340 434 398 170 450 159 449 192 423 450 352 435 395 292 130 395 445 171 220 403 251 422 378 319 314 305 284 87 370 404
34 422 743 872 906 369 1013 941 749 843 381 522 823 581 601 794 946 1032 1083 1097 829 934 1049 927 621 1070 533 741 752 404 799 276 1072 931 1039 1006
35 445 411 606 606 636 726 261 527 560 672 750 507 731 482 688 764 504 482 676 717 506 706 422 760 683 329 582 768 613 348 439 629 396 177 446
36 814 88 44 537 785 671 731 765 847 694 156 865 83 839 463 504 267 809 821 222 637 755 831 692 778 824 725 401 752 661 873 223 787 581 870
37 368 790 1105 238 1159 1113 728 1151 1070 660 601 458 338 1136 119 923 911 722 810 844 1195 1200 435 1061 1098 982 883 1071 573 990 703 699 1193 1200 1180
38 557 888 630 739 972 114 792 648 529 205 798 768 112 978 545 146 763 757 793 709 383 947 342 862 672 321 852 789 561 588 930 243 970 463 262
39 422 152 59 347 385 364 406 301 426 131 260 403 316 94 90 435 330 309 343 239 285 164 422 323 445 418 320 390 241 233 249 382 410 184 383
40 1193 1075 1072 328 995 203 930 835 692 880 1187 1097 1046 875 982 880 830 1149 640 925 846 987 1134 943 1170 477 1081 815 254 307 437 251 841 1082 539
;

param:   cost_bundl  marginal :=
1 156 115
2 133 171
3 59 153
4 117 144
5 174 157
6 140 66
7 143 91
8 103 185
9 38 69
10 154 82
11 115 120
12 134 77
13 126 151
14 88 69
15 54 105
16 179 181
17 116 134
18 138 158
19 86 167
20 60 153
21 87 75
22 148 58
23 35 175
24 84 179
25 117 153
26 58 176
27 135 150
28 65 31
29 162 81
30 63 167
31 113 130
32 131 149
33 139 101
34 107 110
35 138 157
;
param: buyer budget :=
  0 1840
  1 2241
  2 924
  3 146
  4 1220
  5 340
  6 2440
  7 1190
  8 564
  9 1058
  10 2350
  11 664
  12 252
  13 987
  14 2010
  15 1427
  16 933
  17 1847
  18 1371
  19 1089
  20 838
  21 430
  22 1306
  23 1471
  24 2283
  25 2144
  26 2016
  27 819
  28 2038
  29 1414
  30 2324
  31 1747
  32 1853
  33 351
  34 2330
  35 2171
  36 2359
  37 1388
  38 1523
  39 1327
;
param num_partition :=
3
;
param: item partition_index cardinality :=
0 0 12
1 0 3
2 0 13
3 0 18
4 0 29
5 0 6
6 0 8
7 0 13
8 0 23
9 0 31
10 0 28
11 0 15
12 0 25
13 0 35
14 0 21
15 0 11
16 0 2
17 0 36
18 0 2
19 0 39
20 0 20
21 0 6
22 0 19
23 1 26
24 1 13
25 1 4
26 1 3
27 1 30
28 1 7
29 1 29
30 1 33
31 1 2
32 1 32
33 1 32
34 1 38
