param num_bundles := 35;

param num_cust := 40;

param price_reserve :
   1 2 3 4 5 6 7 8 9 10 11 12 13 14 15 16 17 18 19 20 21 22 23 24 25 26 27 28 29 30 31 32 33 34 35 :=
1 930 781 817 754 1152 751 203 690 1036 704 717 471 567 843 875 859 575 1039 493 1137 1047 625 1064 1138 457 620 1005 824 1118 256 854 788 461 305 1106
2 621 962 303 816 173 599 1030 1005 969 510 506 755 1039 894 652 775 919 801 1020 422 478 899 736 545 381 865 459 815 806 872 811 714 977 121 1007
3 780 1051 642 906 507 806 843 869 1023 907 1043 510 1090 1166 93 564 922 535 1003 954 734 281 955 1105 1168 1141 274 947 754 1095 877 168 1170 835 1071
4 208 85 165 405 261 274 184 290 426 177 153 247 191 423 165 66 429 310 348 358 293 375 321 284 190 343 182 401 430 214 340 139 278 376 208
5 318 340 578 473 790 207 945 257 1264 715 1043 1114 818 902 550 466 725 992 1013 176 1192 1015 127 256 1262 570 963 1118 567 266 1108 400 517 1165 895
6 514 508 570 579 767 666 873 892 930 629 328 897 940 991 676 360 714 290 452 322 643 588 794 707 913 837 604 355 323 631 948 184 911 840 392
7 644 654 543 373 758 771 583 459 350 668 743 802 649 329 438 479 806 484 643 292 272 568 369 570 379 607 704 593 255 697 671 619 729 314 750
8 836 997 1030 296 846 861 831 1056 627 1075 1040 1014 676 428 297 237 732 964 530 947 122 742 647 776 684 922 603 963 828 729 620 1008 789 1006 639
9 326 756 511 907 884 900 712 714 701 678 579 753 855 494 330 913 583 314 514 930 679 379 741 873 349 957 310 523 809 752 56 259 672 564 505
10 475 279 611 161 321 327 565 498 384 391 385 514 640 95 457 167 533 512 579 638 275 126 226 455 444 546 346 258 472 617 351 579 343 535 494
11 692 338 807 599 591 958 938 842 630 1067 911 998 815 1079 183 308 716 659 562 295 1068 896 866 894 582 1028 259 215 488 386 192 460 540 513 452
12 988 961 880 278 516 691 565 944 808 911 861 1104 873 619 91 260 333 875 587 453 245 613 96 424 626 82 1025 864 1093 994 268 980 139 726 445
13 1030 608 1024 340 485 879 436 1064 1131 1122 1182 637 985 1202 1123 276 771 616 1065 368 1110 957 922 849 1064 788 569 977 126 1084 1086 1139 811 1120 902
14 982 735 1052 1040 1204 1006 755 1145 664 439 704 595 1046 508 991 658 628 1257 626 545 899 526 395 940 1069 512 377 930 1146 604 1270 917 671 494 993
15 784 738 207 382 621 737 830 542 158 294 420 820 803 500 644 659 818 559 477 641 528 704 272 361 583 731 527 694 780 288 464 722 402 798 110
16 634 805 715 710 1052 599 634 885 468 350 707 1091 1069 933 993 807 963 899 793 1066 392 470 1089 1102 1017 1010 630 1014 689 580 485 635 940 875 839
17 532 471 848 389 735 536 250 519 631 680 560 226 428 657 230 723 566 509 696 933 505 764 844 925 491 606 801 725 314 643 921 882 356 337 615
18 673 649 239 999 493 758 628 662 755 1007 408 744 493 600 301 811 995 389 788 837 188 394 535 722 1078 871 1046 940 717 905 845 843 456 1027 187
19 770 628 626 767 425 616 115 951 761 524 746 798 196 802 647 162 980 715 496 740 659 821 692 980 1027 914 580 884 578 1028 557 179 751 198 831
20 944 171 347 1087 538 1116 919 1018 421 798 972 1019 939 873 564 621 1094 773 658 749 1027 698 919 1122 819 824 619 889 1132 834 239 321 943 764 598
21 627 709 711 700 572 662 180 302 490 562 383 327 571 642 509 110 251 570 145 715 694 699 309 313 266 624 511 522 431 350 562 542 129 398 199
22 721 846 517 498 662 660 494 707 232 84 403 802 902 306 659 441 233 800 415 326 1015 987 921 551 777 722 681 879 905 822 988 102 476 932 445
23 394 349 411 353 652 194 120 473 500 538 441 669 450 244 642 227 298 449 665 407 533 345 656 444 346 593 542 631 590 532 0 223 225 411 289
24 914 710 748 835 311 404 815 79 866 773 911 709 797 795 648 543 907 901 761 623 312 377 899 726 164 864 116 313 385 739 570 622 667 457 667
25 1037 1121 669 1095 914 779 567 1127 401 865 996 989 283 779 969 1151 709 955 1072 995 1083 1157 921 195 835 1107 949 1006 685 1124 659 1125 892 633 839
26 408 232 371 321 251 222 281 168 421 337 434 396 283 206 446 319 359 284 257 390 270 417 449 247 13 332 307 98 327 380 241 269 413 406 185
27 1130 1032 1015 1119 981 873 985 1027 836 1064 854 1227 381 1088 493 912 763 186 964 819 1084 726 390 504 972 244 235 852 847 437 553 1089 922 350 919
28 248 355 506 238 493 366 357 400 169 354 442 337 238 286 358 251 365 381 457 408 388 267 286 402 134 358 411 398 237 440 386 304 266 478 299
29 786 1055 493 1042 1091 1169 1234 1159 248 498 643 499 294 78 1130 513 768 527 1071 984 788 1237 1205 871 1205 500 215 411 1051 530 952 1134 826 1007 884
30 830 637 856 739 187 766 271 687 335 644 334 563 222 323 821 786 719 356 728 744 788 484 828 659 644 672 293 690 827 603 629 842 847 833 650
31 454 92 496 533 148 425 540 462 440 411 186 344 231 400 543 561 155 342 387 509 441 535 508 298 522 139 550 404 244 486 405 439 516 411 502
32 943 943 684 424 1007 1043 566 277 645 666 669 548 1040 266 735 825 896 577 450 1056 911 1061 862 525 969 613 401 498 604 287 746 507 165 945 1028
33 314 65 99 275 337 27 385 318 386 241 378 344 408 415 246 386 402 68 360 428 244 169 435 443 356 313 202 430 112 406 94 258 318 353 425
34 967 596 927 550 103 729 654 841 1043 643 651 1089 659 143 443 608 1030 1039 961 856 938 921 81 508 880 542 680 461 137 835 647 914 304 668 423
35 632 726 647 185 902 1089 854 680 605 473 940 890 1185 755 931 522 1070 1028 1227 1181 1060 69 506 1142 772 886 1212 575 1083 649 1125 995 515 839 430
36 652 611 1060 657 364 872 960 1101 796 1155 67 1153 711 112 887 1051 1092 835 674 728 613 749 844 162 529 806 1116 847 379 916 838 564 879 1083 1115
37 771 694 326 316 778 564 486 350 709 314 857 444 819 421 846 778 648 520 840 693 263 788 618 752 855 860 483 844 859 835 607 140 587 830 320
38 239 129 280 314 307 354 308 154 312 239 301 310 294 277 344 115 348 277 252 124 302 367 285 321 297 354 361 150 149 328 331 28 334 298 364
39 213 884 590 1072 901 958 1083 781 709 921 585 126 791 1072 622 18 811 633 512 450 1033 699 794 836 606 414 253 329 591 443 767 870 778 784 303
40 953 1039 1118 1213 769 588 1143 837 1209 354 706 831 932 954 1175 658 563 466 1172 1143 710 253 1184 951 1243 1135 1150 957 1056 493 855 735 1051 1141 985
;

param:   cost_bundl  marginal :=
1 179 124
2 82 164
3 153 177
4 119 184
5 156 114
6 144 160
7 178 183
8 67 147
9 177 182
10 133 157
11 180 142
12 82 56
13 127 136
14 98 114
15 132 81
16 139 171
17 142 166
18 136 54
19 140 97
20 171 165
21 50 118
22 180 59
23 91 107
24 76 167
25 143 57
26 120 99
27 44 149
28 183 132
29 110 125
30 97 111
31 104 180
32 175 86
33 175 45
34 64 170
35 56 158
;
param: buyer budget :=
  0 194
  1 2371
  2 2030
  3 2048
  4 2080
  5 961
  6 230
  7 1662
  8 1325
  9 791
  10 2273
  11 1826
  12 2245
  13 557
  14 1571
  15 1
  16 2275
  17 2527
  18 2419
  19 216
  20 1194
  21 302
  22 642
  23 2459
  24 764
  25 2014
  26 1281
  27 2051
  28 1775
  29 1325
  30 1882
  31 1774
  32 587
  33 564
  34 1917
  35 608
  36 700
  37 982
  38 1059
  39 1793
;
param num_partition :=
3
;
param: item partition_index cardinality :=
0 0 29
1 0 2
2 0 9
3 0 22
4 0 38
5 0 13
6 0 6
7 0 33
8 0 10
9 0 25
10 0 29
11 1 23
12 1 24
13 1 6
14 1 2
15 1 8
16 1 12
17 1 21
18 1 33
19 1 35
20 1 13
21 1 29
22 1 12
23 1 21
24 1 24
25 1 1
26 1 10
27 1 11
28 1 12
29 1 4
30 1 14
31 1 37
32 1 14
33 1 25
34 1 14
