param num_bundles := 35;

param num_cust := 40;

param price_reserve :
   1 2 3 4 5 6 7 8 9 10 11 12 13 14 15 16 17 18 19 20 21 22 23 24 25 26 27 28 29 30 31 32 33 34 35 :=
1 530 323 221 453 192 360 534 665 544 452 185 581 460 560 442 199 554 653 278 362 456 450 680 413 606 272 327 555 603 326 484 349 404 669 644
2 434 829 463 769 541 881 472 878 892 633 210 941 483 598 953 872 917 775 421 929 237 448 717 478 689 930 549 691 374 778 107 444 835 208 473
3 557 560 670 408 268 601 715 169 280 678 693 524 580 110 777 734 724 735 668 770 720 441 328 257 198 616 619 556 646 559 539 160 720 478 296
4 582 703 995 688 962 741 317 398 613 793 673 922 488 330 466 761 797 590 735 928 194 849 830 424 386 768 1023 676 973 551 629 822 936 391 529
5 300 681 441 673 480 1032 161 850 722 523 827 1008 894 805 953 167 803 441 292 904 883 1051 1093 790 474 1019 975 780 423 890 693 936 1098 937 899
6 186 588 344 316 452 527 373 423 266 484 605 202 424 587 351 447 533 344 331 255 592 572 463 71 541 594 551 582 389 192 418 571 600 520 294
7 867 981 578 498 319 643 950 947 601 495 417 934 676 946 315 978 655 1049 575 398 226 931 626 403 797 483 497 960 875 982 584 628 443 759 563
8 526 644 535 436 332 413 582 384 421 579 460 193 80 630 177 415 103 271 596 468 526 593 343 578 446 604 324 284 478 602 520 221 639 427 297
9 464 161 872 658 945 563 739 696 813 215 914 866 364 773 918 536 371 293 678 712 252 541 825 933 378 174 204 927 386 882 838 640 194 347 913
10 359 535 526 437 424 483 453 534 56 406 173 158 471 494 215 517 445 202 303 273 432 484 77 552 169 290 346 318 351 544 229 414 410 420 425
11 1039 807 977 744 1034 951 116 888 310 933 1056 509 600 961 887 810 629 493 947 257 977 1039 878 564 510 971 911 1062 846 1016 904 728 598 637 569
12 506 379 596 588 183 257 518 397 511 392 524 334 314 508 527 452 53 402 544 548 253 373 243 44 168 539 409 78 195 221 582 285 399 266 480
13 581 447 1024 618 866 896 810 1104 553 778 782 723 709 1037 493 413 823 770 643 622 611 549 1058 831 1073 798 1073 966 940 908 745 325 600 910 1111
14 1075 509 1134 916 790 1113 881 516 1117 1022 729 519 1007 578 570 803 375 907 663 1040 814 817 423 989 932 811 404 911 902 1059 647 1121 577 564 764
15 501 492 759 563 565 600 400 492 163 184 789 730 394 435 801 499 751 422 757 378 445 514 601 607 756 669 673 725 679 681 698 64 717 435 698
16 245 424 336 288 274 329 560 522 529 296 474 455 544 477 290 452 443 543 572 480 349 500 508 510 352 453 36 587 501 262 551 557 575 520 380
17 833 1002 1046 282 1036 747 565 891 682 406 1052 980 836 994 638 842 1025 781 646 1037 147 982 123 440 996 662 854 619 211 222 690 764 239 875 692
18 829 317 86 219 449 412 937 635 695 470 862 287 452 819 961 713 904 184 885 996 637 33 991 956 567 554 896 589 752 571 374 544 840 928 991
19 361 433 239 720 587 567 929 817 820 868 508 628 684 729 405 500 844 788 366 874 883 967 194 953 898 541 772 493 592 671 678 446 422 496 649
20 895 748 718 1071 609 996 924 483 782 988 1117 1031 62 341 850 953 856 930 1046 1071 906 410 357 1086 599 824 404 845 640 75 994 464 949 1079 728
21 553 486 543 509 468 94 172 680 584 337 522 531 175 211 586 711 418 116 576 576 363 397 493 621 117 556 545 633 327 201 630 457 69 219 640
22 873 952 840 695 895 522 214 90 504 925 458 486 760 378 937 758 387 507 563 731 421 724 639 302 513 459 720 647 739 325 919 910 889 528 547
23 359 353 701 615 441 847 272 520 1023 923 239 476 471 1240 1084 1026 1255 1131 1071 1217 890 813 956 358 755 915 1203 1003 365 306 992 1143 587 1219 150
24 909 1090 1125 716 921 561 913 480 1197 1136 806 1061 955 977 1075 1124 1136 1085 1185 1131 1141 935 1087 1026 490 877 416 738 1092 560 1055 991 520 809 1110
25 360 760 848 779 746 1007 1021 242 1006 1096 894 674 1066 983 214 575 1086 350 568 1052 1060 755 890 668 1122 953 886 1000 33 835 982 866 1022 271 611
26 355 260 204 285 239 368 216 150 359 295 445 169 393 450 181 433 345 407 261 114 85 412 382 415 369 340 312 112 354 231 201 281 451 451 294
27 560 496 795 720 352 582 495 402 447 742 721 767 844 276 800 873 533 442 803 594 921 950 897 448 599 867 409 748 805 641 743 814 635 492 974
28 173 130 166 61 156 102 110 50 136 157 80 64 161 116 111 77 143 139 181 10 109 152 129 119 183 154 103 180 94 140 104 179 131 89 147
29 859 448 836 952 166 1006 993 656 372 756 933 896 543 820 453 947 452 1013 700 637 727 663 959 628 744 775 883 985 699 702 730 869 735 940 430
30 608 113 292 728 405 545 678 477 337 170 242 43 512 402 491 717 651 539 563 209 703 260 507 655 546 450 674 650 350 625 289 501 610 723 222
31 846 906 881 77 224 991 892 790 882 726 909 986 951 589 527 295 827 491 711 877 485 524 443 999 761 722 940 401 557 515 778 738 502 948 649
32 1103 494 1109 1003 995 619 984 922 1018 998 532 599 805 966 906 772 1182 0 846 452 1143 616 981 1000 965 622 786 126 1119 1156 301 715 948 1042 817
33 459 39 52 422 365 542 119 427 341 321 350 505 228 457 162 440 494 478 269 389 379 419 129 441 270 416 549 377 203 173 450 474 494 301 514
34 870 837 784 121 852 849 944 1173 880 684 821 549 675 590 1121 266 978 1140 467 321 796 1089 572 1164 1052 399 1017 697 934 337 824 1018 1088 1167 1181
35 315 358 310 446 383 351 459 347 264 481 432 483 334 252 415 336 149 455 196 473 318 487 236 380 91 384 418 380 73 206 303 307 294 364 461
36 571 550 665 356 330 422 675 325 633 143 401 405 497 676 538 628 371 348 323 653 476 236 543 640 620 614 525 513 352 285 91 186 409 360 468
37 800 900 921 842 807 836 681 781 108 760 703 968 766 582 587 417 952 278 828 314 975 246 913 113 545 1001 504 973 750 955 729 303 612 266 733
38 769 1043 936 453 953 582 634 831 646 701 179 971 1060 695 702 214 438 691 1025 839 1013 1139 350 931 810 442 425 935 1134 1088 1113 1042 1063 488 887
39 640 783 585 263 359 546 471 432 573 159 447 230 585 658 783 662 589 794 437 348 635 699 644 671 412 367 694 706 666 380 580 293 506 601 676
40 891 1157 403 918 324 942 1209 1161 668 917 542 735 984 380 934 951 56 1261 952 1251 1153 1128 722 1195 520 1225 587 571 1238 759 786 849 1005 469 841
;

param:   cost_bundl  marginal :=
1 74 143
2 176 119
3 174 88
4 186 164
5 33 136
6 126 136
7 168 54
8 156 101
9 116 151
10 159 33
11 122 94
12 185 150
13 99 168
14 71 173
15 165 110
16 133 183
17 184 72
18 164 99
19 91 185
20 157 173
21 183 98
22 173 114
23 165 66
24 68 108
25 126 160
26 56 133
27 91 166
28 67 149
29 14 83
30 93 73
31 165 129
32 78 90
33 88 100
34 126 47
35 176 176
;
param: buyer budget :=
  0 652
  1 725
  2 2370
  3 1866
  4 1152
  5 1673
  6 1964
  7 1835
  8 459
  9 1636
  10 518
  11 410
  12 1819
  13 70
  14 1457
  15 1114
  16 721
  17 2467
  18 97
  19 1550
  20 1434
  21 2117
  22 421
  23 883
  24 1077
  25 485
  26 399
  27 1939
  28 1111
  29 460
  30 1502
  31 427
  32 2081
  33 1597
  34 197
  35 147
  36 2182
  37 1302
  38 1869
  39 1807
;
param num_partition :=
3
;
param: item partition_index cardinality :=
0 0 31
1 0 38
2 0 37
3 0 37
4 0 19
5 0 21
6 0 7
7 0 30
8 0 22
9 0 16
10 0 31
11 0 28
12 0 30
13 0 5
14 0 16
15 0 32
16 0 38
17 1 29
18 1 15
19 1 23
20 1 2
21 1 12
22 1 3
23 1 17
24 1 14
25 1 16
26 1 10
27 1 36
28 1 17
29 1 8
30 1 10
31 1 23
32 1 22
33 1 4
34 1 24
