param num_bundles := 35;

param num_cust := 40;

param price_reserve :
   1 2 3 4 5 6 7 8 9 10 11 12 13 14 15 16 17 18 19 20 21 22 23 24 25 26 27 28 29 30 31 32 33 34 35 :=
1 1135 559 832 1171 766 1133 1055 833 574 681 627 568 1219 949 1074 1079 569 987 953 1217 1219 547 1145 1172 36 1173 416 601 438 567 1061 494 824 987 1181
2 263 706 647 366 668 273 763 656 221 646 706 496 350 537 712 566 680 506 554 535 741 278 311 541 461 650 516 703 688 731 765 616 641 599 291
3 642 367 819 589 1057 1049 366 219 1091 584 1014 252 852 795 891 214 957 1065 732 733 765 889 844 769 941 832 751 78 567 1105 1065 470 350 848 1048
4 994 186 474 860 989 652 340 431 1076 696 327 644 1060 941 134 741 543 742 300 859 1073 599 901 724 564 810 1059 975 743 224 422 306 341 620 527
5 929 1207 1235 1072 1018 1141 938 498 966 398 1207 695 951 634 1172 1120 1240 546 498 324 469 540 243 883 1239 882 1055 1161 960 874 1222 639 882 993 1225
6 174 153 64 151 30 145 80 175 111 74 160 151 171 130 121 91 84 94 181 41 179 120 89 116 118 157 153 130 180 177 133 181 102 169 150
7 170 820 189 881 747 992 774 515 953 640 997 190 359 885 322 887 498 915 724 292 916 880 681 705 696 401 588 606 641 906 1008 538 127 649 927
8 230 136 222 349 306 345 151 366 227 190 267 361 299 97 288 232 293 132 183 257 328 240 298 350 145 270 343 320 269 371 346 366 115 146 236
9 353 894 258 710 370 715 468 873 870 494 462 282 803 283 773 771 593 572 409 825 878 270 900 899 318 839 773 449 495 867 807 730 446 756 598
10 317 1012 456 1010 608 1054 1033 955 947 1069 866 537 819 713 1114 891 863 1114 409 532 1008 305 921 632 424 773 234 699 925 934 1017 1107 523 560 936
11 564 813 688 661 599 727 794 769 346 596 600 747 737 630 438 368 629 746 787 647 360 653 649 472 444 367 650 749 349 592 539 488 820 652 749
12 613 725 790 1120 952 397 346 1079 644 594 865 967 1061 668 1045 410 620 222 869 225 331 877 433 555 1001 286 1003 1076 899 764 678 1025 618 145 812
13 537 179 450 946 1176 466 1083 904 880 1163 513 275 1200 489 1065 379 1023 1166 678 983 552 889 985 291 512 1050 605 954 1164 1170 795 1158 240 934 600
14 524 314 862 343 1049 1020 1058 911 739 1005 679 1095 568 720 734 986 827 1064 842 1083 954 1018 222 947 792 761 305 1046 946 1071 339 1085 165 504 18
15 349 294 207 63 194 345 91 210 180 323 129 287 177 281 177 371 205 352 153 106 277 312 261 266 336 229 120 312 224 231 102 334 291 319 197
16 590 1113 909 1074 567 624 303 714 1117 472 769 746 950 181 788 876 944 294 891 233 652 1063 643 118 956 735 701 425 1042 386 901 836 403 1065 589
17 340 500 494 403 503 462 239 162 366 389 253 253 336 195 227 151 498 260 392 135 312 375 416 318 377 436 326 169 336 197 499 478 470 159 101
18 571 821 255 615 225 888 827 945 813 737 681 787 938 251 527 860 953 762 769 534 867 586 863 177 726 350 846 533 806 731 929 508 685 385 328
19 557 320 629 226 539 546 377 521 434 371 247 237 486 624 629 258 346 299 431 592 487 567 642 290 575 28 354 554 361 634 136 293 643 475 571
20 755 242 473 559 749 669 853 748 784 779 288 952 782 369 40 587 741 815 424 953 807 930 495 442 904 622 613 100 107 653 494 697 959 810 522
21 748 599 378 989 803 624 612 694 570 905 912 546 944 958 86 959 914 540 538 987 633 768 790 392 953 149 385 850 447 938 269 832 783 946 954
22 840 507 712 967 984 846 337 1091 1037 839 380 862 68 454 722 652 676 1056 115 967 490 975 920 925 741 787 420 762 489 1023 1068 631 559 1034 884
23 568 621 764 606 1012 907 719 575 389 717 482 965 594 861 427 601 952 705 461 542 246 948 323 822 801 838 921 696 996 917 443 370 805 994 959
24 79 355 162 219 162 363 209 247 329 247 369 270 231 230 355 258 371 261 224 363 223 162 260 368 77 322 361 339 335 268 363 262 163 257 274
25 288 506 325 496 564 399 547 504 462 522 607 536 423 639 154 104 540 606 236 559 289 462 635 455 293 410 457 561 621 496 145 200 399 208 421
26 568 480 615 69 538 384 468 754 125 335 530 715 371 468 163 758 503 337 550 126 702 680 684 345 716 699 709 558 716 670 544 396 443 354 261
27 736 599 663 848 529 340 615 261 880 629 834 885 731 484 653 923 902 620 295 169 697 912 343 682 430 136 595 872 840 632 183 442 911 734 828
28 1229 1005 983 590 910 502 803 572 1256 454 1199 861 890 470 508 855 1129 1129 960 1090 880 1182 1230 752 1129 779 746 892 1098 526 849 74 237 1059 94
29 524 350 822 837 620 204 977 659 591 878 891 570 839 459 752 601 772 598 383 808 942 878 980 480 146 933 473 998 691 877 255 567 485 915 900
30 443 385 619 762 532 433 136 844 587 847 870 161 72 360 712 639 451 895 498 513 930 458 535 250 807 869 632 279 621 907 827 816 691 940 471
31 578 922 795 672 255 804 1000 249 841 218 470 95 345 317 527 983 368 292 836 968 311 915 849 903 956 448 1096 263 906 186 791 594 557 744 704
32 221 360 530 260 690 688 593 738 727 335 629 115 274 630 717 682 590 330 603 547 581 584 491 462 545 720 121 415 257 768 759 631 707 505 155
33 59 179 174 116 168 115 67 142 87 140 144 158 81 167 177 177 142 97 173 173 89 154 148 61 182 85 50 99 114 163 105 81 106 144 132
34 361 284 294 344 205 299 290 217 199 330 285 242 220 272 354 163 20 266 364 342 34 364 365 344 236 139 299 300 373 335 272 334 316 353 211
35 932 927 988 680 1001 153 1098 560 963 1197 885 1188 913 480 850 942 1125 888 655 1090 1026 959 1192 1087 583 791 770 286 40 1034 1155 534 1145 675 461
36 422 634 246 185 567 544 638 465 545 593 622 390 524 477 490 214 415 627 464 114 438 598 477 448 423 268 541 300 560 348 94 370 405 450 639
37 54 288 287 376 93 442 267 83 345 322 436 372 207 299 419 357 388 449 407 361 124 326 148 434 147 446 415 450 170 187 343 175 321 425 195
38 666 1015 857 802 851 692 274 798 975 756 939 651 424 558 876 858 143 393 785 510 976 363 1063 1024 984 892 463 902 648 337 886 416 767 449 862
39 757 600 921 731 150 745 498 231 840 693 848 715 843 972 260 986 966 587 990 987 993 944 419 580 770 796 719 615 592 741 351 392 941 882 226
40 455 505 473 466 309 174 184 452 259 399 170 292 471 349 457 499 391 158 299 310 394 140 497 452 422 472 341 471 292 417 337 475 486 346 466
;

param:   cost_bundl  marginal :=
1 25 167
2 129 184
3 88 148
4 155 179
5 132 122
6 90 61
7 183 144
8 119 80
9 109 118
10 136 37
11 118 161
12 35 121
13 140 71
14 74 185
15 101 139
16 106 110
17 102 104
18 65 144
19 15 124
20 154 121
21 158 145
22 40 91
23 174 124
24 179 153
25 169 56
26 168 183
27 174 155
28 171 161
29 169 60
30 104 60
31 149 136
32 174 112
33 161 185
34 169 74
35 178 97
;
param: buyer budget :=
  0 649
  1 2043
  2 860
  3 208
  4 2432
  5 1040
  6 931
  7 1475
  8 981
  9 1454
  10 2013
  11 900
  12 677
  13 1866
  14 1663
  15 744
  16 42
  17 1142
  18 160
  19 1623
  20 1798
  21 2486
  22 1631
  23 133
  24 2316
  25 1447
  26 963
  27 287
  28 2484
  29 781
  30 1178
  31 2299
  32 1382
  33 2439
  34 2363
  35 2030
  36 654
  37 75
  38 1076
  39 1055
;
param num_partition :=
3
;
param: item partition_index cardinality :=
0 0 14
1 0 5
2 0 37
3 0 37
4 0 12
5 0 21
6 0 20
7 0 38
8 0 23
9 0 14
10 0 2
11 0 26
12 0 25
13 0 30
14 0 13
15 0 6
16 0 12
17 0 5
18 0 32
19 0 27
20 0 25
21 1 8
22 1 7
23 1 5
24 1 18
25 1 28
26 1 15
27 1 35
28 1 3
29 1 38
30 1 19
31 1 21
32 1 27
33 1 8
34 1 21
