param num_bundles := 35;

param num_cust := 40;

param price_reserve :
   1 2 3 4 5 6 7 8 9 10 11 12 13 14 15 16 17 18 19 20 21 22 23 24 25 26 27 28 29 30 31 32 33 34 35 :=
1 299 709 724 525 401 566 647 729 403 717 571 438 707 504 315 507 614 282 345 728 562 586 141 664 719 649 441 601 508 307 736 484 593 647 643
2 409 627 470 532 999 929 689 613 735 520 956 945 979 271 988 1016 883 895 623 948 869 909 274 358 991 342 852 1000 280 637 893 949 728 979 614
3 915 870 567 668 760 882 661 496 751 611 690 849 367 292 227 106 907 528 835 811 795 847 596 406 871 789 910 586 119 392 763 620 660 925 719
4 109 477 748 482 882 486 765 619 612 634 420 391 457 941 583 60 352 941 640 342 889 553 798 511 865 727 568 855 857 654 478 746 721 533 758
5 719 967 943 770 1084 925 953 1242 1233 939 681 509 1172 891 839 842 1058 801 999 1226 1152 486 318 952 868 1122 1212 1000 1174 677 508 426 477 1045 831
6 877 945 1016 858 396 524 829 741 768 724 1037 531 754 525 505 788 589 561 890 426 312 891 890 290 336 438 619 992 853 659 415 904 940 502 1024
7 818 831 640 1016 814 954 624 400 1002 960 477 1041 691 860 507 674 603 911 878 1035 235 727 598 573 592 633 755 868 209 1026 489 846 1043 962 744
8 799 263 57 627 314 463 622 659 697 646 419 462 581 693 588 416 271 553 643 764 669 654 562 335 643 729 80 482 653 562 740 708 785 285 616
9 321 661 534 726 583 486 877 483 828 625 917 760 814 931 624 70 602 239 714 15 728 409 253 897 675 304 559 803 493 785 726 549 484 872 738
10 585 867 955 1086 370 530 396 952 760 306 443 948 671 831 1098 412 899 143 555 1157 986 925 1018 1120 1144 540 1093 1100 484 963 838 554 1107 133 1039
11 973 528 964 892 732 674 493 434 292 682 922 729 826 852 130 946 914 652 933 867 151 965 106 902 672 316 773 526 539 248 972 426 518 899 546
12 822 827 925 913 872 680 780 867 1071 1123 804 676 1079 501 1136 379 351 1099 1096 563 560 685 43 713 915 638 1051 1085 341 1041 1032 864 720 678 1033
13 758 687 939 964 1047 558 616 728 1041 804 1145 437 696 577 1061 811 263 411 1038 705 565 920 475 1199 822 948 1188 1064 1107 937 851 664 846 783 617
14 503 200 173 544 158 554 454 534 374 386 531 331 323 600 499 414 306 574 542 411 570 30 165 575 494 336 401 588 512 352 548 131 357 198 233
15 49 219 523 418 352 302 369 767 588 350 646 577 551 759 492 648 537 184 610 606 626 678 501 798 721 350 52 789 298 666 710 412 414 782 445
16 166 552 663 538 425 688 702 350 647 490 358 569 649 127 441 610 465 65 610 664 521 403 392 462 778 539 160 774 495 423 423 481 701 670 447
17 197 479 451 444 532 406 457 201 226 438 554 430 378 62 495 517 546 369 88 557 492 267 319 266 517 560 440 438 535 517 365 273 211 279 457
18 449 738 1138 1212 1215 846 841 1166 486 1082 1027 1043 971 1126 560 748 309 1079 1107 1014 1199 479 915 670 798 932 575 633 801 1199 561 413 671 1071 787
19 297 1054 702 949 1163 601 427 602 896 1222 613 650 1052 1235 1129 956 870 559 1065 139 312 455 1009 1060 927 1038 520 1206 725 550 1203 517 688 737 968
20 589 150 314 261 426 301 295 258 434 577 432 340 439 407 298 514 541 321 595 277 462 30 502 391 448 481 330 312 569 467 529 454 93 442 344
21 469 456 498 848 98 882 615 716 535 342 780 785 799 769 952 201 904 684 796 682 683 826 546 293 574 162 555 211 618 252 913 813 848 725 341
22 117 358 542 825 629 911 690 507 622 988 404 53 924 436 435 623 921 976 176 715 308 512 985 880 380 637 449 310 626 710 899 791 580 484 193
23 396 651 571 662 766 341 635 664 707 574 738 348 584 716 441 120 374 638 273 142 554 598 759 721 545 630 672 179 548 550 738 541 642 701 587
24 392 270 800 477 728 306 501 171 530 825 575 790 255 408 104 776 119 697 707 530 680 788 843 464 585 750 605 728 131 443 635 583 759 688 506
25 933 864 255 174 497 270 697 789 713 326 691 633 891 504 677 761 599 266 255 690 859 641 835 291 904 917 638 795 641 920 717 608 560 849 684
26 1172 1047 1150 984 771 475 268 1107 426 952 768 930 771 839 419 827 1106 34 1175 1088 1048 1071 494 955 629 1079 783 276 964 614 940 619 607 1164 976
27 635 913 1015 836 853 1035 770 359 775 1102 1073 1092 896 702 658 815 679 260 1047 975 912 1136 581 1006 856 850 375 518 668 864 902 188 710 671 691
28 166 142 159 13 170 149 120 108 156 98 155 144 138 116 177 163 151 158 119 173 161 130 86 115 169 62 133 147 73 108 157 133 43 80 173
29 624 331 448 604 421 389 621 395 256 103 503 510 600 403 299 254 448 447 106 654 669 367 501 119 667 389 637 458 514 614 327 96 581 309 472
30 520 394 248 147 158 366 534 471 532 284 506 122 255 445 476 435 120 449 504 368 489 315 526 513 236 407 399 460 421 472 72 331 34 509 168
31 867 1011 641 826 859 733 772 442 802 1121 320 475 520 1102 352 604 892 305 1038 893 882 683 1048 1117 769 657 942 998 452 1060 1081 1091 910 907 936
32 585 513 1073 787 597 1151 1135 507 599 484 370 367 818 660 898 516 971 744 921 795 915 786 1145 824 928 913 1126 1109 768 581 1103 548 805 1075 1137
33 725 266 594 543 415 430 104 542 462 474 693 657 496 85 704 684 258 669 573 406 539 471 693 181 706 564 92 727 720 370 553 366 282 322 717
34 622 575 200 473 621 573 622 394 354 173 355 447 365 564 320 314 240 499 179 669 229 592 744 392 392 160 360 358 408 724 220 518 690 555 552
35 1048 638 910 430 1148 711 523 1069 879 871 525 302 774 1132 1060 871 453 696 552 1006 1095 905 672 969 714 631 717 602 814 738 125 1023 1013 1103 976
36 159 436 407 229 348 299 444 323 449 232 188 151 397 418 204 414 414 432 358 287 161 287 282 418 391 385 161 374 402 425 308 361 173 353 135
37 513 436 248 83 624 621 381 211 226 417 446 513 370 444 510 549 204 271 621 173 545 588 360 121 597 310 291 304 68 525 477 556 392 173 681
38 1013 415 684 1113 916 974 1089 1134 481 1144 763 333 615 647 1046 531 989 793 1116 1026 963 643 824 0 844 800 676 742 787 486 380 889 1073 444 801
39 447 911 921 540 895 1002 329 946 921 1051 518 459 1025 852 980 917 918 513 948 458 890 758 875 362 337 1029 1137 710 889 526 1010 1016 933 671 1005
40 148 416 312 631 712 215 126 360 559 604 490 589 573 187 195 649 636 584 658 157 200 450 554 585 491 429 529 673 698 711 654 694 547 408 632
;

param:   cost_bundl  marginal :=
1 176 185
2 47 93
3 180 104
4 113 95
5 158 144
6 71 170
7 43 174
8 155 123
9 113 83
10 177 186
11 163 121
12 112 29
13 163 155
14 186 169
15 156 74
16 148 157
17 157 93
18 155 158
19 161 174
20 158 123
21 133 122
22 160 162
23 103 78
24 113 165
25 159 89
26 140 64
27 90 183
28 148 181
29 116 87
30 164 148
31 137 185
32 77 89
33 110 184
34 169 105
35 168 182
;
param: buyer budget :=
  0 602
  1 2254
  2 1070
  3 269
  4 2416
  5 492
  6 2276
  7 1582
  8 149
  9 579
  10 2113
  11 1124
  12 434
  13 1011
  14 392
  15 1338
  16 1678
  17 1151
  18 1618
  19 959
  20 1059
  21 1062
  22 2440
  23 896
  24 1847
  25 393
  26 1499
  27 1484
  28 631
  29 574
  30 2135
  31 405
  32 1518
  33 823
  34 1545
  35 953
  36 465
  37 2258
  38 1498
  39 355
;
param num_partition :=
3
;
param: item partition_index cardinality :=
0 0 4
1 0 35
2 0 1
3 0 18
4 0 26
5 0 20
6 0 19
7 0 26
8 0 11
9 0 24
10 0 24
11 0 8
12 0 31
13 0 7
14 0 20
15 0 21
16 0 39
17 0 17
18 0 35
19 0 10
20 0 33
21 0 17
22 0 5
23 0 17
24 0 26
25 0 31
26 0 21
27 1 5
28 1 37
29 1 35
30 1 8
31 1 24
32 1 13
33 1 5
34 1 31
