param num_bundles := 35;

param num_cust := 40;

param price_reserve :
   1 2 3 4 5 6 7 8 9 10 11 12 13 14 15 16 17 18 19 20 21 22 23 24 25 26 27 28 29 30 31 32 33 34 35 :=
1 772 364 634 523 815 457 187 759 618 733 490 701 362 253 389 835 392 636 564 594 404 394 688 627 679 745 586 314 462 508 315 342 666 722 603
2 873 352 838 325 823 463 820 358 975 818 600 628 102 954 297 1040 868 442 1039 862 317 398 420 1017 731 859 529 353 984 437 673 406 964 943 627
3 318 182 254 279 110 326 220 161 339 302 300 281 354 116 38 97 233 214 335 293 192 296 115 84 221 288 341 323 252 202 206 350 132 256 108
4 872 165 311 411 558 786 568 231 689 734 21 825 861 873 374 861 197 863 425 586 342 874 348 856 771 790 481 857 739 356 653 562 471 666 671
5 756 710 814 993 523 329 77 955 503 206 441 576 41 937 471 199 477 577 846 487 726 888 563 591 913 461 961 97 596 495 850 900 431 89 988
6 273 455 188 444 402 124 284 366 489 426 171 465 448 32 519 205 498 272 535 546 418 328 364 268 498 559 421 426 244 420 515 508 278 425 520
7 90 718 684 580 591 310 362 630 655 724 475 615 735 735 267 447 621 432 736 662 652 688 504 196 387 302 395 401 516 682 586 372 704 488 220
8 1068 609 428 668 430 506 536 793 990 1054 1031 289 650 1034 860 595 939 1032 473 415 1022 602 1076 760 404 288 1050 1021 815 868 878 827 943 878 681
9 790 667 884 666 723 220 824 271 477 579 363 429 654 865 518 831 848 795 635 674 873 562 123 440 749 705 684 276 589 301 712 873 511 880 675
10 101 795 539 513 986 924 430 836 941 939 669 1046 583 697 1027 525 556 959 1004 226 1024 802 161 667 1032 971 245 960 354 221 606 953 671 615 805
11 761 725 814 134 751 670 564 502 705 397 737 708 787 647 433 473 585 749 818 592 460 618 698 794 604 477 197 353 392 315 647 715 619 37 309
12 594 762 647 633 664 176 686 642 198 290 628 788 720 604 227 599 536 753 258 716 704 623 245 144 191 794 348 287 688 57 790 621 621 637 194
13 727 700 580 403 831 583 380 834 1027 836 757 810 750 950 330 956 1049 413 891 1023 1057 910 980 871 1095 306 687 614 657 549 173 707 839 1064 449
14 117 730 986 915 442 980 755 945 693 427 400 971 851 854 456 981 987 988 432 655 908 414 776 657 524 623 871 749 97 800 1001 489 925 574 593
15 740 472 573 487 608 303 556 469 693 754 369 681 728 671 357 569 515 688 274 252 361 293 487 315 395 682 451 405 580 368 678 747 421 345 678
16 401 577 658 706 732 674 542 567 406 506 593 606 266 658 284 724 611 724 312 558 702 764 596 755 632 757 738 614 579 622 335 520 721 129 405
17 1225 647 974 909 780 929 1068 707 964 500 1064 1137 267 1028 1158 520 951 852 627 295 1014 1243 697 1240 598 1172 642 1086 931 1069 127 646 1250 983 1141
18 468 859 892 1011 808 257 618 468 1025 924 686 658 818 502 879 1081 836 781 192 1047 1081 672 851 890 768 1061 847 899 1153 667 1080 1141 850 790 703
19 879 397 614 462 488 394 735 761 855 894 885 490 283 613 702 947 815 1161 1167 616 829 1038 1036 1173 1137 651 1178 1188 325 863 121 530 960 754 806
20 991 833 785 403 943 877 1078 932 332 913 631 1049 1073 272 883 796 641 884 928 716 496 927 191 407 133 886 493 1027 578 586 1081 709 620 721 153
21 536 413 438 437 430 103 419 403 109 272 424 342 127 477 222 309 479 318 422 403 539 207 336 517 104 92 269 531 168 424 448 515 371 238 347
22 810 641 661 51 895 695 779 399 798 506 903 321 765 287 844 878 87 807 120 663 705 502 718 207 705 631 387 900 805 530 416 197 886 745 835
23 402 478 386 663 663 464 674 132 72 592 413 179 347 601 522 213 410 430 560 449 563 441 286 648 361 105 555 612 382 554 356 491 407 80 483
24 605 532 478 386 246 716 629 597 739 812 348 620 748 675 507 551 871 383 866 884 649 601 627 841 369 806 884 154 404 574 669 598 655 487 339
25 14 610 620 366 268 727 753 778 353 808 413 324 524 366 484 759 714 818 378 807 830 375 435 424 750 523 602 435 792 758 518 767 613 804 722
26 876 194 262 988 1028 517 341 1079 612 1027 499 986 609 626 1001 983 988 177 367 370 797 113 860 355 1010 477 460 89 1067 391 115 700 634 688 505
27 337 462 503 532 568 563 332 508 123 489 486 776 671 744 380 558 587 642 433 528 653 280 724 280 558 594 546 504 514 167 608 184 452 603 491
28 689 449 1074 757 732 800 542 826 550 378 1121 776 837 1093 402 1045 894 913 972 1058 836 706 839 1109 686 1053 392 601 463 256 1097 987 612 881 475
29 859 620 876 273 942 923 372 962 911 253 472 452 647 966 737 613 742 404 416 950 797 864 567 915 808 753 226 392 715 798 637 964 527 602 771
30 876 689 1155 378 580 799 1096 1202 903 1019 882 993 494 301 815 838 796 1191 423 1236 244 920 691 1170 1158 882 682 1160 860 1136 470 1179 806 1205 528
31 721 510 828 770 282 680 546 387 666 605 681 627 779 605 566 431 149 649 716 412 719 806 270 764 743 421 565 713 860 823 851 424 656 96 560
32 131 371 335 341 134 218 327 341 421 316 424 323 320 307 386 326 365 160 280 413 276 398 416 241 436 406 339 315 142 416 215 444 308 408 357
33 1069 832 290 725 955 681 273 1005 631 1022 756 1059 993 649 611 896 689 967 979 698 706 1050 491 785 513 68 621 1058 156 1022 1057 476 702 801 773
34 438 445 301 563 244 220 465 346 324 351 633 579 354 501 579 447 554 540 640 258 627 380 543 635 564 523 464 576 202 373 612 395 531 391 43
35 560 1012 1181 633 1114 1228 646 1042 1165 1100 959 913 1002 267 676 611 1099 1132 854 1173 860 665 1038 626 403 462 619 910 1254 616 820 1009 291 670 554
36 448 694 1061 940 1089 848 1055 1185 1058 723 965 1081 1002 1154 780 263 179 1070 1199 1083 997 321 488 1130 1030 385 957 824 715 1049 1184 843 930 1113 668
37 45 133 50 47 162 155 122 151 72 172 168 51 88 71 151 107 60 169 145 168 72 115 174 46 121 128 117 157 170 132 126 152 168 173 104
38 853 1171 816 1103 236 1155 1087 1172 1023 473 210 1018 686 602 1021 1114 1121 549 387 1080 903 711 782 674 438 1012 287 1078 776 980 1149 829 554 1095 791
39 417 884 785 904 107 844 827 674 896 754 212 566 879 217 129 802 549 884 434 477 884 535 711 203 812 838 48 233 749 174 690 748 595 779 857
40 768 827 360 880 831 687 788 728 459 270 758 625 843 813 590 866 731 368 700 743 719 847 810 683 322 829 763 754 509 404 530 198 800 392 685
;

param:   cost_bundl  marginal :=
1 183 97
2 153 171
3 141 108
4 167 153
5 185 126
6 183 80
7 142 113
8 165 126
9 176 159
10 74 133
11 134 168
12 89 61
13 185 97
14 65 98
15 143 186
16 145 33
17 49 107
18 170 177
19 155 53
20 147 39
21 152 167
22 76 124
23 73 86
24 146 44
25 154 100
26 161 120
27 116 103
28 40 140
29 186 108
30 88 186
31 103 97
32 185 45
33 106 136
34 143 147
35 111 145
;
param: buyer budget :=
  0 422
  1 108
  2 2149
  3 1679
  4 1347
  5 2329
  6 1401
  7 1826
  8 1950
  9 2210
  10 579
  11 2073
  12 1871
  13 300
  14 1820
  15 413
  16 1690
  17 2160
  18 1044
  19 1213
  20 2298
  21 429
  22 1936
  23 209
  24 1783
  25 2226
  26 738
  27 1844
  28 1498
  29 1519
  30 1195
  31 2043
  32 2412
  33 1902
  34 1448
  35 1034
  36 2328
  37 297
  38 142
  39 1736
;
param num_partition :=
3
;
param: item partition_index cardinality :=
0 0 13
1 0 11
2 0 31
3 0 36
4 0 19
5 0 33
6 0 16
7 0 24
8 0 28
9 1 35
10 1 37
11 1 36
12 1 33
13 1 33
14 1 31
15 1 26
16 1 10
17 1 20
18 1 11
19 1 23
20 1 3
21 1 33
22 1 39
23 1 16
24 1 37
25 1 16
26 1 36
27 1 28
28 1 38
29 1 6
30 1 16
31 1 6
32 1 20
33 1 4
34 1 16
