param num_bundles := 35;

param num_cust := 40;

param price_reserve :
   1 2 3 4 5 6 7 8 9 10 11 12 13 14 15 16 17 18 19 20 21 22 23 24 25 26 27 28 29 30 31 32 33 34 35 :=
1 763 862 593 1026 684 644 879 1188 813 828 963 1165 1016 562 592 636 1163 920 343 1270 1237 1102 796 1096 623 1249 974 983 670 1275 1180 1273 1243 1101 974
2 859 384 1057 892 1189 1109 1200 661 356 676 800 913 173 1208 890 388 1117 826 1160 859 1140 548 345 1261 1142 371 353 144 856 413 1017 955 427 900 1089
3 903 761 898 370 1064 971 583 771 572 1142 863 770 1252 582 777 1220 1171 609 366 1223 1205 782 1259 310 755 1139 576 664 1201 987 440 1089 322 792 760
4 608 478 415 583 329 438 282 784 795 767 793 663 194 342 841 670 582 718 817 528 615 525 857 749 295 818 783 282 730 436 819 429 728 414 726
5 487 513 464 332 196 409 177 526 201 502 146 271 360 522 115 309 201 331 378 541 191 459 443 397 136 366 409 294 383 504 449 284 482 123 346
6 1111 866 490 889 1101 299 555 1089 904 953 550 439 910 1170 1126 1230 564 1081 1170 718 978 918 878 1146 736 1195 1011 645 1201 833 1175 745 558 1116 1131
7 324 145 94 369 86 338 135 354 248 291 314 325 367 279 125 357 297 328 368 360 251 163 368 153 300 329 344 275 186 265 197 301 360 273 23
8 922 879 850 1074 306 381 712 914 1155 1069 696 1165 979 395 893 1185 856 1145 1065 187 1124 808 868 460 603 1142 937 523 912 641 915 318 665 1137 877
9 604 480 949 484 1000 845 655 789 944 917 955 601 499 651 170 230 695 590 781 448 559 956 854 901 778 1034 716 701 876 483 806 1013 630 447 547
10 393 128 398 813 510 789 866 790 836 602 867 1053 455 484 949 1089 846 897 1044 1003 488 934 838 979 697 1027 1016 663 694 1116 656 299 363 1076 724
11 538 425 193 329 261 182 244 243 395 474 490 374 304 465 149 216 270 209 307 335 181 479 504 450 142 282 189 214 471 51 428 428 423 78 383
12 655 689 869 518 755 832 864 487 699 464 164 299 804 847 414 814 721 499 315 631 804 874 446 210 669 103 717 571 707 799 781 690 659 852 723
13 780 761 442 475 652 424 415 681 479 926 857 794 980 932 333 561 906 759 829 1017 850 332 650 605 425 639 826 497 882 803 1021 118 696 785 592
14 145 676 571 832 738 792 596 657 739 717 345 694 170 653 792 828 322 790 720 800 307 698 589 580 474 425 771 139 640 521 744 189 822 350 808
15 534 696 1058 813 252 760 66 539 376 823 886 848 0 662 768 1029 978 660 1003 1031 1120 1041 238 526 1085 1136 404 565 739 1122 663 96 1039 888 784
16 1193 751 988 554 1077 997 686 1161 887 548 426 270 928 684 859 593 982 657 1145 910 962 340 617 830 428 939 792 674 828 424 1109 972 950 1018 426
17 819 202 683 841 647 762 675 674 547 877 364 793 533 719 699 882 367 180 760 558 276 495 798 562 837 731 557 830 732 273 439 463 442 394 598
18 883 770 711 938 710 946 594 909 514 698 0 796 630 169 489 870 954 252 604 687 731 889 734 613 985 711 280 951 654 494 101 951 167 994 787
19 525 350 838 436 616 787 760 170 645 583 821 750 904 643 247 730 415 568 620 366 0 657 800 237 768 731 861 721 715 855 793 778 716 455 516
20 804 801 586 436 561 778 576 641 721 522 816 618 650 634 724 685 669 496 54 823 809 747 290 456 779 757 577 699 692 734 283 538 456 731 356
21 976 668 536 640 498 829 817 1091 442 728 1208 740 512 1077 861 1184 1030 523 522 761 903 641 675 687 695 1161 585 901 751 1073 648 1197 398 610 1003
22 204 619 245 153 539 514 276 515 483 354 296 613 183 558 708 625 463 610 733 610 481 190 13 494 761 760 299 570 382 559 551 605 607 338 427
23 315 331 338 305 271 68 120 86 323 301 113 263 281 371 292 116 152 287 96 250 273 275 312 333 331 346 257 273 349 279 214 185 269 313 186
24 623 972 1003 1039 705 915 999 702 995 726 908 828 723 671 933 934 561 668 584 937 775 619 878 826 1000 338 431 774 667 669 582 1035 383 404 811
25 530 1040 988 1188 362 1183 732 1086 1187 709 1125 756 1081 946 357 605 116 875 1138 660 669 435 879 939 1066 343 509 760 554 873 957 662 130 326 653
26 270 339 300 129 317 132 315 153 269 287 309 86 207 353 187 286 242 322 185 139 284 156 342 359 344 186 372 187 283 314 222 298 315 214 300
27 220 857 840 696 580 336 859 590 857 202 752 836 693 411 196 821 296 624 483 124 641 881 118 842 286 618 174 514 852 644 834 572 254 354 679
28 324 577 1108 1167 1025 790 1113 417 796 1080 1161 786 1040 820 297 90 496 850 308 583 578 1064 805 1154 915 970 532 1072 447 985 764 316 1145 805 1181
29 962 676 219 761 719 789 678 702 738 558 780 1010 418 709 984 1093 82 1092 607 493 936 850 1066 693 414 486 856 850 366 1169 1060 608 1163 713 481
30 450 182 494 230 299 287 254 201 347 180 467 492 218 261 368 375 458 368 179 399 112 502 350 312 427 425 282 417 336 506 269 489 220 382 12
31 670 439 563 680 662 465 475 403 506 581 426 347 620 440 637 528 516 569 656 124 619 215 711 650 470 59 629 705 653 608 309 122 495 463 274
32 407 545 605 630 848 537 736 957 660 782 888 830 138 126 723 349 617 738 601 408 763 414 917 742 879 712 728 551 862 712 245 920 933 692 451
33 518 574 472 585 422 299 396 478 585 387 161 470 427 428 244 540 508 452 467 263 473 548 378 578 536 490 92 412 181 369 588 72 416 295 336
34 236 332 308 74 141 321 263 238 242 87 91 221 355 167 372 284 308 239 291 310 311 353 255 105 349 101 210 267 222 155 106 290 208 256 352
35 584 439 188 498 318 603 563 218 505 469 444 577 573 492 441 321 639 595 410 537 322 401 587 264 641 457 579 424 143 51 639 528 87 362 204
36 570 410 378 100 536 568 493 252 371 563 585 517 397 348 423 583 423 415 233 485 140 234 594 457 371 260 612 368 381 127 204 454 542 397 638
37 390 811 625 378 840 721 629 818 282 675 765 433 243 856 611 852 692 734 716 641 351 800 509 686 772 371 785 754 831 415 520 433 334 741 607
38 433 439 352 680 478 625 743 278 403 835 313 472 320 794 541 348 842 436 815 704 849 825 94 832 480 239 522 652 309 411 846 701 258 800 573
39 421 444 406 439 176 282 435 451 444 128 331 444 42 82 409 329 439 341 414 346 186 335 55 303 210 259 43 410 332 218 443 370 269 141 312
40 208 1009 923 583 553 714 144 522 467 1067 164 1002 212 1091 691 943 931 483 1065 663 1143 1049 652 899 162 996 725 625 1055 1025 782 640 850 1005 645
;

param:   cost_bundl  marginal :=
1 176 139
2 174 106
3 66 168
4 108 80
5 51 57
6 129 45
7 182 142
8 120 185
9 112 116
10 76 97
11 52 167
12 169 114
13 89 80
14 141 43
15 138 102
16 52 169
17 119 160
18 138 92
19 184 156
20 178 146
21 181 153
22 179 130
23 83 75
24 58 149
25 154 126
26 169 84
27 121 63
28 82 107
29 67 88
30 112 136
31 158 178
32 176 133
33 164 154
34 76 137
35 184 80
;
param: buyer budget :=
  0 1476
  1 877
  2 2428
  3 81
  4 2377
  5 292
  6 106
  7 818
  8 188
  9 1285
  10 2467
  11 363
  12 88
  13 382
  14 1028
  15 1905
  16 1231
  17 1767
  18 653
  19 655
  20 158
  21 1222
  22 956
  23 1817
  24 935
  25 1565
  26 661
  27 1789
  28 2068
  29 192
  30 1551
  31 377
  32 1203
  33 2347
  34 2060
  35 986
  36 1765
  37 2075
  38 2207
  39 2148
;
param num_partition :=
3
;
param: item partition_index cardinality :=
0 0 14
1 0 10
2 0 3
3 0 26
4 0 5
5 0 29
6 0 11
7 0 8
8 0 4
9 0 27
10 0 3
11 0 18
12 0 19
13 0 27
14 0 33
15 0 11
16 0 14
17 0 12
18 1 17
19 1 26
20 1 19
21 1 3
22 1 38
23 1 33
24 1 2
25 1 38
26 1 28
27 1 26
28 1 10
29 1 32
30 1 39
31 1 6
32 1 31
33 1 19
34 1 4
