param num_bundles := 35;

param num_cust := 40;

param price_reserve :
   1 2 3 4 5 6 7 8 9 10 11 12 13 14 15 16 17 18 19 20 21 22 23 24 25 26 27 28 29 30 31 32 33 34 35 :=
1 902 229 79 979 762 499 1082 773 572 1041 1057 948 168 414 866 1066 825 1138 632 396 831 721 941 498 383 479 752 1087 747 653 233 1097 1130 672 665
2 691 566 300 654 412 748 819 747 191 587 788 724 543 413 813 380 611 771 781 768 534 837 718 849 750 692 554 547 255 855 812 415 851 714 821
3 357 708 593 705 373 514 631 532 661 96 164 489 559 700 599 704 198 660 725 477 716 176 522 429 750 586 751 605 536 700 771 740 726 511 458
4 699 77 715 674 408 390 553 345 127 493 709 727 325 542 566 563 343 582 165 592 509 332 488 707 716 651 534 671 599 513 470 426 719 150 496
5 759 730 585 836 616 808 847 635 837 308 636 109 705 745 568 486 670 159 407 185 701 325 704 847 826 694 654 671 735 252 693 356 804 828 490
6 452 783 851 420 333 832 869 631 677 514 749 549 751 440 546 719 505 594 563 581 441 683 269 863 120 789 589 646 834 580 546 548 263 752 113
7 629 274 183 322 227 411 373 367 315 348 534 508 189 358 89 602 186 475 436 527 344 204 439 339 257 642 581 219 433 464 480 528 521 548 640
8 1016 891 963 1001 969 674 462 847 566 525 643 361 229 785 1005 129 960 54 356 1183 1006 547 940 716 655 1185 73 873 689 768 839 1018 1068 1095 832
9 481 347 573 109 422 495 138 469 227 394 375 365 371 573 135 534 393 482 528 231 128 539 477 240 525 508 351 503 545 398 570 447 571 494 475
10 769 275 578 840 710 430 458 226 792 817 810 762 759 269 670 780 150 760 817 261 746 208 312 565 847 767 573 751 649 246 856 869 480 860 769
11 888 337 895 695 839 779 594 274 99 355 610 794 37 694 318 825 882 798 503 842 760 864 725 601 585 677 592 67 91 200 898 787 855 594 363
12 342 196 292 148 134 377 68 290 342 137 423 371 443 294 106 374 329 443 424 434 315 369 411 235 367 333 271 317 141 396 102 348 159 217 332
13 875 674 612 996 684 954 936 688 641 869 160 635 398 863 913 781 312 686 789 824 990 266 170 929 456 642 720 712 974 754 163 957 950 677 794
14 720 428 477 512 566 376 535 265 177 828 338 805 199 480 265 541 807 437 703 793 527 823 674 550 344 651 694 728 212 230 819 783 756 800 224
15 943 992 1131 811 823 1070 957 744 480 952 736 362 852 274 1035 955 1067 1108 951 899 671 1139 875 486 379 763 603 836 921 808 1032 130 889 1131 919
16 360 936 771 898 948 853 952 918 784 599 890 836 397 890 726 955 600 939 23 337 950 264 176 897 776 703 542 923 758 687 868 577 803 889 861
17 1032 299 947 1031 1079 805 1158 647 996 495 526 208 832 545 866 880 502 541 759 186 303 633 262 1131 412 1054 1015 482 646 655 404 495 952 848 606
18 524 316 773 693 228 771 570 701 585 427 96 373 764 527 276 184 637 792 545 551 512 622 585 696 414 807 664 700 768 825 718 635 853 345 536
19 899 703 854 631 716 1037 1091 1097 1161 1046 1013 820 88 828 674 810 892 1122 805 698 306 650 411 759 687 956 1131 932 982 866 934 409 381 889 876
20 31 493 470 729 92 399 900 203 443 774 787 436 929 488 331 893 581 746 867 864 916 922 483 704 644 523 887 687 603 933 704 767 674 837 779
21 595 311 570 887 334 827 445 807 382 622 417 871 411 582 577 722 165 234 177 740 422 725 735 459 205 589 114 638 735 736 536 882 89 638 523
22 110 577 621 547 633 371 635 272 623 511 614 570 285 385 388 318 82 469 601 125 633 388 559 515 188 638 507 238 598 388 255 509 483 623 370
23 284 197 232 438 438 218 323 485 251 471 293 226 507 282 494 439 478 471 342 271 68 124 510 389 463 356 322 481 510 411 461 312 314 411 117
24 251 691 752 971 669 480 681 691 770 791 329 584 978 956 764 631 382 889 801 859 884 877 700 447 482 303 424 406 879 623 902 977 720 844 651
25 847 95 807 1039 843 948 1059 646 801 356 287 830 569 974 940 398 905 172 948 71 610 1040 391 602 778 913 796 619 905 434 817 953 578 685 1032
26 979 746 70 586 75 907 716 437 1020 604 994 789 500 866 757 798 1119 1056 926 539 1055 857 869 1046 550 427 1112 379 873 1136 985 1082 1044 651 840
27 513 594 579 255 255 472 363 354 445 527 277 140 602 496 493 556 444 543 267 423 445 222 473 598 567 270 342 173 572 89 544 571 453 542 533
28 441 479 75 450 415 403 531 549 233 432 501 314 540 361 315 502 554 513 271 208 503 28 558 437 467 536 474 99 496 459 534 471 434 100 557
29 912 1119 953 962 910 213 1005 246 1210 473 1189 733 564 577 269 1027 964 1103 532 430 905 826 1098 659 819 1065 614 1118 344 647 386 1240 1014 795 890
30 1082 506 597 992 624 766 665 1080 923 901 862 994 671 713 1079 984 724 716 488 1079 1061 1046 1038 642 512 826 911 858 460 87 259 397 861 1053 1044
31 656 754 845 830 610 188 311 459 630 490 904 692 670 909 891 854 827 852 550 494 728 750 416 720 894 533 488 872 853 569 860 418 407 768 152
32 985 787 242 747 806 406 979 895 662 541 972 669 301 825 743 1036 334 920 280 529 986 765 583 576 625 518 980 222 272 523 1025 527 648 1005 811
33 924 565 942 869 940 957 648 940 697 671 413 784 463 91 817 241 330 718 435 654 503 790 942 629 886 715 538 812 826 841 734 912 611 661 906
34 64 178 183 186 83 61 36 77 79 88 161 114 153 158 87 180 117 91 151 133 186 155 133 137 67 128 73 31 5 60 115 182 65 76 83
35 922 351 824 802 338 543 740 915 929 574 496 830 864 640 571 241 836 762 716 98 493 371 811 826 415 760 867 593 387 474 747 841 677 543 578
36 1197 798 1148 624 938 634 1112 214 649 1031 1092 1148 930 654 1152 1197 700 1029 1076 1236 776 383 1169 798 1185 958 287 1232 1179 861 1184 878 1196 1226 1235
37 95 899 663 691 301 556 720 491 1154 951 1167 1128 937 969 801 380 649 611 1169 432 920 992 627 910 842 507 917 1156 933 961 829 528 442 370 482
38 526 850 616 666 559 736 768 453 654 497 550 641 626 894 613 636 867 776 288 710 892 604 903 763 630 693 709 803 485 920 487 65 695 203 489
39 373 1068 585 418 539 346 798 930 647 754 564 940 831 368 1023 400 1018 477 997 717 1039 582 501 693 642 733 595 735 1045 662 835 845 875 1064 690
40 668 415 342 554 698 766 798 471 818 254 146 212 815 825 725 700 759 769 602 544 657 658 795 292 553 660 393 414 772 554 569 679 778 630 790
;

param:   cost_bundl  marginal :=
1 149 94
2 123 51
3 49 137
4 184 180
5 110 164
6 142 119
7 136 139
8 160 164
9 135 87
10 158 132
11 131 12
12 68 100
13 168 184
14 91 80
15 54 185
16 186 184
17 150 152
18 106 181
19 114 186
20 152 117
21 181 176
22 144 105
23 172 116
24 72 126
25 148 177
26 125 61
27 159 37
28 71 149
29 186 98
30 77 98
31 135 115
32 132 129
33 132 111
34 175 124
35 134 117
;
param: buyer budget :=
  0 1056
  1 2173
  2 2299
  3 2142
  4 1970
  5 868
  6 1901
  7 1426
  8 827
  9 145
  10 2260
  11 1751
  12 962
  13 2404
  14 2130
  15 927
  16 2105
  17 1944
  18 395
  19 1127
  20 199
  21 1613
  22 1017
  23 278
  24 146
  25 808
  26 2011
  27 936
  28 678
  29 243
  30 78
  31 2077
  32 1851
  33 2088
  34 231
  35 1351
  36 1000
  37 126
  38 1448
  39 2398
;
param num_partition :=
3
;
param: item partition_index cardinality :=
0 0 19
1 0 37
2 0 31
3 0 17
4 0 20
5 0 14
6 0 22
7 0 18
8 0 1
9 0 34
10 0 7
11 0 9
12 0 27
13 0 9
14 0 20
15 0 33
16 0 1
17 0 21
18 0 31
19 0 24
20 0 12
21 0 3
22 0 4
23 1 1
24 1 25
25 1 36
26 1 2
27 1 36
28 1 5
29 1 1
30 1 27
31 1 9
32 1 3
33 1 25
34 1 36
