param num_bundles := 25;

param num_cust := 40;

param price_reserve :
   1 2 3 4 5 6 7 8 9 10 11 12 13 14 15 16 17 18 19 20 21 22 23 24 25 :=
1 530 269 292 493 433 381 211 322 435 267 204 343 536 359 419 358 180 522 205 53 411 200 156 424 321
2 124 93 118 121 74 150 119 141 151 25 155 145 124 115 60 156 15 125 29 140 84 117 146 114 96
3 532 565 449 602 596 302 365 468 368 560 399 570 384 499 491 316 358 384 545 373 543 537 521 299 394
4 169 280 268 262 273 220 336 167 115 95 209 71 373 212 322 299 44 151 377 187 190 359 353 109 270
5 575 803 345 527 424 476 311 540 783 775 563 332 226 614 683 830 526 273 427 819 698 478 563 374 805
6 275 500 473 651 469 700 605 514 598 499 526 425 270 292 642 566 619 694 335 421 568 24 244 444 371
7 647 656 498 251 184 570 417 634 651 355 253 300 155 564 650 579 640 662 426 375 563 617 573 525 360
8 129 113 42 80 152 126 93 138 153 148 62 136 94 156 126 151 150 76 89 77 79 65 143 120 106
9 750 215 305 763 693 262 652 646 563 453 660 376 397 497 272 527 667 568 708 166 633 308 167 234 600
10 218 538 382 871 872 205 823 875 773 265 725 318 679 417 504 856 399 580 339 627 562 71 579 311 208
11 337 368 493 488 436 490 439 487 522 456 371 500 460 483 351 338 233 409 376 306 402 459 274 483 495
12 103 153 330 337 182 446 284 257 310 156 291 370 459 467 450 353 328 361 146 389 271 385 415 386 426
13 646 752 813 318 317 340 890 739 673 733 86 574 219 421 522 655 834 683 600 821 755 229 790 262 768
14 295 600 526 453 551 713 622 660 301 402 663 559 624 326 621 554 584 571 429 586 469 619 463 633 408
15 102 695 326 710 444 721 659 538 731 411 440 603 442 569 626 589 384 692 583 366 292 725 597 561 237
16 431 626 547 475 332 206 438 479 324 484 244 106 194 531 376 514 592 223 575 506 287 513 625 482 176
17 619 626 533 846 468 695 615 733 678 388 499 727 719 521 663 503 596 601 491 774 267 692 413 69 390
18 534 663 659 815 471 875 375 595 548 505 448 674 461 556 786 612 429 784 863 872 151 603 814 766 715
19 607 722 708 721 724 334 215 648 391 496 557 319 168 470 629 580 516 706 219 132 162 281 401 597 556
20 365 815 446 153 780 247 373 305 611 168 621 731 861 880 752 640 401 618 778 825 435 263 385 459 428
21 807 723 438 324 822 599 236 725 832 827 142 840 611 592 834 647 858 795 467 811 489 719 776 793 455
22 131 133 115 123 124 96 141 36 143 57 77 133 118 146 106 157 147 155 96 144 91 151 153 152 143
23 290 826 577 816 865 896 910 752 589 796 817 611 870 641 907 858 745 649 780 295 687 427 493 372 528
24 183 134 379 116 308 241 295 177 37 337 226 339 310 132 341 319 327 342 254 300 371 199 228 300 256
25 137 803 766 307 503 560 682 315 365 784 775 206 414 644 676 472 635 706 741 539 843 529 652 725 775
26 790 625 755 750 785 293 370 510 680 485 652 191 402 336 245 687 409 391 506 437 749 290 593 730 648
27 276 193 152 48 101 208 224 290 165 261 90 126 173 259 276 163 208 122 227 105 106 277 273 159 37
28 587 561 242 468 511 487 602 649 536 409 566 222 146 526 493 677 659 662 570 580 614 625 377 363 375
29 545 540 190 559 581 493 598 698 387 488 655 224 707 322 624 217 532 444 143 367 319 475 599 668 256
30 500 637 511 103 273 212 381 211 436 613 280 223 631 549 446 299 648 406 599 404 313 344 414 649 356
31 318 492 477 491 715 865 366 507 853 629 412 878 537 483 847 670 827 824 837 515 858 773 511 674 458
32 454 529 457 537 430 523 445 349 448 431 397 314 217 251 113 435 413 513 187 355 397 424 537 419 383
33 380 283 356 410 314 266 427 450 455 306 207 414 438 190 458 362 16 342 369 335 152 126 364 183 435
34 251 500 251 345 176 127 455 468 511 222 169 320 490 542 344 539 340 106 371 372 387 501 227 532 126
35 471 338 491 421 269 290 523 198 432 260 345 98 544 403 517 265 485 438 363 460 329 522 335 382 392
36 85 137 103 145 134 35 127 71 123 63 41 35 34 81 78 30 60 113 141 148 149 31 99 129 95
37 688 416 575 601 556 628 618 129 738 683 155 382 631 646 258 619 733 443 731 471 371 189 152 590 562
38 631 518 533 130 592 515 564 305 667 437 432 639 690 570 637 687 575 48 279 67 478 478 461 636 662
39 353 665 739 400 447 731 239 446 579 706 311 486 513 772 721 675 667 611 706 551 751 644 499 364 290
40 396 166 326 426 459 498 412 542 346 392 228 448 399 309 361 431 367 570 336 470 426 485 509 216 543
;

param:   cost_bundl  marginal :=
1 37 91
2 121 135
3 62 123
4 132 134
5 110 139
6 137 35
7 83 106
8 155 149
9 149 115
10 130 131
11 129 150
12 134 48
13 141 41
14 73 102
15 124 153
16 156 23
17 143 151
18 73 102
19 41 139
20 108 73
21 69 131
22 64 61
23 31 127
24 70 72
25 140 75
;
param: buyer budget :=
  0 623
  1 534
  2 203
  3 406
  4 502
  5 223
  6 586
  7 112
  8 701
  9 284
  10 792
  11 295
  12 73
  13 133
  14 739
  15 355
  16 212
  17 281
  18 586
  19 316
  20 496
  21 151
  22 597
  23 588
  24 452
  25 538
  26 590
  27 555
  28 335
  29 410
  30 818
  31 455
  32 439
  33 682
  34 258
  35 610
  36 845
  37 751
  38 496
  39 446
;
param num_partition :=
2
;
param: item partition_index cardinality :=
0 0 29
1 0 34
2 0 32
3 0 26
4 0 5
5 0 31
6 0 34
7 0 26
8 0 8
9 0 2
10 0 13
11 0 26
12 0 32
13 0 6
14 0 21
15 0 26
16 0 22
17 0 32
18 0 29
19 0 35
20 0 16
21 0 3
22 0 25
23 0 31
24 0 28
