param num_bundles := 25;

param num_cust := 40;

param price_reserve :
   1 2 3 4 5 6 7 8 9 10 11 12 13 14 15 16 17 18 19 20 21 22 23 24 25 :=
1 556 373 590 567 542 354 528 151 432 303 322 517 186 96 339 251 549 479 317 442 498 333 178 244 494
2 203 390 359 752 640 713 711 755 782 573 285 264 734 750 350 667 593 552 473 393 430 711 516 691 358
3 540 199 693 314 298 375 392 217 664 688 443 546 412 703 386 609 447 268 138 334 391 568 130 345 436
4 378 259 290 254 88 285 147 361 191 358 326 247 358 333 344 137 250 53 293 328 256 249 360 254 181
5 670 454 336 798 769 303 641 845 733 433 204 260 468 204 620 817 545 636 648 519 763 508 145 795 524
6 438 286 225 606 403 688 242 593 89 515 527 402 447 291 445 548 363 674 467 498 387 614 347 700 663
7 270 483 474 696 510 335 610 559 679 695 705 634 700 149 105 676 553 456 324 497 322 624 324 671 656
8 398 588 601 472 519 267 592 280 638 378 268 651 485 319 337 479 218 477 530 399 286 628 136 634 153
9 241 89 230 158 131 180 198 154 304 41 282 242 169 275 276 276 154 213 271 268 266 29 205 310 52
10 127 526 604 615 458 370 556 656 595 129 236 271 541 543 471 506 549 422 629 455 249 229 594 40 324
11 165 436 474 443 163 438 463 477 285 309 235 455 485 247 519 437 512 454 379 477 569 567 389 501 89
12 257 192 280 190 336 247 246 258 219 310 184 338 308 207 83 260 137 245 272 41 302 138 266 214 178
13 656 669 477 852 875 396 764 258 89 479 579 796 788 500 607 856 803 828 403 843 662 496 393 813 756
14 127 63 119 104 136 58 38 99 100 153 105 107 124 154 107 115 110 66 18 123 155 63 70 135 151
15 150 83 123 91 148 96 93 25 66 72 80 134 122 129 125 96 109 114 139 95 145 88 104 118 24
16 312 526 325 146 124 231 213 263 296 166 229 522 490 528 394 409 418 525 317 389 184 246 310 418 157
17 226 100 503 390 583 617 320 466 674 147 321 682 184 568 634 672 568 410 462 364 278 281 469 349 697
18 688 782 509 736 368 221 725 740 601 539 516 471 619 728 536 666 466 181 183 624 474 399 624 456 480
19 532 645 550 188 784 813 648 292 641 576 854 25 732 611 451 533 868 510 865 127 752 562 815 671 675
20 122 403 634 717 873 394 669 390 789 859 145 591 469 628 585 810 881 597 407 695 143 618 893 493 624
21 380 437 567 733 899 431 632 776 277 327 83 587 677 370 308 533 41 821 718 236 784 621 599 119 904
22 116 165 305 179 206 134 269 163 282 299 308 287 81 143 242 165 256 145 117 265 295 240 155 123 141
23 573 144 699 564 515 111 378 411 606 335 553 403 622 690 349 301 711 392 531 708 108 520 666 620 714
24 639 547 502 643 544 546 249 704 643 131 475 714 216 210 438 671 211 476 401 508 667 261 326 601 301
25 475 357 517 255 538 369 114 445 252 394 272 430 81 399 446 540 525 504 413 394 464 539 543 158 189
26 578 834 589 478 218 278 405 497 662 541 29 762 630 806 809 416 387 524 333 791 665 751 706 767 220
27 415 188 429 412 438 174 456 418 353 474 444 424 399 268 315 141 178 321 271 272 252 367 380 452 192
28 508 553 421 491 448 62 555 150 344 605 223 310 357 422 261 577 597 135 546 362 356 477 578 560 198
29 765 528 765 453 51 422 331 729 746 759 282 199 751 571 137 500 451 366 524 662 434 748 268 236 160
30 247 198 304 343 268 265 209 137 279 355 160 38 281 48 285 209 192 123 277 375 346 316 325 375 228
31 389 404 309 177 309 188 426 266 276 337 316 185 329 426 451 255 141 434 356 449 157 290 158 429 241
32 595 18 799 908 799 736 322 622 681 732 695 844 223 710 697 928 765 116 889 813 105 910 789 686 544
33 765 673 762 789 750 669 439 774 737 699 872 835 520 794 675 730 746 727 718 335 684 0 485 627 377
34 66 649 157 408 593 254 290 225 351 417 345 318 366 684 388 503 435 331 157 483 571 593 393 377 577
35 268 226 193 325 298 471 408 408 394 216 347 229 339 160 410 307 442 342 354 426 395 295 278 335 357
36 669 323 573 537 678 698 700 673 223 260 325 673 626 625 696 317 562 434 241 526 412 479 269 721 551
37 560 494 564 598 573 722 349 784 425 205 765 445 432 497 689 723 226 277 608 421 658 327 422 216 740
38 167 175 315 173 207 263 92 191 170 288 295 263 223 192 209 165 244 181 204 260 49 309 283 174 221
39 348 221 401 534 717 870 688 686 872 440 491 704 828 692 353 823 435 502 301 527 82 597 636 683 245
40 474 290 472 627 636 400 373 314 599 613 496 240 625 387 399 63 320 334 417 470 446 538 682 229 323
;

param:   cost_bundl  marginal :=
1 154 143
2 146 156
3 153 30
4 43 128
5 157 123
6 93 139
7 72 108
8 90 67
9 79 120
10 100 88
11 136 79
12 53 143
13 98 154
14 129 56
15 104 105
16 130 125
17 115 87
18 104 118
19 140 156
20 130 134
21 122 149
22 151 100
23 4 118
24 113 147
25 157 55
;
param: buyer budget :=
  0 6
  1 371
  2 626
  3 144
  4 475
  5 672
  6 399
  7 202
  8 129
  9 612
  10 512
  11 832
  12 818
  13 541
  14 51
  15 840
  16 512
  17 477
  18 515
  19 771
  20 894
  21 372
  22 649
  23 205
  24 746
  25 180
  26 388
  27 249
  28 566
  29 627
  30 921
  31 278
  32 527
  33 12
  34 93
  35 217
  36 741
  37 838
  38 818
  39 620
;
param num_partition :=
2
;
param: item partition_index cardinality :=
0 0 26
1 0 18
2 0 12
3 0 27
4 0 21
5 0 1
6 0 23
7 0 29
8 0 30
9 0 1
10 0 34
11 0 27
12 0 39
13 0 18
14 0 3
15 0 24
16 0 2
17 0 26
18 0 39
19 0 7
20 0 4
21 0 5
22 0 32
23 0 37
24 0 15
