param num_bundles := 25;

param num_cust := 40;

param price_reserve :
   1 2 3 4 5 6 7 8 9 10 11 12 13 14 15 16 17 18 19 20 21 22 23 24 25 :=
1 758 555 775 463 263 674 302 658 787 433 487 813 692 573 481 612 474 885 588 865 732 828 802 206 478
2 603 581 515 483 404 508 376 375 590 342 440 572 301 252 598 129 560 483 349 606 386 565 164 457 574
3 476 311 489 233 361 208 170 468 142 382 521 499 180 402 416 319 436 172 505 342 256 403 453 414 450
4 205 332 244 256 335 237 373 322 376 124 311 287 283 329 258 241 275 89 301 178 159 185 345 145 342
5 173 300 632 288 744 325 359 722 255 467 409 227 556 152 402 437 530 295 349 433 636 353 522 310 670
6 599 691 860 850 578 473 64 526 778 223 269 729 846 235 848 892 384 699 848 814 894 547 714 420 844
7 377 547 596 514 347 594 312 318 496 299 487 554 439 387 363 218 483 524 43 485 326 519 556 498 344
8 262 280 122 57 275 170 45 302 200 112 275 249 274 310 155 256 308 282 265 160 224 141 210 63 269
9 586 527 657 284 696 455 378 43 73 362 504 299 722 574 720 514 585 526 482 555 751 688 753 514 638
10 653 541 331 301 697 846 723 497 582 770 400 269 753 567 595 734 255 830 180 481 589 630 278 761 569
11 509 396 309 125 233 246 455 413 342 186 416 262 102 310 375 386 462 208 208 388 289 460 399 298 494
12 722 504 829 597 340 520 473 607 539 458 823 859 659 905 776 611 873 614 541 541 488 773 889 481 570
13 118 98 116 72 112 156 115 126 120 79 100 125 94 149 154 34 98 24 99 150 130 115 151 113 142
14 347 211 183 704 469 479 809 730 663 31 851 871 547 779 548 611 746 285 381 504 853 695 710 439 878
15 894 482 409 590 162 875 809 605 703 904 551 637 583 584 209 887 556 846 685 568 559 544 732 711 480
16 298 409 596 272 325 664 208 590 689 661 566 788 899 858 623 91 657 607 263 641 590 686 596 654 512
17 807 598 654 478 740 437 726 748 189 469 801 166 653 788 328 180 504 142 605 513 659 551 526 115 232
18 601 252 595 422 446 595 666 572 335 578 420 669 30 628 150 366 476 249 449 90 219 623 505 592 673
19 453 362 443 512 361 473 451 447 454 288 236 378 488 129 590 474 79 107 552 347 34 364 462 201 574
20 860 419 254 404 754 860 816 452 707 223 169 691 677 709 769 432 167 701 319 548 692 533 631 399 846
21 471 540 558 530 574 155 291 449 472 569 258 538 387 251 458 447 290 87 469 408 535 437 178 420 230
22 136 254 25 231 243 121 302 246 312 90 146 273 184 190 150 200 285 257 270 234 192 215 169 158 170
23 164 669 296 479 718 304 830 466 752 374 755 398 726 310 474 722 276 783 606 771 361 253 626 637 563
24 237 473 615 295 380 410 508 535 425 320 218 262 531 511 542 393 629 299 558 220 494 435 512 454 252
25 145 261 140 70 175 185 279 252 262 221 205 119 237 172 200 87 43 212 73 58 145 223 313 235 224
26 106 110 62 129 132 56 104 115 146 156 97 102 4 43 99 105 125 134 146 104 37 125 60 106 128
27 132 49 61 116 143 44 89 151 124 118 114 99 22 108 88 57 118 119 75 48 121 120 157 91 122
28 470 618 748 700 268 265 636 734 589 781 329 653 803 408 519 451 702 753 649 728 344 608 772 160 645
29 583 368 511 446 327 480 552 306 624 544 300 472 619 345 532 602 276 334 522 439 583 270 631 193 163
30 710 907 555 538 315 858 889 352 499 913 396 162 566 395 166 694 767 452 805 219 628 830 923 682 273
31 482 407 188 402 305 336 453 465 401 421 281 170 509 147 387 235 367 81 489 436 424 208 423 230 283
32 804 524 539 347 684 845 76 459 895 870 509 707 647 818 911 734 313 424 409 723 816 547 864 402 695
33 101 146 214 173 260 257 204 98 298 137 206 194 277 118 178 153 280 84 308 252 299 305 191 199 141
34 489 560 690 724 445 724 699 755 648 533 465 603 351 506 767 344 670 625 601 612 782 604 741 672 408
35 358 479 96 601 416 470 346 675 680 724 643 229 524 184 256 659 684 721 496 676 738 610 755 681 726
36 608 549 363 131 404 743 575 736 813 415 457 657 558 808 706 641 846 658 651 814 813 659 831 691 376
37 829 540 757 296 676 890 533 598 719 839 334 363 668 71 324 674 423 179 769 285 898 611 755 650 604
38 851 309 160 775 836 493 482 404 462 447 122 497 752 595 663 709 876 580 550 878 780 778 296 490 702
39 388 393 550 406 652 598 532 487 598 518 623 629 243 389 546 388 630 553 638 594 363 580 633 599 570
40 531 626 700 332 365 435 157 603 411 338 48 323 384 670 697 317 497 613 641 288 576 278 303 226 652
;

param:   cost_bundl  marginal :=
1 38 113
2 135 119
3 44 117
4 109 113
5 111 37
6 74 109
7 90 77
8 157 142
9 128 115
10 151 130
11 127 134
12 98 157
13 124 22
14 56 100
15 145 105
16 54 126
17 142 66
18 153 36
19 64 55
20 136 112
21 54 68
22 46 142
23 132 82
24 141 56
25 87 101
;
param: buyer budget :=
  0 451
  1 548
  2 442
  3 259
  4 409
  5 512
  6 439
  7 21
  8 666
  9 624
  10 60
  11 359
  12 62
  13 844
  14 621
  15 245
  16 888
  17 363
  18 328
  19 315
  20 18
  21 400
  22 845
  23 151
  24 310
  25 431
  26 153
  27 394
  28 461
  29 919
  30 67
  31 32
  32 383
  33 512
  34 839
  35 199
  36 64
  37 259
  38 353
  39 844
;
param num_partition :=
2
;
param: item partition_index cardinality :=
0 0 38
1 0 38
2 0 20
3 0 11
4 0 32
5 0 37
6 0 20
7 0 18
8 0 16
9 0 34
10 0 8
11 0 20
12 0 7
13 0 23
14 0 38
15 0 32
16 0 3
17 0 9
18 0 27
19 0 15
20 0 27
21 0 7
22 0 39
23 0 16
24 0 15
