param num_bundles := 25;

param num_cust := 40;

param price_reserve :
   1 2 3 4 5 6 7 8 9 10 11 12 13 14 15 16 17 18 19 20 21 22 23 24 25 :=
1 347 462 326 432 527 335 339 528 128 121 355 407 535 384 202 339 454 437 460 414 278 411 381 235 429
2 303 416 260 508 483 188 413 487 465 245 97 329 133 424 180 315 116 433 348 70 474 118 331 370 249
3 260 377 359 244 315 413 430 376 604 840 832 249 668 715 813 41 548 841 476 462 640 624 737 641 349
4 634 586 353 82 280 601 45 544 594 453 500 507 561 396 646 636 603 508 149 461 614 270 422 625 245
5 509 10 342 78 471 386 461 434 247 280 313 266 69 213 314 536 454 359 374 170 449 334 161 288 537
6 265 520 384 160 294 429 514 344 475 419 437 237 186 333 260 516 518 209 531 432 387 478 536 264 494
7 132 51 297 134 225 214 221 276 304 271 154 174 286 188 60 275 259 187 256 253 272 28 290 73 266
8 630 637 249 512 517 520 630 645 582 369 372 362 412 449 509 390 615 604 355 338 447 603 425 653 494
9 602 656 411 532 147 372 572 363 602 279 134 82 491 285 513 638 634 282 573 500 526 626 459 238 372
10 454 506 442 308 506 380 28 253 373 323 231 276 373 342 199 464 416 66 466 500 499 208 472 436 199
11 507 550 149 472 514 461 28 527 505 229 364 471 502 387 436 545 523 203 169 228 160 451 309 149 268
12 804 820 420 778 408 784 618 729 731 627 748 752 405 725 681 770 164 474 334 558 226 363 773 701 607
13 386 347 468 197 487 66 507 417 216 365 234 352 188 470 273 409 216 454 237 508 268 421 277 445 229
14 495 469 390 240 269 459 298 428 536 470 502 475 456 375 525 506 489 93 144 496 521 174 205 365 542
15 664 718 838 582 729 872 242 667 880 771 550 852 735 483 813 672 749 533 756 604 464 580 766 441 804
16 160 316 440 388 520 105 559 509 434 464 270 511 226 554 94 502 367 515 458 419 399 387 267 361 244
17 429 211 527 680 646 740 217 404 739 664 245 485 547 469 604 216 476 739 54 302 717 542 457 183 337
18 540 684 747 186 482 302 719 604 320 472 717 302 292 722 619 637 399 544 735 711 583 595 432 749 757
19 575 271 105 526 121 565 362 263 426 485 554 194 56 571 358 39 192 499 225 573 547 156 348 316 574
20 867 874 400 592 669 912 230 866 214 226 133 641 279 481 917 704 659 593 808 836 674 612 663 685 631
21 137 191 144 148 319 316 185 361 304 328 361 214 329 357 269 259 333 49 88 298 328 266 366 240 376
22 687 837 694 806 468 263 158 794 305 811 444 596 322 220 394 811 436 587 365 636 427 780 641 838 653
23 873 747 762 244 864 931 657 359 814 802 893 461 736 728 729 252 924 449 625 698 554 347 670 640 912
24 323 541 274 440 472 482 419 533 602 369 468 589 371 339 525 525 474 511 584 342 504 552 594 378 385
25 455 779 741 639 775 807 675 470 762 620 709 571 799 739 713 638 497 695 722 693 577 517 792 738 600
26 507 521 552 574 562 336 199 538 168 323 293 142 235 565 220 332 149 452 316 417 358 360 465 549 535
27 441 460 618 813 660 264 584 561 819 450 436 771 859 873 392 842 665 648 829 768 851 629 757 466 295
28 892 708 886 80 516 406 562 559 302 579 84 771 369 731 793 881 825 619 571 679 792 484 298 863 583
29 184 706 728 562 289 474 542 670 518 274 728 205 748 327 475 304 354 174 651 729 492 468 340 564 429
30 555 400 532 212 591 498 418 471 341 370 598 489 503 302 14 644 318 485 247 609 223 704 543 576 359
31 397 390 250 139 365 426 147 252 391 346 308 424 418 305 305 327 148 412 215 99 356 330 302 407 267
32 268 295 154 191 272 284 172 119 298 225 274 159 307 105 75 86 231 269 219 217 156 298 237 217 267
33 419 273 387 567 449 488 513 501 280 398 195 395 580 341 426 503 365 338 583 566 437 363 231 434 466
34 461 557 350 416 183 293 491 341 476 220 414 448 344 525 283 286 488 400 526 225 316 391 233 567 323
35 812 352 579 505 426 863 454 579 467 80 650 521 499 825 744 510 790 808 618 893 622 704 388 581 716
36 621 418 736 778 474 722 624 552 824 432 647 707 117 613 256 715 186 722 449 472 701 643 257 308 37
37 421 363 457 451 420 222 370 361 182 129 451 375 376 340 391 334 240 222 263 230 347 83 106 440 433
38 692 491 536 540 498 517 517 443 659 507 347 313 693 71 469 578 562 583 632 597 367 565 458 664 509
39 682 745 743 511 363 794 301 846 769 692 556 645 215 242 653 749 755 634 511 864 336 845 813 501 878
40 279 275 94 90 76 316 71 393 193 294 335 406 152 258 403 398 198 69 430 418 241 372 309 140 276
;

param:   cost_bundl  marginal :=
1 151 81
2 81 74
3 156 147
4 27 118
5 17 84
6 108 135
7 102 69
8 41 157
9 72 131
10 138 107
11 143 132
12 19 127
13 112 101
14 156 93
15 148 123
16 84 143
17 139 111
18 95 149
19 114 99
20 35 73
21 101 24
22 97 139
23 18 141
24 150 45
25 115 83
;
param: buyer budget :=
  0 163
  1 487
  2 544
  3 244
  4 817
  5 273
  6 663
  7 407
  8 178
  9 739
  10 82
  11 197
  12 564
  13 672
  14 95
  15 877
  16 476
  17 587
  18 492
  19 392
  20 668
  21 768
  22 763
  23 829
  24 764
  25 104
  26 399
  27 517
  28 52
  29 823
  30 529
  31 653
  32 340
  33 867
  34 142
  35 712
  36 189
  37 510
  38 735
  39 557
;
param num_partition :=
2
;
param: item partition_index cardinality :=
0 0 26
1 0 2
2 0 7
3 0 19
4 0 1
5 0 36
6 0 26
7 0 13
8 0 9
9 0 4
10 0 33
11 0 5
12 0 22
13 0 15
14 0 4
15 0 20
16 0 31
17 0 1
18 0 28
19 0 15
20 0 2
21 0 21
22 0 17
23 0 13
24 0 3
