param num_bundles := 25;

param num_cust := 40;

param price_reserve :
   1 2 3 4 5 6 7 8 9 10 11 12 13 14 15 16 17 18 19 20 21 22 23 24 25 :=
1 169 268 102 428 124 326 281 214 247 323 236 241 31 363 209 129 48 369 384 227 337 375 261 278 422
2 464 393 673 694 575 713 553 538 409 513 682 474 504 692 337 356 766 748 757 628 444 382 719 698 688
3 255 40 202 182 193 169 294 96 191 248 91 172 292 180 301 261 143 243 172 155 253 225 56 208 241
4 546 479 722 878 475 520 728 657 269 440 852 697 782 868 725 633 885 387 601 730 452 172 536 301 862
5 575 737 508 666 507 609 755 504 690 699 508 554 714 494 778 243 740 517 734 486 178 140 587 499 450
6 289 196 358 439 372 320 420 433 409 249 51 467 414 243 161 398 458 244 297 318 115 340 252 453 416
7 586 67 690 656 447 691 774 296 775 699 592 405 627 206 470 740 277 455 665 766 776 623 539 736 548
8 424 123 684 577 623 719 595 679 359 687 613 425 284 543 476 158 261 589 605 522 576 449 673 278 594
9 347 498 534 309 135 449 193 285 166 244 144 490 324 533 146 464 499 496 83 363 342 536 549 480 434
10 315 560 353 467 689 711 496 0 613 374 402 401 609 483 484 460 718 343 325 343 397 593 716 315 316
11 364 519 48 244 472 507 563 522 347 374 285 389 496 317 50 254 445 125 280 569 25 276 313 83 606
12 470 892 725 602 704 332 685 379 843 339 635 651 712 881 350 813 425 528 784 573 807 488 667 651 496
13 339 342 449 336 121 385 295 205 501 510 348 348 435 499 311 128 327 338 316 467 511 392 406 381 456
14 134 146 153 111 83 153 143 62 100 129 156 109 116 146 93 125 39 155 89 118 136 87 112 32 97
15 637 579 665 728 739 343 676 600 455 537 742 635 567 696 677 705 746 803 398 804 162 313 413 493 314
16 639 561 776 684 145 616 291 220 639 580 262 790 725 782 726 147 696 754 461 538 575 807 316 426 547
17 590 591 383 447 549 585 766 678 645 618 757 698 671 833 160 839 548 196 726 755 692 717 666 154 601
18 683 342 337 702 680 791 741 203 690 443 562 548 399 290 762 511 635 677 432 617 578 588 669 668 490
19 280 563 497 226 464 452 214 617 93 318 327 179 495 278 420 581 476 329 303 438 273 144 535 569 208
20 326 514 391 536 893 845 696 784 151 496 494 504 271 857 891 842 206 522 404 729 530 759 477 306 381
21 78 136 404 375 374 419 358 248 349 82 327 180 279 428 113 335 400 273 301 368 431 16 257 333 155
22 576 474 563 496 181 116 563 640 351 505 384 390 672 282 255 95 360 349 544 649 163 571 439 297 240
23 646 613 375 551 651 604 239 343 278 531 628 274 566 681 366 325 452 384 345 562 656 450 440 247 257
24 332 625 105 387 310 271 644 601 438 380 697 710 627 324 432 416 664 523 387 473 418 305 540 714 310
25 379 352 515 247 502 507 588 290 500 594 501 358 558 419 110 494 112 438 294 567 215 219 553 336 508
26 270 353 48 86 202 220 331 93 300 233 347 259 362 85 348 132 183 291 364 245 169 168 336 105 151
27 195 808 822 33 792 627 317 502 484 623 549 508 827 661 602 818 441 597 825 808 742 518 776 820 531
28 304 240 103 269 277 95 165 93 251 92 226 145 128 301 172 178 241 260 250 20 309 315 169 294 184
29 100 247 291 139 310 264 281 271 265 176 130 206 270 111 286 232 279 141 246 111 146 315 288 238 81
30 890 317 674 769 533 393 381 324 241 493 344 459 536 469 858 784 780 554 474 282 803 850 443 832 591
31 197 767 873 712 856 647 147 697 822 446 586 502 770 597 855 743 261 807 552 635 542 535 482 749 514
32 485 438 555 799 585 719 248 774 743 766 588 375 444 801 671 468 200 744 377 94 400 534 267 392 297
33 155 124 433 208 299 123 404 334 308 451 346 298 372 399 401 352 177 403 334 321 165 242 107 388 456
34 569 617 544 738 741 664 729 294 344 750 170 664 783 488 191 628 493 391 736 635 631 495 496 766 164
35 593 515 444 602 397 596 479 457 592 104 267 370 309 437 483 375 547 429 188 483 322 348 273 69 271
36 527 754 592 789 747 427 762 432 409 702 724 700 799 599 543 824 823 780 808 810 401 778 515 546 687
37 289 287 103 315 227 256 276 187 165 225 132 290 137 308 202 274 91 200 242 42 181 264 155 300 300
38 224 514 341 25 290 313 545 558 589 572 625 599 609 143 622 614 356 451 508 524 439 438 464 114 594
39 295 450 429 81 158 420 412 426 134 330 140 298 93 84 308 495 448 320 295 494 508 342 166 418 466
40 807 843 430 849 460 785 677 538 650 206 780 911 796 833 653 825 251 815 502 914 627 582 609 817 658
;

param:   cost_bundl  marginal :=
1 75 107
2 137 77
3 150 129
4 80 91
5 146 97
6 119 117
7 118 144
8 154 131
9 126 60
10 110 132
11 66 94
12 133 124
13 48 142
14 7 153
15 133 100
16 141 116
17 64 117
18 75 153
19 102 93
20 136 91
21 147 54
22 150 147
23 109 140
24 133 155
25 35 84
;
param: buyer budget :=
  0 817
  1 36
  2 56
  3 785
  4 352
  5 839
  6 250
  7 815
  8 65
  9 191
  10 592
  11 726
  12 104
  13 699
  14 644
  15 547
  16 89
  17 665
  18 598
  19 524
  20 397
  21 767
  22 873
  23 711
  24 259
  25 599
  26 855
  27 606
  28 137
  29 781
  30 446
  31 546
  32 677
  33 739
  34 210
  35 593
  36 207
  37 837
  38 13
  39 813
;
param num_partition :=
2
;
param: item partition_index cardinality :=
0 0 16
1 0 2
2 0 12
3 0 35
4 0 11
5 0 29
6 0 27
7 0 18
8 0 26
9 0 27
10 0 4
11 0 8
12 0 6
13 0 19
14 0 35
15 0 17
16 0 28
17 0 13
18 0 32
19 0 1
20 0 36
21 0 9
22 0 11
23 0 26
24 0 13
