param num_bundles := 25;

param num_cust := 40;

param price_reserve :
   1 2 3 4 5 6 7 8 9 10 11 12 13 14 15 16 17 18 19 20 21 22 23 24 25 :=
1 678 875 621 770 760 808 599 722 855 589 346 815 753 616 772 532 831 270 316 756 636 728 819 660 460
2 643 602 679 621 605 463 361 639 334 596 363 534 320 406 528 182 329 673 664 668 594 274 622 286 536
3 590 576 692 601 680 541 313 282 114 375 666 571 683 745 785 732 691 92 743 207 714 209 563 626 548
4 371 353 460 450 345 463 248 465 172 456 346 449 129 436 488 274 295 323 70 309 296 180 223 255 138
5 732 499 449 677 304 712 508 684 827 240 669 755 606 608 728 298 588 287 786 766 826 545 328 150 826
6 472 510 324 457 673 650 417 267 398 172 202 675 14 449 665 486 525 229 135 518 561 248 85 369 457
7 430 393 268 294 52 147 386 452 151 192 418 457 441 182 483 224 483 506 339 426 112 505 152 501 497
8 274 315 298 331 161 69 259 315 314 286 375 309 360 192 430 252 301 287 185 195 400 279 223 264 156
9 525 348 439 548 571 419 411 415 348 354 165 565 249 487 137 317 384 487 286 270 393 466 339 513 489
10 738 577 768 621 497 625 875 869 802 820 853 752 876 789 545 593 710 549 847 845 863 851 358 597 143
11 632 740 710 664 575 701 641 417 830 215 704 745 543 795 459 795 835 290 344 659 567 497 669 828 729
12 316 609 831 829 558 485 586 565 613 674 830 742 308 552 634 255 852 786 721 713 603 905 356 283 857
13 460 644 529 375 674 660 545 568 582 566 634 675 622 583 594 495 545 221 572 590 475 498 656 531 278
14 431 200 522 572 383 260 250 433 386 532 322 268 525 191 129 535 317 223 300 479 227 440 331 180 559
15 425 500 288 321 517 408 451 83 556 419 357 504 574 443 351 387 513 199 541 515 522 344 563 542 475
16 398 120 235 397 21 218 395 423 156 335 380 340 328 281 291 347 170 269 275 345 140 250 257 306 333
17 427 552 496 655 550 469 531 52 625 510 431 347 226 620 614 317 495 301 80 436 523 323 334 620 512
18 529 757 813 580 204 620 847 672 474 749 778 917 521 493 0 877 316 489 372 681 753 625 775 367 748
19 367 408 348 440 186 422 422 424 337 202 212 324 462 352 211 415 410 154 315 445 231 462 189 467 231
20 286 355 236 378 315 221 365 262 242 224 358 224 286 302 370 101 261 297 373 269 202 366 361 272 120
21 495 341 631 525 624 45 489 281 584 502 203 419 390 114 285 589 597 147 257 387 617 336 402 556 478
22 537 713 377 726 565 751 417 589 649 701 588 162 731 763 264 369 490 615 420 725 718 336 398 503 614
23 746 537 268 276 538 766 656 518 368 618 635 326 771 485 424 762 803 205 719 698 800 792 624 375 463
24 222 180 355 276 280 93 231 421 244 239 228 303 377 147 211 144 213 293 103 396 122 275 217 320 371
25 830 680 843 438 549 501 462 755 838 345 144 717 837 786 841 618 894 874 866 304 759 530 730 735 605
26 164 232 275 207 64 239 193 183 284 305 234 310 252 256 316 290 240 278 59 180 227 300 279 216 175
27 710 437 368 742 811 627 694 821 690 782 769 418 723 578 91 849 314 433 689 556 896 429 732 516 750
28 449 285 569 446 520 414 255 136 597 119 342 559 269 575 590 509 467 625 126 542 482 454 645 210 414
29 145 117 26 118 18 122 98 143 79 106 80 125 125 47 139 113 154 142 152 134 50 130 44 136 149
30 266 563 695 391 667 762 400 452 798 565 758 755 244 290 518 115 696 664 814 685 855 104 607 376 755
31 527 476 433 337 568 762 214 795 826 580 476 843 396 409 754 872 235 295 561 768 276 624 442 787 639
32 528 479 552 490 289 320 349 245 364 511 217 61 391 202 336 229 531 91 502 549 567 533 526 233 54
33 329 420 666 673 589 302 447 392 460 707 651 671 565 630 556 529 296 576 357 530 720 529 297 700 631
34 506 670 606 574 458 807 710 673 527 711 727 506 307 573 565 461 480 416 240 324 274 650 715 584 438
35 119 34 92 143 149 18 151 147 88 154 34 154 56 69 120 135 95 65 102 56 35 130 144 108 17
36 868 675 848 767 470 764 538 876 872 437 655 684 326 734 739 442 824 840 384 918 676 563 533 616 612
37 221 560 395 137 320 566 538 543 571 630 636 99 591 364 236 559 492 580 520 230 641 594 418 502 579
38 316 346 494 442 367 488 534 403 234 420 370 390 384 448 280 226 523 506 296 379 338 361 307 388 378
39 126 420 401 118 332 353 412 229 247 72 351 384 386 365 318 245 273 163 342 430 317 383 323 177 191
40 295 78 397 463 192 138 482 271 472 240 480 491 360 443 451 248 217 422 151 544 481 377 509 277 234
;

param:   cost_bundl  marginal :=
1 97 59
2 117 25
3 52 157
4 156 124
5 147 137
6 143 103
7 150 153
8 74 112
9 80 132
10 109 128
11 99 125
12 97 81
13 116 131
14 120 116
15 128 103
16 141 84
17 121 96
18 151 88
19 61 71
20 144 70
21 52 42
22 138 112
23 76 63
24 140 117
25 65 130
;
param: buyer budget :=
  0 328
  1 196
  2 547
  3 310
  4 784
  5 182
  6 558
  7 53
  8 515
  9 179
  10 210
  11 204
  12 150
  13 766
  14 880
  15 902
  16 127
  17 6
  18 737
  19 107
  20 744
  21 762
  22 124
  23 317
  24 245
  25 436
  26 564
  27 319
  28 58
  29 261
  30 270
  31 581
  32 408
  33 294
  34 674
  35 803
  36 837
  37 649
  38 326
  39 769
;
param num_partition :=
2
;
param: item partition_index cardinality :=
0 0 15
1 0 7
2 0 8
3 0 32
4 0 26
5 0 19
6 0 32
7 0 30
8 0 26
9 0 10
10 0 5
11 0 26
12 0 21
13 0 28
14 0 38
15 0 10
16 0 36
17 0 10
18 0 34
19 0 3
20 0 34
21 0 4
22 0 39
23 0 19
24 0 3
