param num_bundles := 25;

param num_cust := 40;

param price_reserve :
   1 2 3 4 5 6 7 8 9 10 11 12 13 14 15 16 17 18 19 20 21 22 23 24 25 :=
1 203 361 128 204 363 377 288 62 170 322 292 301 162 381 205 307 284 293 311 370 185 339 216 213 315
2 786 447 530 672 699 463 741 783 780 233 474 481 389 743 730 694 450 483 553 617 821 462 816 703 692
3 238 325 381 427 590 551 632 234 592 423 429 599 577 389 333 601 509 229 323 420 601 624 236 419 263
4 94 139 109 104 76 78 150 140 138 101 95 118 143 138 136 138 74 74 88 84 85 141 100 124 52
5 85 104 99 141 133 74 119 66 103 33 139 84 85 68 120 124 117 143 117 82 129 146 151 147 83
6 519 380 744 615 807 608 329 720 425 404 675 375 566 753 344 750 189 320 360 533 689 659 643 371 788
7 786 517 593 759 319 820 233 458 771 744 684 711 490 366 145 772 454 506 756 499 659 564 772 485 726
8 95 120 69 21 152 55 75 107 124 130 75 129 118 150 137 122 147 144 85 119 157 66 86 139 84
9 420 374 426 405 460 124 295 249 449 253 438 313 329 326 464 283 332 375 209 341 254 113 402 287 287
10 307 384 620 752 671 411 576 704 765 402 650 581 755 845 139 840 44 820 772 725 481 464 338 595 223
11 573 138 682 620 467 89 687 528 638 117 224 513 562 252 724 560 475 41 637 631 609 400 376 278 599
12 389 472 213 283 481 750 771 374 760 504 563 839 826 275 406 528 655 376 543 550 671 694 815 318 881
13 240 164 214 166 118 119 238 77 339 237 286 82 335 328 355 324 254 300 343 312 171 290 359 322 316
14 901 735 358 627 606 588 780 681 608 848 614 327 808 628 902 715 644 531 363 369 834 782 270 469 790
15 780 719 557 761 616 277 441 137 739 709 836 530 409 629 781 29 556 539 803 213 769 669 534 211 812
16 329 292 302 505 346 286 497 174 275 440 414 65 234 272 392 508 488 412 488 468 477 426 482 369 484
17 658 587 653 650 650 575 502 573 527 507 382 602 616 483 185 328 597 533 707 558 394 324 743 748 477
18 239 253 264 279 214 92 149 281 177 289 251 135 180 347 313 237 330 331 264 168 294 379 308 167 186
19 487 638 470 518 671 622 399 545 182 644 566 606 533 137 530 456 668 680 669 632 664 484 111 365 613
20 513 564 587 593 461 528 288 841 142 781 802 605 507 113 756 825 746 611 821 484 201 634 847 460 618
21 341 480 510 461 215 478 320 426 456 222 207 365 151 338 313 353 25 466 444 416 369 165 243 283 209
22 332 491 476 668 551 324 669 507 650 372 473 560 613 129 399 550 591 647 816 801 717 696 564 732 149
23 291 549 132 30 525 433 425 467 606 576 574 597 574 115 578 474 586 581 475 384 541 209 365 297 582
24 886 456 181 931 312 901 442 286 767 326 896 490 732 489 442 302 642 385 105 133 831 242 925 676 401
25 156 748 882 506 503 351 561 669 836 520 584 596 700 228 412 763 261 812 604 403 532 334 606 639 693
26 331 220 484 397 379 505 348 401 296 473 159 142 361 336 511 351 485 333 375 418 411 74 490 259 511
27 325 463 657 804 786 387 607 751 367 728 691 772 377 465 468 168 825 464 354 808 581 641 711 781 560
28 644 635 736 507 555 698 481 631 175 722 701 413 606 397 653 678 639 758 600 601 473 686 292 106 401
29 102 171 158 305 99 262 370 80 169 370 107 368 130 235 347 288 246 308 355 225 203 321 232 124 347
30 203 658 776 439 574 769 99 687 575 393 252 729 749 423 93 498 54 807 533 510 344 269 236 108 531
31 626 609 429 521 368 411 164 522 347 474 272 420 615 330 336 607 572 579 505 558 172 535 582 594 452
32 690 253 600 660 549 602 693 612 406 672 609 662 417 519 287 648 479 397 425 367 385 631 505 337 685
33 239 494 744 719 508 628 549 241 765 780 807 671 809 353 539 597 566 497 305 707 580 593 615 206 562
34 660 779 320 881 777 276 706 731 505 582 579 650 718 585 448 377 579 442 422 536 631 769 804 193 435
35 418 450 508 553 441 605 254 410 575 621 318 496 561 428 491 269 563 230 603 627 333 342 258 486 386
36 681 651 536 632 767 608 646 585 729 816 721 599 432 706 640 527 374 279 815 811 533 786 793 384 618
37 165 444 390 391 496 387 476 483 285 429 201 348 473 349 475 334 451 131 436 139 471 347 337 357 283
38 771 809 709 552 433 295 419 640 815 549 690 888 502 806 624 544 907 724 231 509 236 783 681 40 588
39 458 469 226 451 422 209 500 176 330 446 416 353 460 359 339 469 232 463 54 67 186 368 462 219 233
40 738 682 721 562 632 547 587 154 727 209 461 522 278 659 703 704 515 315 388 524 756 666 601 452 188
;

param:   cost_bundl  marginal :=
1 71 67
2 138 74
3 139 95
4 120 49
5 96 94
6 149 31
7 132 150
8 150 125
9 109 80
10 102 124
11 135 144
12 88 124
13 106 47
14 113 157
15 139 50
16 56 76
17 126 110
18 138 148
19 41 149
20 98 127
21 113 146
22 151 119
23 131 99
24 23 62
25 155 49
;
param: buyer budget :=
  0 188
  1 751
  2 399
  3 772
  4 104
  5 305
  6 163
  7 925
  8 314
  9 258
  10 39
  11 607
  12 299
  13 417
  14 474
  15 144
  16 886
  17 162
  18 823
  19 31
  20 768
  21 930
  22 202
  23 72
  24 645
  25 554
  26 762
  27 668
  28 745
  29 773
  30 650
  31 523
  32 634
  33 146
  34 352
  35 698
  36 132
  37 901
  38 293
  39 462
;
param num_partition :=
2
;
param: item partition_index cardinality :=
0 0 22
1 0 35
2 0 7
3 0 34
4 0 16
5 0 29
6 0 38
7 0 21
8 0 1
9 0 9
10 0 10
11 0 26
12 0 37
13 0 30
14 0 29
15 0 26
16 0 1
17 0 9
18 0 21
19 0 19
20 0 28
21 0 8
22 0 6
23 0 10
24 0 2
