param num_bundles := 25;

param num_cust := 40;

param price_reserve :
   1 2 3 4 5 6 7 8 9 10 11 12 13 14 15 16 17 18 19 20 21 22 23 24 25 :=
1 725 254 466 548 275 292 550 478 583 204 713 348 520 418 749 572 523 278 714 651 753 560 630 521 701
2 573 473 542 571 377 454 547 504 142 382 622 571 401 469 605 412 388 337 418 110 504 239 235 420 617
3 393 108 287 464 308 475 143 321 367 168 390 504 510 311 506 33 85 502 294 362 39 324 144 481 364
4 176 467 584 490 155 533 578 553 377 393 563 467 576 394 129 499 283 392 582 353 185 241 324 493 516
5 169 763 332 357 441 850 761 803 738 419 119 717 339 526 612 805 323 777 540 629 467 588 733 247 251
6 644 474 716 779 389 513 521 832 584 923 563 708 400 670 498 497 315 589 743 172 469 810 287 819 890
7 320 322 367 199 472 215 156 374 436 145 300 410 490 80 315 412 93 501 460 307 434 431 444 366 83
8 313 520 571 589 437 418 582 83 228 299 287 199 367 499 215 172 611 398 629 526 191 445 192 610 558
9 325 274 423 229 165 121 511 496 512 499 236 421 329 200 242 538 339 336 221 497 267 499 147 338 422
10 825 279 371 387 768 379 790 748 827 516 519 392 142 726 473 719 522 578 784 437 378 285 811 426 640
11 306 375 591 355 414 370 512 604 473 368 496 401 333 213 320 156 604 257 563 437 348 532 546 383 573
12 821 546 322 778 103 361 520 470 266 624 366 654 618 836 399 128 859 544 605 840 562 687 587 453 486
13 587 92 640 625 447 150 374 488 646 512 305 631 183 578 570 414 350 179 639 562 507 528 590 128 559
14 556 331 384 448 462 530 405 475 251 244 450 516 446 500 575 476 545 304 354 614 511 453 500 361 599
15 209 502 396 452 364 368 411 265 496 382 277 310 153 416 474 176 260 385 154 330 435 502 484 337 346
16 274 478 224 654 212 651 526 127 366 404 155 637 542 200 579 368 199 636 529 519 423 579 141 588 472
17 419 520 526 280 182 426 451 543 131 528 256 546 209 112 451 581 466 589 109 576 441 102 408 367 218
18 804 844 792 582 640 610 775 713 759 557 658 452 573 801 675 530 569 598 333 293 361 678 676 738 799
19 780 548 401 390 865 569 457 437 455 863 703 610 695 646 336 329 716 850 827 259 838 566 857 798 492
20 724 813 751 761 831 176 368 208 817 575 872 736 614 774 650 601 642 374 549 577 635 762 712 619 611
21 297 497 402 541 607 646 573 602 464 607 659 507 260 570 596 318 485 488 474 359 311 594 421 679 379
22 116 306 249 433 464 215 402 279 421 375 193 336 442 79 266 211 367 157 440 299 288 411 352 211 390
23 581 299 491 240 435 534 562 527 605 500 389 589 542 578 520 553 564 379 591 567 436 263 431 452 569
24 253 59 459 320 442 455 41 145 536 367 344 592 520 476 441 554 387 559 301 219 356 598 328 494 244
25 798 871 406 210 848 246 878 390 550 869 284 727 555 728 795 628 652 510 870 155 600 710 544 695 329
26 279 515 616 667 516 591 644 702 494 582 611 552 741 513 516 253 590 537 289 339 581 724 356 587 604
27 610 441 248 409 452 302 471 594 557 475 74 432 587 504 491 509 468 497 494 537 514 336 472 463 529
28 274 477 384 481 410 430 483 260 331 505 314 428 348 470 427 102 63 284 86 250 113 303 281 96 356
29 662 225 331 505 735 584 255 842 509 840 792 874 837 616 205 866 604 735 688 764 429 803 235 539 614
30 329 240 258 129 381 540 231 549 388 652 619 694 518 252 501 457 654 459 574 676 265 540 398 162 672
31 284 494 240 303 267 485 344 254 522 546 370 567 520 261 163 157 205 190 287 431 226 391 476 483 533
32 92 40 129 92 128 71 148 144 69 108 104 138 55 121 106 145 148 140 108 157 104 147 66 139 138
33 552 648 667 514 594 738 781 676 596 642 302 613 630 554 106 404 652 794 372 327 113 269 203 125 796
34 323 617 450 862 835 807 272 559 590 892 721 504 726 579 532 829 351 510 78 618 277 484 815 850 312
35 612 327 209 747 708 515 496 470 644 720 675 309 497 415 348 608 640 354 721 537 631 665 478 743 710
36 386 704 703 417 469 585 747 234 562 565 676 731 174 269 417 730 54 556 394 539 288 468 740 277 546
37 360 381 357 234 309 349 147 228 43 203 275 290 323 170 288 285 257 301 69 365 320 362 308 212 229
38 550 493 375 298 253 408 465 295 530 251 551 485 306 458 359 591 567 223 208 388 362 131 245 478 497
39 861 619 554 705 808 787 844 697 596 180 811 808 187 140 842 695 371 623 771 198 759 816 430 824 746
40 184 305 204 224 77 175 40 235 161 182 107 252 109 263 151 262 175 158 199 176 245 157 222 85 284
;

param:   cost_bundl  marginal :=
1 136 124
2 104 77
3 69 60
4 143 127
5 125 144
6 138 134
7 113 76
8 15 116
9 45 17
10 149 110
11 133 25
12 90 78
13 108 157
14 87 86
15 51 124
16 54 87
17 89 103
18 123 86
19 72 96
20 114 139
21 109 93
22 49 124
23 152 22
24 121 30
25 24 136
;
param: buyer budget :=
  0 73
  1 345
  2 781
  3 566
  4 657
  5 249
  6 459
  7 833
  8 634
  9 249
  10 265
  11 556
  12 473
  13 340
  14 723
  15 343
  16 768
  17 676
  18 535
  19 665
  20 788
  21 721
  22 808
  23 766
  24 864
  25 908
  26 632
  27 567
  28 188
  29 524
  30 495
  31 772
  32 342
  33 695
  34 779
  35 148
  36 710
  37 112
  38 564
  39 800
;
param num_partition :=
2
;
param: item partition_index cardinality :=
0 0 13
1 0 24
2 0 23
3 0 8
4 0 13
5 0 21
6 0 3
7 0 20
8 0 38
9 0 29
10 0 35
11 0 8
12 0 36
13 0 4
14 0 27
15 0 13
16 0 26
17 0 17
18 0 23
19 0 31
20 0 8
21 0 18
22 0 8
23 0 38
24 0 27
