param num_bundles := 25;

param num_cust := 40;

param price_reserve :
   1 2 3 4 5 6 7 8 9 10 11 12 13 14 15 16 17 18 19 20 21 22 23 24 25 :=
1 494 637 761 370 491 848 904 836 675 134 128 634 767 164 157 283 826 363 559 440 511 584 161 706 325
2 705 471 549 515 739 444 542 198 387 614 686 510 405 163 677 385 735 403 37 756 825 445 705 608 793
3 334 736 176 467 725 682 804 297 746 712 558 375 508 631 607 447 801 285 184 806 655 93 626 808 85
4 296 324 333 359 252 360 147 287 225 334 221 246 347 308 197 236 143 288 370 71 277 25 338 328 278
5 595 367 454 444 92 547 80 538 300 386 298 373 377 508 175 227 598 584 283 214 593 421 518 422 456
6 583 668 573 315 428 571 577 475 671 652 646 611 700 411 692 502 289 187 582 702 506 605 626 676 664
7 839 850 442 797 472 566 648 881 549 457 776 137 422 797 626 440 790 360 411 693 444 392 744 683 745
8 408 452 559 696 534 545 632 475 684 444 520 460 59 535 332 310 591 337 593 284 585 419 629 565 647
9 551 306 232 82 539 281 428 272 387 612 242 703 611 398 191 516 644 426 629 682 651 632 683 314 555
10 582 467 819 750 387 734 736 738 478 919 626 369 517 811 864 742 491 673 401 317 717 219 608 916 293
11 551 411 188 88 560 398 374 364 569 390 589 199 241 224 191 449 154 289 563 166 470 559 577 93 236
12 361 516 534 253 517 605 334 738 522 442 290 500 693 263 722 583 701 265 394 666 736 283 54 408 561
13 190 314 415 278 410 29 385 237 303 319 356 331 212 22 389 177 180 245 423 241 363 419 395 289 425
14 659 588 517 565 822 738 324 853 378 177 836 816 309 651 684 593 747 867 759 527 863 506 879 474 680
15 157 447 430 548 373 631 54 638 213 481 576 252 557 215 436 154 279 434 429 204 525 385 110 453 596
16 638 439 442 650 327 312 88 592 616 643 359 406 599 641 207 675 657 678 672 301 453 365 87 697 285
17 555 573 577 625 500 357 117 479 411 580 449 249 389 601 208 568 443 535 366 385 634 630 239 344 419
18 453 377 735 318 577 851 732 465 858 525 726 724 281 634 488 853 127 662 592 585 872 768 645 864 741
19 551 264 736 435 552 589 514 551 475 445 578 609 639 723 280 548 197 339 738 595 517 169 716 743 387
20 238 616 762 570 270 758 273 604 801 701 524 704 781 373 493 652 634 602 400 807 421 689 823 713 532
21 470 586 615 76 565 433 215 51 256 157 329 583 411 674 633 273 606 330 552 625 352 433 564 439 343
22 347 523 211 666 266 679 347 261 236 554 517 589 586 336 608 501 426 567 353 428 650 587 505 484 158
23 546 565 439 533 219 386 410 372 451 335 554 519 336 150 256 697 290 592 155 362 440 594 684 639 388
24 226 225 511 406 590 142 323 329 296 99 431 302 555 404 517 567 509 575 439 455 474 536 352 423 122
25 529 367 677 75 546 412 367 374 561 667 584 681 166 474 691 721 679 678 708 569 272 582 701 432 423
26 536 575 143 408 409 452 399 444 485 412 93 364 546 321 190 150 412 424 446 506 424 129 493 567 473
27 692 461 114 574 644 625 504 332 483 549 385 233 451 752 638 423 766 486 180 683 453 427 608 368 582
28 436 404 368 657 639 574 213 659 672 684 642 383 596 347 560 625 616 691 543 689 544 447 702 513 334
29 333 763 769 880 777 460 348 685 553 605 613 310 610 226 655 444 595 793 887 386 554 689 197 152 165
30 59 133 149 54 110 83 97 92 123 128 71 69 122 149 57 146 142 50 74 156 155 104 105 102 131
31 148 307 321 231 464 504 467 364 262 173 283 386 210 389 486 272 387 270 198 376 260 487 303 195 312
32 245 347 117 605 211 287 676 497 122 163 201 456 616 595 350 571 541 326 309 556 542 262 428 645 528
33 558 308 545 263 492 479 552 280 495 524 546 463 441 533 505 305 567 444 483 523 468 364 367 286 488
34 710 754 661 732 662 645 516 753 589 412 711 446 673 718 714 670 575 554 26 692 639 510 591 272 763
35 277 372 115 391 188 263 397 236 363 165 339 366 316 414 415 149 203 282 276 426 141 125 352 324 261
36 553 745 210 316 468 304 205 395 398 491 457 283 585 403 656 547 265 252 775 484 564 482 325 749 44
37 324 283 232 179 191 389 503 443 347 229 52 601 582 281 318 541 88 403 302 556 509 521 595 240 593
38 293 358 383 539 218 654 566 332 637 680 615 745 388 356 631 840 818 616 702 653 661 761 195 836 669
39 828 250 197 506 652 906 627 586 743 881 715 809 643 385 812 358 810 621 356 652 884 346 748 474 921
40 903 705 897 643 841 692 216 715 892 725 364 708 611 900 628 921 906 669 727 870 573 766 824 331 220
;

param:   cost_bundl  marginal :=
1 113 52
2 130 156
3 122 129
4 142 55
5 114 113
6 78 147
7 105 113
8 126 66
9 154 92
10 155 145
11 111 69
12 99 154
13 138 110
14 86 129
15 34 72
16 118 25
17 120 86
18 97 56
19 155 142
20 63 106
21 94 152
22 120 133
23 54 143
24 151 48
25 87 142
;
param: buyer budget :=
  0 699
  1 222
  2 867
  3 265
  4 221
  5 223
  6 81
  7 516
  8 297
  9 117
  10 553
  11 330
  12 786
  13 665
  14 717
  15 722
  16 684
  17 580
  18 223
  19 611
  20 502
  21 245
  22 404
  23 699
  24 886
  25 902
  26 430
  27 791
  28 764
  29 700
  30 903
  31 318
  32 450
  33 69
  34 56
  35 716
  36 424
  37 694
  38 410
  39 250
;
param num_partition :=
2
;
param: item partition_index cardinality :=
0 0 5
1 0 30
2 0 6
3 0 12
4 0 3
5 0 26
6 0 16
7 0 37
8 0 8
9 0 19
10 0 26
11 0 11
12 0 35
13 0 34
14 0 5
15 0 28
16 0 10
17 0 8
18 0 19
19 0 38
20 0 7
21 0 38
22 0 35
23 0 31
24 0 1
