param num_bundles := 25;

param num_cust := 40;

param price_reserve :
   1 2 3 4 5 6 7 8 9 10 11 12 13 14 15 16 17 18 19 20 21 22 23 24 25 :=
1 653 591 563 136 577 69 602 451 686 523 550 188 637 630 260 688 293 41 682 425 587 555 602 661 191
2 548 255 658 150 492 513 585 510 594 546 743 738 761 635 490 503 374 761 431 744 714 653 720 338 420
3 673 562 749 454 590 596 371 374 723 495 658 488 707 680 552 618 736 491 340 662 599 456 264 161 507
4 349 366 550 431 217 528 603 389 204 318 445 226 642 91 605 439 238 272 380 541 237 201 281 540 489
5 494 397 119 208 497 319 132 454 173 300 265 429 370 502 480 390 261 474 331 317 322 373 464 154 89
6 479 387 256 466 128 448 277 214 426 397 282 480 195 445 305 282 290 483 454 63 501 453 463 251 497
7 318 354 381 424 398 416 358 354 407 207 136 210 367 186 226 370 207 284 426 68 419 145 311 428 283
8 155 503 566 67 409 365 428 471 458 154 370 424 186 495 187 340 529 312 479 437 262 234 262 215 508
9 845 642 818 384 140 604 409 306 596 915 749 758 355 276 844 902 852 213 872 418 415 407 626 871 677
10 224 137 372 533 456 312 411 532 365 379 286 543 528 285 485 263 287 430 121 126 513 124 147 226 407
11 95 146 28 110 145 104 128 84 130 118 139 143 121 88 114 82 10 146 149 96 118 58 57 105 134
12 149 75 53 62 134 40 149 119 139 144 115 121 81 82 42 141 102 157 120 58 119 132 77 64 112
13 421 698 677 54 578 440 580 632 512 688 723 602 549 619 429 528 38 216 203 705 584 641 639 363 158
14 451 556 674 142 596 669 385 305 440 544 657 629 417 704 395 639 729 679 585 529 380 236 708 643 403
15 763 423 623 546 233 818 844 549 593 652 905 417 754 756 625 878 377 186 703 229 678 530 548 85 780
16 308 764 701 757 835 675 792 841 719 420 479 24 744 456 323 805 861 413 493 811 853 810 365 647 660
17 387 542 489 201 470 576 407 540 130 346 279 477 364 177 533 369 504 324 431 488 557 591 286 66 481
18 818 674 734 95 699 474 848 641 567 818 823 440 457 687 824 467 318 656 295 472 591 288 744 460 162
19 569 383 293 426 184 547 187 555 539 470 303 522 648 372 504 527 592 115 633 250 600 175 621 520 480
20 390 461 231 435 356 418 339 453 311 463 488 377 459 351 448 476 490 451 310 354 412 461 372 242 112
21 610 193 343 511 530 641 685 371 735 692 492 737 692 753 547 527 647 364 344 566 694 686 397 730 399
22 390 403 61 226 76 294 236 184 376 421 355 298 156 227 339 395 297 254 288 293 402 285 86 412 204
23 430 384 442 416 517 491 452 448 256 540 313 392 336 462 557 187 380 420 380 290 80 375 186 561 290
24 432 333 603 724 310 151 572 784 390 631 617 168 373 592 696 785 464 417 702 240 380 275 803 548 401
25 227 290 319 350 465 374 418 459 416 481 480 401 469 427 141 429 334 403 457 511 449 433 481 540 376
26 396 314 304 422 302 99 379 318 408 379 401 316 213 359 340 77 294 266 411 324 408 347 283 198 262
27 389 365 429 338 333 40 444 357 173 240 373 124 237 380 369 434 211 421 452 468 160 389 454 269 231
28 429 225 647 262 773 632 657 57 681 767 407 383 189 530 776 420 786 436 559 669 144 300 755 461 691
29 325 178 746 472 526 531 531 404 682 659 713 59 744 654 412 647 773 822 533 362 618 625 722 609 787
30 240 652 515 481 298 609 608 283 567 347 480 442 359 529 400 433 505 385 583 584 618 648 350 423 307
31 395 328 461 140 303 322 184 406 455 266 328 402 244 310 459 426 384 462 360 178 131 137 308 390 362
32 133 445 145 236 154 397 150 481 450 145 341 499 394 474 458 400 471 14 291 64 368 393 381 147 477
33 479 544 475 284 243 141 384 616 623 436 191 550 502 537 499 646 465 557 634 415 648 619 506 282 417
34 180 347 418 407 261 285 384 248 114 398 391 300 342 409 401 289 56 348 49 399 238 296 419 402 109
35 453 594 544 343 549 338 414 555 175 388 502 443 222 177 439 114 452 574 191 302 559 320 274 110 487
36 339 849 875 328 765 881 908 321 445 899 904 691 562 665 238 576 246 819 777 501 557 594 526 723 667
37 451 359 411 349 218 389 407 408 212 428 468 443 226 486 313 193 473 438 487 495 299 63 224 200 213
38 567 446 904 628 835 463 883 872 690 670 566 843 554 876 559 378 885 123 377 532 625 441 696 297 619
39 172 540 496 72 116 59 225 361 401 550 460 393 305 521 489 491 181 514 217 554 513 458 472 357 179
40 286 359 371 237 182 87 319 126 410 428 258 154 415 275 288 310 48 207 329 365 159 209 346 191 383
;

param:   cost_bundl  marginal :=
1 132 147
2 120 139
3 133 155
4 76 52
5 114 156
6 52 128
7 41 144
8 24 97
9 64 116
10 77 15
11 72 120
12 66 111
13 58 90
14 150 97
15 46 143
16 110 157
17 75 115
18 69 105
19 131 154
20 86 35
21 157 52
22 24 77
23 71 126
24 108 116
25 92 134
;
param: buyer budget :=
  0 10
  1 803
  2 903
  3 789
  4 590
  5 317
  6 527
  7 395
  8 702
  9 759
  10 748
  11 75
  12 235
  13 586
  14 41
  15 63
  16 521
  17 447
  18 225
  19 172
  20 913
  21 355
  22 685
  23 702
  24 350
  25 416
  26 353
  27 76
  28 180
  29 212
  30 183
  31 510
  32 753
  33 768
  34 853
  35 580
  36 280
  37 319
  38 652
  39 511
;
param num_partition :=
2
;
param: item partition_index cardinality :=
0 0 36
1 0 26
2 0 26
3 0 4
4 0 7
5 0 5
6 0 4
7 0 37
8 0 31
9 0 7
10 0 9
11 0 34
12 0 28
13 0 9
14 0 28
15 0 17
16 0 31
17 0 30
18 0 36
19 0 20
20 0 13
21 0 35
22 0 27
23 0 20
24 0 22
