param num_bundles := 25;

param num_cust := 30;

param price_reserve :
   1 2 3 4 5 6 7 8 9 10 11 12 13 14 15 16 17 18 19 20 21 22 23 24 25 :=
1 348 666 628 639 594 799 777 669 250 401 548 752 675 673 441 257 375 762 429 532 225 725 328 517 513
2 595 406 573 486 796 815 422 612 604 788 451 713 576 424 742 811 320 713 788 472 792 325 753 603 792
3 398 606 623 526 94 642 575 313 514 644 608 546 132 431 579 421 506 495 537 381 214 207 423 409 631
4 686 776 731 788 742 491 367 217 682 266 809 123 171 534 712 799 278 390 359 284 820 112 712 233 765
5 137 505 227 177 496 362 416 235 471 459 535 184 514 513 346 494 124 192 392 427 254 417 242 520 469
6 239 592 330 353 238 213 192 188 513 476 264 301 526 471 317 233 167 454 583 278 428 288 426 439 540
7 254 533 216 557 396 236 158 363 382 583 593 417 527 219 255 364 492 188 294 209 502 494 542 579 636
8 191 215 280 176 282 113 358 341 372 322 332 153 363 361 193 324 290 378 259 299 345 370 200 354 320
9 408 561 562 674 303 340 498 668 344 589 479 613 123 403 684 627 159 647 601 383 216 671 289 680 246
10 118 106 134 125 147 65 89 109 35 25 151 156 134 107 134 134 68 66 110 136 79 114 76 143 131
11 392 150 332 141 286 389 76 109 48 142 308 366 415 370 360 279 75 380 347 161 336 149 81 195 429
12 541 591 597 318 267 525 371 513 159 281 567 484 247 125 364 522 103 558 600 459 514 309 532 580 217
13 218 389 729 519 208 732 726 507 693 497 800 697 680 783 482 515 344 658 298 799 667 572 693 370 608
14 711 722 700 711 587 727 425 320 349 270 88 689 614 563 577 479 490 535 107 197 605 364 500 278 262
15 604 597 442 356 650 281 90 118 406 614 143 682 394 539 652 279 657 431 282 317 532 144 335 264 290
16 415 527 614 531 338 591 545 195 608 169 602 152 523 592 471 414 467 410 336 429 366 240 345 106 423
17 342 512 293 488 366 81 271 370 334 487 339 510 343 484 371 464 157 529 269 598 559 587 225 597 586
18 428 397 255 384 226 264 241 406 343 100 365 400 386 412 351 311 255 260 398 373 308 333 319 296 226
19 411 387 612 607 626 748 494 651 721 713 642 686 584 709 194 139 719 591 154 353 138 647 254 318 637
20 401 671 584 479 839 533 762 475 844 384 668 273 470 454 772 824 236 756 346 202 819 499 218 532 278
21 180 798 799 295 317 539 449 574 521 799 731 320 705 805 734 711 398 219 555 193 232 650 175 797 809
22 241 604 572 162 175 461 216 395 602 471 559 205 308 341 360 536 190 439 49 605 509 302 312 403 248
23 673 368 431 251 173 754 821 158 791 316 846 763 150 469 595 761 373 422 539 168 700 774 585 515 802
24 646 592 73 675 493 147 447 349 765 78 625 729 723 540 452 337 705 293 657 489 730 652 597 77 574
25 562 136 379 580 287 491 732 392 556 688 725 561 703 677 718 634 539 746 323 520 202 637 451 595 482
26 253 610 680 506 470 185 422 362 538 413 267 675 398 511 622 584 649 149 492 458 278 619 186 375 589
27 341 394 275 447 348 179 397 212 362 454 479 226 484 359 462 386 357 499 390 231 151 70 497 185 454
28 257 382 248 137 370 83 219 201 288 393 194 510 553 427 491 165 497 303 74 383 478 485 542 475 485
29 294 502 303 442 210 424 313 253 466 478 543 319 164 526 336 317 434 412 346 429 349 488 308 526 422
30 104 449 479 231 488 496 434 313 362 386 236 521 276 512 524 228 171 430 487 365 525 292 155 415 323
;

param:   cost_bundl  marginal :=
1 127 102
2 42 112
3 112 134
4 20 138
5 151 134
6 141 143
7 139 110
8 64 77
9 130 27
10 135 90
11 153 137
12 93 95
13 151 85
14 131 149
15 112 75
16 152 133
17 75 107
18 129 141
19 124 113
20 102 91
21 138 121
22 85 109
23 138 116
24 60 137
25 101 92
;
param: buyer budget :=
  0 322
  1 323
  2 721
  3 428
  4 418
  5 440
  6 800
  7 395
  8 347
  9 533
  10 558
  11 411
  12 501
  13 363
  14 118
  15 809
  16 796
  17 330
  18 327
  19 187
  20 511
  21 179
  22 152
  23 840
  24 609
  25 592
  26 141
  27 704
  28 87
  29 382
;
param num_partition :=
2
;
param: item partition_index cardinality :=
0 0 25
1 0 28
2 0 10
3 0 10
4 0 5
5 0 17
6 0 26
7 0 17
8 0 15
9 0 2
10 0 3
11 0 5
12 0 1
13 0 25
14 0 25
15 0 21
16 0 15
17 0 26
18 0 24
19 0 14
20 0 21
21 0 8
22 0 29
23 0 13
24 0 23
