param num_bundles := 25;

param num_cust := 30;

param price_reserve :
   1 2 3 4 5 6 7 8 9 10 11 12 13 14 15 16 17 18 19 20 21 22 23 24 25 :=
1 251 393 374 457 434 501 404 372 386 396 489 491 458 393 433 314 261 480 350 317 203 472 484 56 376
2 483 363 570 368 379 525 299 240 271 289 572 501 515 543 461 447 329 564 520 189 408 179 513 359 512
3 221 125 326 395 375 415 388 191 235 32 293 326 560 400 579 164 114 561 192 494 500 224 382 559 571
4 308 568 553 605 680 350 480 515 360 567 302 268 107 450 414 610 678 330 596 541 668 615 349 681 649
5 471 454 537 422 453 616 384 369 490 430 407 513 412 62 264 390 456 497 628 481 426 434 540 499 426
6 273 276 644 583 765 203 740 218 657 735 292 564 238 147 671 378 462 307 338 338 234 697 610 560 408
7 385 262 294 250 249 395 353 394 116 237 376 168 409 88 372 115 422 157 189 302 218 398 427 426 416
8 623 219 736 415 569 919 773 507 768 776 332 771 579 200 219 472 925 695 344 712 745 644 491 188 794
9 276 385 330 304 504 99 412 403 452 189 132 244 393 197 92 98 520 501 506 517 479 539 73 394 302
10 634 756 808 439 522 622 576 814 721 764 541 783 432 346 587 300 565 656 235 694 211 703 664 629 539
11 717 456 442 915 424 457 483 176 881 364 875 879 539 810 567 762 556 498 261 257 518 866 488 518 321
12 322 526 372 506 226 373 103 481 275 208 195 450 520 506 574 489 271 354 460 417 552 512 513 265 556
13 544 445 34 454 393 348 505 192 466 279 500 559 602 398 566 475 108 451 499 588 164 361 600 277 385
14 159 356 375 199 273 371 219 315 342 175 358 237 238 345 251 119 331 219 378 263 329 284 321 203 268
15 431 261 566 352 281 506 319 276 399 662 666 359 626 527 642 513 127 23 553 339 558 673 439 443 482
16 809 406 524 276 710 321 882 219 357 613 302 507 799 645 824 781 427 718 738 773 35 735 66 759 752
17 201 112 420 370 188 205 250 313 62 308 264 297 317 391 369 329 180 339 371 346 389 318 81 400 413
18 632 691 417 290 471 351 202 468 240 787 218 850 387 558 860 795 298 499 637 877 350 639 825 853 700
19 279 833 872 801 597 399 677 694 532 643 556 433 413 674 895 726 377 865 812 578 311 185 896 770 435
20 568 494 710 390 606 556 662 605 748 499 498 511 617 686 152 746 360 191 368 587 608 595 681 362 516
21 388 525 478 339 644 319 576 563 141 190 594 350 305 458 645 626 544 490 454 521 471 346 267 148 618
22 706 289 729 465 321 530 679 466 744 423 599 202 616 726 762 499 757 249 321 575 592 608 710 694 357
23 509 546 507 569 464 592 681 282 675 90 769 775 746 359 633 245 615 274 630 339 358 782 702 527 717
24 640 471 640 589 448 630 428 303 315 428 466 655 494 381 193 615 438 132 61 644 665 368 266 163 545
25 621 338 593 521 492 462 312 360 620 601 815 758 747 777 563 697 512 439 365 826 348 784 657 703 457
26 559 330 257 638 624 405 527 364 379 503 439 557 490 534 677 554 422 716 342 111 675 352 683 472 120
27 560 523 524 263 132 559 518 336 552 520 389 310 395 200 239 363 613 185 227 581 622 218 334 550 530
28 290 238 304 153 356 96 504 289 427 443 487 484 326 106 272 383 206 393 128 439 420 537 209 385 164
29 731 682 233 693 566 304 494 512 591 747 209 736 651 702 578 478 411 575 600 422 251 390 176 350 517
30 541 406 456 661 518 327 719 780 786 536 519 340 665 555 458 505 546 461 525 674 572 601 809 479 573
;

param:   cost_bundl  marginal :=
1 144 119
2 94 115
3 20 146
4 97 90
5 81 117
6 156 133
7 94 57
8 126 62
9 59 105
10 86 4
11 103 70
12 113 111
13 133 115
14 130 141
15 123 91
16 111 122
17 104 128
18 133 46
19 103 38
20 108 148
21 141 119
22 132 151
23 131 124
24 152 152
25 126 97
;
param: buyer budget :=
  0 29
  1 289
  2 243
  3 329
  4 266
  5 243
  6 783
  7 485
  8 801
  9 636
  10 846
  11 867
  12 535
  13 156
  14 623
  15 312
  16 812
  17 852
  18 306
  19 340
  20 200
  21 822
  22 793
  23 367
  24 432
  25 535
  26 464
  27 73
  28 917
  29 777
;
param num_partition :=
2
;
param: item partition_index cardinality :=
0 0 21
1 0 18
2 0 22
3 0 26
4 0 13
5 0 11
6 0 10
7 0 12
8 0 9
9 0 24
10 0 21
11 0 8
12 0 16
13 0 25
14 0 4
15 0 16
16 0 14
17 0 11
18 0 12
19 0 4
20 0 14
21 0 2
22 0 19
23 0 22
24 0 28
