param num_bundles := 25;

param num_cust := 30;

param price_reserve :
   1 2 3 4 5 6 7 8 9 10 11 12 13 14 15 16 17 18 19 20 21 22 23 24 25 :=
1 328 699 349 313 302 505 334 705 670 587 234 162 626 367 485 643 277 621 487 194 540 214 139 596 573
2 828 882 613 641 586 832 414 623 517 694 731 648 700 457 772 547 357 445 380 556 800 435 517 365 415
3 356 50 320 240 376 252 208 352 149 143 151 178 309 62 351 323 315 328 313 108 139 252 280 331 233
4 872 783 663 485 96 464 819 456 630 304 887 541 200 603 892 570 385 813 642 678 825 288 338 508 641
5 570 352 295 320 437 243 491 289 478 565 157 320 109 502 278 324 232 405 575 108 202 402 217 454 371
6 653 719 261 129 671 782 801 745 612 777 626 733 347 769 472 532 300 548 543 731 473 321 592 519 201
7 849 767 414 869 445 758 338 461 66 462 858 527 452 486 709 674 496 848 732 646 285 740 114 852 173
8 350 408 613 583 332 419 763 573 892 602 582 329 877 296 868 221 742 649 213 913 835 506 798 513 897
9 460 112 593 167 588 431 249 529 391 575 561 595 165 489 604 524 484 365 286 446 541 166 564 542 297
10 616 258 583 611 738 206 520 725 341 676 760 693 639 354 227 675 594 718 475 357 693 562 333 681 474
11 424 226 380 201 331 429 293 222 423 312 376 278 238 409 410 362 423 68 315 413 414 292 293 402 254
12 88 154 200 117 227 308 209 261 107 288 285 178 106 279 84 279 293 173 255 99 239 222 310 253 222
13 475 738 743 769 499 566 814 200 790 731 780 845 567 804 415 645 756 67 295 816 448 431 269 709 286
14 427 62 372 255 346 359 310 207 235 175 387 169 152 355 355 281 291 255 199 399 421 190 306 138 306
15 436 678 691 822 409 471 588 642 752 155 698 128 304 644 665 458 752 807 632 406 269 521 389 518 520
16 255 274 453 503 389 503 341 469 502 246 109 468 432 266 359 132 451 147 255 51 356 368 315 253 251
17 397 592 480 678 736 170 313 407 709 668 680 748 354 435 475 737 184 465 471 489 641 551 577 647 641
18 201 268 184 143 253 127 218 130 307 245 286 265 261 248 129 279 189 290 183 247 302 108 270 286 104
19 598 734 659 564 472 335 524 788 581 324 142 649 533 350 699 595 730 702 664 444 788 560 476 289 487
20 774 633 739 464 798 475 650 232 614 495 448 790 554 759 693 603 781 427 643 782 821 800 516 557 346
21 529 555 532 195 559 444 646 648 607 261 559 742 732 447 541 456 488 410 350 687 351 238 566 530 576
22 900 498 396 873 412 777 908 761 397 454 667 351 460 911 511 632 817 604 560 573 486 842 337 728 578
23 644 408 269 479 603 411 402 557 545 666 579 549 428 376 672 145 525 631 649 603 209 191 362 540 565
24 400 509 449 490 347 446 383 269 357 421 323 320 401 121 187 288 271 83 236 177 158 384 174 339 164
25 138 560 522 369 171 417 365 408 552 500 509 422 481 473 379 454 177 552 482 491 381 243 399 271 459
26 680 752 804 553 405 562 751 82 406 718 665 801 740 528 524 774 597 850 780 736 732 880 594 635 562
27 248 89 106 141 204 284 263 268 258 187 174 274 70 199 186 118 294 105 271 193 301 234 220 241 203
28 540 495 652 658 286 273 396 410 545 296 532 421 133 529 193 575 568 366 649 674 234 499 659 396 80
29 328 465 408 452 347 321 200 394 312 469 425 387 429 205 167 436 311 425 249 489 468 138 373 396 54
30 447 479 385 283 566 421 669 426 325 536 680 552 385 197 666 67 210 595 501 645 571 705 457 661 626
;

param:   cost_bundl  marginal :=
1 96 149
2 76 136
3 129 122
4 123 74
5 107 73
6 102 85
7 42 80
8 16 153
9 54 143
10 67 142
11 75 122
12 153 59
13 56 93
14 77 137
15 136 119
16 26 105
17 129 107
18 135 152
19 147 110
20 112 55
21 119 13
22 132 133
23 143 142
24 144 156
25 114 131
;
param: buyer budget :=
  0 73
  1 578
  2 282
  3 202
  4 472
  5 509
  6 743
  7 623
  8 830
  9 741
  10 250
  11 594
  12 607
  13 131
  14 823
  15 770
  16 233
  17 496
  18 864
  19 338
  20 66
  21 408
  22 902
  23 587
  24 662
  25 382
  26 871
  27 225
  28 755
  29 390
;
param num_partition :=
2
;
param: item partition_index cardinality :=
0 0 11
1 0 26
2 0 11
3 0 2
4 0 10
5 0 2
6 0 19
7 0 5
8 0 26
9 0 5
10 0 19
11 0 10
12 0 14
13 0 9
14 0 16
15 0 26
16 0 26
17 0 6
18 0 11
19 0 29
20 0 11
21 0 10
22 0 20
23 0 26
24 0 26
