param num_bundles := 25;

param num_cust := 30;

param price_reserve :
   1 2 3 4 5 6 7 8 9 10 11 12 13 14 15 16 17 18 19 20 21 22 23 24 25 :=
1 767 603 927 665 557 922 431 813 695 313 489 55 859 144 444 728 906 848 402 714 927 896 582 774 293
2 552 750 458 594 789 442 332 618 359 521 532 404 488 426 511 252 680 674 788 505 284 679 340 710 765
3 350 412 544 594 324 555 599 517 519 494 549 86 185 324 201 130 97 184 559 357 283 447 314 162 354
4 226 459 338 390 259 307 298 191 358 310 258 456 244 328 222 71 393 443 80 96 408 438 199 192 382
5 609 853 837 749 524 385 656 735 775 831 435 767 831 917 502 386 694 626 472 839 520 587 637 534 762
6 518 152 343 160 265 40 597 258 365 365 229 529 553 556 558 49 482 576 525 184 497 450 544 466 381
7 518 610 323 658 112 653 396 446 354 370 314 167 519 484 195 535 607 362 281 662 358 541 155 199 620
8 381 109 568 572 402 652 217 515 247 359 545 373 468 65 347 409 248 609 499 360 477 637 645 540 626
9 310 628 432 342 788 592 126 70 413 551 251 158 740 615 499 406 604 564 731 686 612 646 654 595 594
10 726 467 734 697 312 423 324 802 711 358 334 821 715 637 564 813 530 650 689 263 575 808 585 451 795
11 545 830 430 913 744 795 720 909 611 444 646 871 595 799 645 338 146 900 418 768 715 443 513 627 605
12 652 831 664 530 747 806 685 756 272 717 645 716 873 887 548 876 156 776 842 669 557 892 258 858 836
13 691 447 519 479 752 649 657 560 553 739 634 545 783 747 713 337 381 482 489 429 511 681 31 499 652
14 648 708 720 137 863 809 415 604 844 286 57 839 428 736 387 283 565 851 633 509 822 478 685 415 750
15 809 836 349 554 255 857 801 491 742 367 540 698 603 490 168 183 861 651 394 577 170 607 726 724 731
16 375 238 540 476 185 328 124 417 609 598 251 218 461 426 565 243 193 246 430 422 280 464 454 427 558
17 509 821 736 602 794 821 831 897 410 741 606 899 843 878 486 875 604 673 430 788 473 155 480 573 449
18 582 378 236 621 502 585 395 755 361 403 266 623 491 622 126 189 687 683 745 257 727 576 459 770 466
19 607 662 514 685 519 107 654 288 133 281 556 595 682 645 640 596 705 461 214 687 412 545 672 422 540
20 491 534 750 851 862 582 731 593 688 791 102 832 625 273 264 678 854 869 454 285 451 572 718 615 829
21 307 469 762 777 515 271 357 799 417 483 455 523 492 741 592 408 350 585 802 268 668 744 750 676 748
22 74 242 175 123 79 220 175 270 240 202 58 104 230 226 40 96 252 297 293 227 218 306 176 169 307
23 336 488 443 520 635 457 191 456 652 234 186 293 526 703 532 660 624 366 372 584 504 119 432 220 577
24 572 398 211 435 634 677 717 404 507 726 288 689 429 25 165 623 529 232 343 168 536 485 399 595 578
25 479 664 521 504 494 547 699 451 668 487 601 637 513 730 651 669 640 529 687 336 235 584 455 660 391
26 640 661 378 208 741 554 108 561 590 620 266 529 653 593 633 248 474 462 770 749 302 695 136 348 733
27 478 545 504 537 649 638 591 317 747 289 754 574 559 623 361 602 434 709 616 592 679 414 397 453 199
28 490 772 787 177 555 369 542 654 552 403 481 562 823 667 640 448 712 722 822 581 584 566 651 826 313
29 658 356 435 446 815 75 754 872 771 602 869 909 609 859 256 235 697 657 652 831 135 416 718 675 899
30 149 514 652 226 46 587 163 233 497 259 463 386 698 588 549 592 552 720 660 710 316 708 466 495 479
;

param:   cost_bundl  marginal :=
1 112 96
2 120 126
3 69 135
4 142 32
5 86 146
6 60 145
7 142 82
8 54 49
9 90 130
10 136 127
11 63 130
12 76 150
13 69 143
14 153 106
15 77 145
16 113 108
17 36 129
18 91 145
19 117 89
20 68 47
21 153 101
22 123 118
23 79 66
24 77 134
25 27 157
;
param: buyer budget :=
  0 262
  1 271
  2 225
  3 134
  4 524
  5 664
  6 66
  7 406
  8 590
  9 391
  10 270
  11 693
  12 301
  13 539
  14 464
  15 720
  16 274
  17 247
  18 900
  19 785
  20 575
  21 92
  22 577
  23 365
  24 357
  25 382
  26 866
  27 25
  28 393
  29 643
;
param num_partition :=
2
;
param: item partition_index cardinality :=
0 0 3
1 0 21
2 0 2
3 0 10
4 0 13
5 0 16
6 0 23
7 0 1
8 0 20
9 0 17
10 0 3
11 0 22
12 0 14
13 0 24
14 0 12
15 0 9
16 0 16
17 0 18
18 0 21
19 0 5
20 0 15
21 0 25
22 0 15
23 0 18
24 0 19
