param num_bundles := 25;

param num_cust := 30;

param price_reserve :
   1 2 3 4 5 6 7 8 9 10 11 12 13 14 15 16 17 18 19 20 21 22 23 24 25 :=
1 629 834 496 778 417 636 833 896 428 138 203 788 749 723 838 251 306 607 826 840 785 709 829 537 317
2 112 80 271 256 304 200 343 219 272 317 38 70 326 212 360 267 233 196 236 359 184 220 295 350 344
3 493 178 538 258 326 282 184 261 595 263 138 196 500 328 436 330 113 593 570 570 266 443 402 225 518
4 512 84 588 352 591 380 746 557 552 702 424 225 528 427 526 411 698 684 723 246 360 625 744 564 735
5 410 261 222 109 425 351 325 296 427 125 62 362 449 65 350 466 301 459 371 411 212 72 56 298 194
6 528 425 525 229 463 405 202 385 502 333 105 251 416 510 233 220 300 490 536 208 321 347 269 543 459
7 542 458 507 763 704 300 592 469 515 485 570 106 134 401 475 765 592 458 291 421 708 708 746 649 421
8 700 684 552 650 225 294 671 719 332 405 499 336 482 645 300 757 92 662 701 568 366 48 622 764 694
9 213 456 360 325 389 155 278 409 257 468 443 443 190 354 328 316 386 444 307 260 231 306 384 179 51
10 766 490 811 673 46 542 269 775 828 354 737 699 700 403 468 540 428 441 315 754 740 244 708 416 819
11 172 29 134 248 178 228 273 313 278 256 150 138 140 253 291 282 208 247 211 296 201 272 182 192 287
12 813 770 405 811 775 235 277 509 535 393 463 453 372 843 672 828 700 682 786 370 338 614 142 732 680
13 288 421 403 453 627 316 825 681 611 462 73 840 799 502 277 684 315 507 399 667 739 506 684 447 295
14 419 617 353 618 461 558 495 643 543 555 245 482 197 622 515 99 449 588 169 64 89 523 577 429 348
15 641 488 721 629 454 820 746 820 432 733 364 830 728 349 618 588 481 636 620 725 834 372 532 837 706
16 171 437 501 703 630 160 577 564 247 554 651 554 641 89 527 698 592 563 653 321 592 396 423 337 607
17 874 803 331 383 554 317 726 135 480 565 703 339 821 682 740 431 703 290 888 397 568 600 755 776 562
18 690 173 590 160 835 536 652 534 637 794 490 822 218 623 656 799 845 749 368 811 193 354 701 569 498
19 417 399 415 536 574 571 461 502 415 534 504 484 434 403 492 589 485 158 554 536 452 481 366 426 591
20 843 341 423 142 425 631 798 441 694 701 581 839 564 418 605 694 617 421 615 456 670 685 326 450 511
21 617 764 879 901 724 680 684 863 659 853 203 670 776 327 302 191 427 827 902 748 444 676 886 183 245
22 450 574 482 219 930 700 853 483 490 81 442 671 206 678 868 454 838 502 634 805 675 248 848 852 539
23 209 507 458 266 158 242 617 464 358 430 499 587 328 576 482 61 496 308 601 120 604 389 583 615 292
24 605 505 331 304 189 621 494 521 322 227 255 191 544 264 482 511 406 414 611 233 354 512 272 506 423
25 114 315 372 274 306 189 261 54 198 267 288 208 282 231 353 259 231 215 300 381 274 337 241 270 220
26 345 259 259 329 231 217 313 333 79 158 340 313 348 267 353 318 366 275 135 317 379 278 161 374 29
27 164 265 170 269 159 311 104 156 239 316 305 191 301 144 143 87 119 114 157 90 224 293 278 169 229
28 538 183 694 227 468 547 365 96 759 771 728 476 496 411 690 744 763 486 573 585 681 638 676 521 424
29 653 742 636 546 388 331 415 424 688 456 504 417 455 453 413 188 602 635 414 467 704 457 417 732 645
30 290 360 162 315 478 148 361 388 341 510 250 393 486 482 350 114 487 317 357 423 77 342 495 270 504
;

param:   cost_bundl  marginal :=
1 128 8
2 90 144
3 122 144
4 139 106
5 55 115
6 74 130
7 151 96
8 16 22
9 72 42
10 90 112
11 157 85
12 142 128
13 26 40
14 107 135
15 85 105
16 149 153
17 66 49
18 98 52
19 118 65
20 62 100
21 138 103
22 132 31
23 91 75
24 81 36
25 128 65
;
param: buyer budget :=
  0 727
  1 520
  2 617
  3 190
  4 886
  5 530
  6 269
  7 583
  8 258
  9 72
  10 511
  11 221
  12 801
  13 270
  14 899
  15 215
  16 767
  17 749
  18 631
  19 323
  20 501
  21 32
  22 923
  23 331
  24 193
  25 294
  26 468
  27 841
  28 813
  29 179
;
param num_partition :=
2
;
param: item partition_index cardinality :=
0 0 7
1 0 17
2 0 11
3 0 3
4 0 15
5 0 23
6 0 13
7 0 5
8 0 4
9 0 18
10 0 26
11 0 11
12 0 25
13 0 25
14 0 29
15 0 26
16 0 17
17 0 18
18 0 1
19 0 22
20 0 5
21 0 25
22 0 13
23 0 12
24 0 22
