param num_bundles := 25;

param num_cust := 30;

param price_reserve :
   1 2 3 4 5 6 7 8 9 10 11 12 13 14 15 16 17 18 19 20 21 22 23 24 25 :=
1 549 506 790 576 800 224 597 344 390 267 787 519 742 673 542 630 668 449 726 770 576 564 378 453 307
2 307 514 247 236 553 234 341 502 525 577 683 554 532 676 221 448 629 546 679 456 70 689 579 395 434
3 535 429 248 422 459 477 348 346 292 408 254 246 312 507 516 336 304 492 478 496 448 399 390 495 243
4 194 372 148 47 298 102 130 214 304 368 179 264 250 262 304 257 214 342 334 278 122 221 236 96 189
5 816 770 460 819 808 572 650 406 267 777 492 307 643 481 802 149 776 673 167 677 705 546 680 551 546
6 184 645 790 656 585 759 785 582 174 480 557 473 355 269 741 220 474 613 661 270 395 395 785 485 728
7 337 486 400 661 150 386 388 673 603 434 598 371 511 556 112 279 397 577 450 162 705 595 216 475 378
8 539 712 849 913 877 322 711 548 371 642 833 922 629 879 829 831 835 836 568 680 908 759 412 910 149
9 298 514 440 663 287 583 413 694 408 366 714 179 642 265 719 687 541 599 630 316 634 457 447 356 697
10 430 829 758 836 432 870 819 577 191 813 756 599 794 508 510 579 498 800 661 351 632 727 364 785 766
11 200 322 566 449 630 605 646 755 581 712 325 767 741 363 748 202 692 507 335 766 326 626 459 314 740
12 780 738 811 845 206 392 619 23 647 319 614 667 579 384 644 765 660 538 758 740 65 614 835 672 844
13 420 443 642 569 711 663 380 702 252 300 304 213 516 267 363 492 422 362 74 672 432 299 475 552 490
14 563 210 773 656 754 656 460 118 428 579 732 749 746 769 237 595 620 698 768 337 633 695 597 282 534
15 84 181 756 542 800 855 128 859 785 311 347 745 866 475 767 730 745 280 855 631 198 162 742 620 791
16 482 641 553 383 476 593 378 316 466 210 147 69 529 521 482 673 669 623 244 510 471 168 475 72 381
17 359 286 345 629 572 719 253 392 436 809 443 245 130 480 512 422 566 699 798 732 314 387 752 761 535
18 422 288 306 337 371 361 394 333 422 428 434 288 208 428 472 412 295 156 211 415 420 240 395 54 439
19 832 146 673 432 553 537 369 304 623 821 452 836 584 752 376 785 602 432 527 379 562 791 171 473 814
20 563 794 802 480 744 809 443 374 816 691 694 570 623 650 784 792 776 745 669 405 496 268 566 409 241
21 471 382 318 431 293 583 606 183 528 545 470 223 605 165 252 354 622 558 99 150 356 298 374 532 567
22 393 484 481 276 279 368 340 516 546 365 437 161 387 234 269 534 195 489 505 56 497 541 468 558 208
23 345 366 427 785 637 677 712 611 443 488 685 653 341 325 848 542 819 642 708 771 662 829 605 851 778
24 119 119 138 87 78 150 112 126 71 70 38 76 146 154 107 24 145 136 80 31 123 133 77 94 156
25 245 573 136 676 586 705 520 763 324 693 682 654 606 292 654 331 707 270 553 762 470 692 765 563 767
26 437 522 575 526 448 542 544 348 657 128 453 359 228 522 449 681 471 456 516 619 51 566 527 379 313
27 739 479 626 528 631 526 793 780 458 482 717 780 705 216 801 139 638 741 246 602 281 582 408 721 369
28 553 677 736 184 806 666 746 173 779 291 690 454 571 764 717 273 240 665 144 805 318 776 570 395 423
29 605 70 345 403 534 311 247 441 243 343 447 306 598 157 240 500 438 366 206 252 149 461 467 458 279
30 616 685 757 381 701 206 231 648 492 517 383 631 675 642 504 361 686 555 374 705 724 629 498 37 555
;

param:   cost_bundl  marginal :=
1 49 74
2 83 40
3 156 152
4 88 138
5 121 74
6 149 85
7 115 105
8 94 116
9 78 18
10 103 107
11 145 111
12 141 117
13 122 114
14 43 61
15 141 77
16 135 65
17 137 144
18 152 144
19 125 136
20 144 67
21 112 107
22 152 131
23 105 94
24 146 33
25 84 154
;
param: buyer budget :=
  0 682
  1 604
  2 339
  3 175
  4 783
  5 263
  6 115
  7 374
  8 369
  9 460
  10 267
  11 25
  12 689
  13 884
  14 676
  15 816
  16 389
  17 596
  18 700
  19 580
  20 265
  21 171
  22 806
  23 735
  24 489
  25 723
  26 590
  27 349
  28 773
  29 905
;
param num_partition :=
2
;
param: item partition_index cardinality :=
0 0 29
1 0 21
2 0 15
3 0 3
4 0 17
5 0 18
6 0 21
7 0 11
8 0 3
9 0 5
10 0 7
11 0 16
12 0 21
13 0 28
14 0 4
15 0 6
16 0 2
17 0 11
18 0 9
19 0 15
20 0 8
21 0 11
22 0 9
23 0 17
24 0 8
