param num_bundles := 25;

param num_cust := 30;

param price_reserve :
   1 2 3 4 5 6 7 8 9 10 11 12 13 14 15 16 17 18 19 20 21 22 23 24 25 :=
1 612 552 674 324 739 708 498 603 750 447 184 723 320 412 591 410 514 335 225 281 581 711 424 217 690
2 410 584 86 542 664 660 185 545 633 571 253 613 563 662 525 567 395 190 662 295 413 611 679 628 623
3 578 123 409 509 329 630 349 672 701 604 79 407 245 237 628 286 336 600 670 677 693 203 239 596 96
4 320 333 429 505 361 304 493 511 460 224 493 507 396 281 290 168 187 288 337 464 474 194 189 364 314
5 65 311 239 133 295 240 228 296 311 272 249 74 108 222 259 296 222 311 256 242 92 196 253 285 192
6 771 794 603 762 214 463 222 783 688 87 364 429 708 715 450 791 509 673 203 772 523 497 135 612 706
7 593 769 303 574 689 649 177 637 144 391 721 294 378 391 574 223 330 290 368 694 804 432 675 781 467
8 538 204 370 553 254 149 538 465 284 350 369 490 280 506 484 564 93 520 301 439 354 339 409 556 480
9 259 233 459 183 405 374 417 102 249 364 387 404 305 236 332 262 298 165 391 353 145 446 168 465 42
10 360 521 281 428 384 183 524 113 125 401 73 522 543 357 538 520 378 91 451 216 425 425 472 161 381
11 210 226 725 701 489 568 562 679 312 548 506 326 486 228 688 377 283 777 333 739 498 520 511 744 529
12 754 712 850 789 611 812 557 307 497 785 887 400 131 84 710 209 717 715 570 69 80 279 766 706 86
13 342 226 326 227 362 346 301 318 298 163 307 118 132 251 364 300 187 169 73 202 174 284 290 90 55
14 668 479 704 264 690 564 565 698 522 684 279 599 167 680 434 673 572 290 669 550 523 287 474 251 169
15 701 814 722 779 245 416 512 706 763 649 657 804 362 595 544 370 161 748 660 705 770 507 709 299 543
16 628 715 503 534 679 517 722 599 395 736 223 658 712 422 444 535 536 713 696 579 134 473 459 236 446
17 742 666 519 335 831 783 545 727 552 246 846 743 227 817 507 760 702 377 585 575 725 818 678 626 757
18 301 211 79 152 276 249 194 307 325 214 222 262 294 302 171 306 221 362 252 331 292 336 182 366 170
19 737 628 128 411 369 901 798 875 465 534 678 596 861 782 489 577 480 469 630 884 771 564 799 776 496
20 280 493 441 282 109 298 235 435 28 462 434 202 467 411 270 264 324 432 443 511 485 215 455 284 483
21 317 149 154 317 136 232 211 63 310 285 67 229 366 280 359 267 200 78 164 368 264 77 177 139 251
22 340 187 337 386 304 308 303 35 348 206 391 410 379 105 332 249 405 259 359 404 165 110 320 71 396
23 670 372 702 558 245 542 288 199 283 676 562 210 153 477 585 444 346 209 414 486 603 186 297 476 614
24 394 273 331 267 235 499 380 355 484 536 536 440 304 502 540 424 416 197 303 488 290 23 362 421 254
25 285 389 313 368 539 527 238 495 551 199 159 313 538 501 476 437 474 253 497 269 424 444 548 307 485
26 567 444 689 772 220 681 635 575 836 680 849 554 881 717 604 690 705 568 685 888 448 798 598 594 351
27 276 320 248 296 118 306 279 199 286 379 245 228 290 64 281 135 204 331 328 369 37 181 346 269 379
28 201 230 97 184 295 205 128 103 133 310 120 271 187 273 280 274 138 155 261 286 158 144 310 291 248
29 575 336 766 667 749 574 505 293 746 625 179 499 592 453 516 341 591 386 609 602 550 289 459 305 502
30 835 258 398 559 484 503 774 379 798 770 226 809 724 312 769 667 747 737 741 345 733 822 794 609 710
;

param:   cost_bundl  marginal :=
1 102 114
2 150 99
3 150 145
4 72 20
5 93 50
6 157 127
7 65 115
8 72 128
9 131 70
10 108 8
11 141 91
12 85 143
13 97 78
14 115 150
15 67 66
16 128 125
17 149 116
18 156 155
19 107 148
20 19 115
21 120 114
22 129 73
23 134 67
24 135 123
25 78 90
;
param: buyer budget :=
  0 540
  1 180
  2 99
  3 713
  4 544
  5 175
  6 577
  7 676
  8 703
  9 441
  10 315
  11 208
  12 596
  13 745
  14 40
  15 329
  16 632
  17 295
  18 279
  19 744
  20 567
  21 237
  22 203
  23 41
  24 232
  25 294
  26 645
  27 710
  28 841
  29 161
;
param num_partition :=
2
;
param: item partition_index cardinality :=
0 0 13
1 0 22
2 0 8
3 0 7
4 0 4
5 0 25
6 0 2
7 0 9
8 0 18
9 0 19
10 0 29
11 0 29
12 0 23
13 0 26
14 0 10
15 0 17
16 0 25
17 0 5
18 0 26
19 0 13
20 0 19
21 0 23
22 0 12
23 0 27
24 0 29
