param num_bundles := 25;

param num_cust := 30;

param price_reserve :
   1 2 3 4 5 6 7 8 9 10 11 12 13 14 15 16 17 18 19 20 21 22 23 24 25 :=
1 298 119 85 604 911 359 668 185 518 929 441 893 848 586 606 827 874 540 250 411 357 0 629 793 615
2 676 571 491 709 742 638 618 484 525 667 590 504 166 287 543 641 346 196 734 549 294 454 485 578 374
3 319 571 403 263 448 859 541 637 688 468 236 538 251 683 501 854 475 862 899 674 745 868 786 541 147
4 523 165 442 456 312 295 458 419 478 369 308 217 545 395 479 459 191 404 541 196 204 449 234 470 477
5 467 324 561 243 726 491 502 632 567 485 393 608 299 576 711 556 631 610 98 575 620 500 334 724 214
6 466 212 501 460 230 537 490 119 136 284 269 456 158 170 257 426 393 430 454 390 424 362 410 375 474
7 684 315 813 584 766 218 467 652 819 778 457 706 535 552 463 767 466 766 750 507 677 546 245 792 798
8 721 700 140 595 719 329 836 834 135 617 55 217 411 569 875 880 252 655 357 803 39 300 471 786 175
9 727 187 558 262 437 598 826 591 580 247 786 298 352 321 367 499 623 148 728 761 563 781 544 631 196
10 304 675 639 727 457 567 667 237 713 516 379 530 337 473 571 560 518 610 690 431 675 336 569 359 398
11 8 387 85 325 100 149 352 308 318 290 239 342 340 160 289 428 292 259 316 400 415 48 328 299 178
12 769 762 697 246 527 597 522 587 372 701 331 595 514 362 378 608 323 672 316 363 643 698 194 627 654
13 599 785 647 622 853 166 819 645 206 811 593 51 534 841 551 771 856 237 612 709 861 174 467 841 562
14 327 643 307 674 421 630 389 242 376 659 456 533 648 363 713 612 196 360 736 198 393 407 338 703 493
15 192 527 658 191 524 765 736 631 432 336 364 722 406 564 627 338 351 718 491 789 348 481 714 676 317
16 486 588 271 589 473 353 541 496 201 343 405 388 595 467 544 327 425 287 228 521 595 126 289 480 552
17 514 408 78 182 319 378 356 446 404 525 446 283 532 351 473 358 537 484 541 363 409 378 464 274 155
18 233 273 741 574 707 675 498 710 399 627 268 225 584 760 759 365 658 196 486 356 303 647 522 65 638
19 321 251 419 625 469 608 480 127 535 596 602 387 342 307 679 658 595 470 657 711 661 677 516 324 713
20 417 489 675 396 647 721 497 836 436 694 442 805 896 543 385 757 284 95 851 385 780 327 837 452 818
21 333 323 324 349 415 366 497 357 384 304 520 380 372 377 346 412 268 524 453 61 193 413 393 84 388
22 842 482 612 134 388 664 379 730 442 484 751 488 458 487 153 469 802 722 375 150 826 721 795 421 875
23 180 187 241 267 223 299 144 87 201 312 311 261 231 237 229 290 263 197 310 252 152 93 164 178 231
24 174 300 80 232 227 195 274 258 276 302 224 183 211 173 228 276 213 280 279 188 119 287 310 225 261
25 485 486 261 283 383 515 478 249 439 442 195 251 183 366 471 368 282 387 544 415 522 436 485 213 432
26 207 385 393 529 370 373 585 508 423 554 642 294 242 502 547 564 644 509 513 530 552 373 464 493 457
27 495 592 325 424 439 689 687 337 481 367 294 402 362 619 592 531 551 683 304 580 564 582 586 641 391
28 52 305 229 23 178 174 157 89 223 306 293 305 110 265 116 316 162 190 125 212 125 226 167 267 271
29 551 328 426 542 460 534 412 339 70 505 567 362 301 414 438 567 491 386 361 459 347 304 405 547 321
30 607 146 603 256 623 535 629 439 511 441 651 476 271 609 537 531 430 494 298 334 281 379 208 587 545
;

param:   cost_bundl  marginal :=
1 111 146
2 124 98
3 146 123
4 104 94
5 151 149
6 146 96
7 99 137
8 134 116
9 88 111
10 149 144
11 155 147
12 59 39
13 94 76
14 33 22
15 84 136
16 153 95
17 100 74
18 148 115
19 146 119
20 137 64
21 103 123
22 92 148
23 123 157
24 96 100
25 128 100
;
param: buyer budget :=
  0 334
  1 772
  2 892
  3 544
  4 538
  5 704
  6 501
  7 144
  8 242
  9 183
  10 437
  11 864
  12 428
  13 902
  14 214
  15 528
  16 115
  17 5
  18 393
  19 391
  20 658
  21 351
  22 522
  23 366
  24 674
  25 120
  26 168
  27 763
  28 381
  29 239
;
param num_partition :=
2
;
param: item partition_index cardinality :=
0 0 9
1 0 29
2 0 18
3 0 22
4 0 17
5 0 28
6 0 10
7 0 6
8 0 5
9 0 15
10 0 16
11 0 8
12 0 3
13 0 6
14 0 17
15 0 13
16 0 11
17 0 18
18 0 8
19 0 12
20 0 2
21 0 28
22 0 10
23 0 2
24 0 18
