param num_bundles := 25;

param num_cust := 30;

param price_reserve :
   1 2 3 4 5 6 7 8 9 10 11 12 13 14 15 16 17 18 19 20 21 22 23 24 25 :=
1 154 86 246 192 150 460 319 259 457 463 238 400 270 406 217 70 408 304 327 159 350 345 48 285 271
2 285 376 483 259 57 396 496 463 426 217 291 358 423 539 500 533 272 485 412 399 569 204 188 525 276
3 861 595 355 895 514 661 701 712 295 878 562 872 737 833 637 677 838 391 683 773 797 860 349 845 882
4 196 423 405 339 183 374 287 387 343 253 258 281 325 112 291 301 343 274 325 176 345 182 250 249 416
5 148 151 147 33 124 137 92 81 141 103 153 55 48 107 119 59 81 139 41 146 65 129 86 106 151
6 222 72 324 274 130 12 213 96 257 311 173 149 375 380 405 271 351 131 279 150 431 165 129 169 408
7 131 290 260 56 287 310 219 82 157 313 242 175 297 230 250 286 265 313 141 214 281 112 293 215 285
8 402 390 445 176 421 323 61 293 165 376 228 379 451 499 455 221 459 320 415 408 304 218 197 326 138
9 17 72 122 153 150 107 110 121 145 120 144 155 80 29 149 155 69 108 148 91 75 152 62 87 147
10 722 418 469 367 844 730 788 800 769 586 473 646 611 790 912 901 375 835 611 830 776 617 531 721 273
11 610 722 643 827 665 582 820 302 839 832 750 647 407 550 389 523 159 520 863 786 545 715 639 699 331
12 721 584 86 634 388 202 745 526 518 152 716 582 543 215 582 520 748 347 740 510 408 104 701 638 713
13 211 385 436 517 337 492 465 563 344 170 656 449 241 432 544 380 303 249 601 197 293 154 62 480 616
14 416 462 527 613 342 592 366 428 465 485 586 512 509 619 612 459 364 279 94 457 316 446 494 467 182
15 619 621 648 630 109 351 449 636 586 269 266 84 528 467 418 648 686 721 585 701 698 582 432 688 524
16 242 649 713 775 529 0 185 720 513 263 576 165 279 580 596 543 347 713 539 711 256 564 403 232 670
17 922 480 924 329 751 864 681 480 199 741 697 905 844 235 325 793 612 726 327 811 483 791 595 792 904
18 545 444 438 620 666 611 547 386 291 373 259 291 557 304 669 607 556 489 417 531 519 197 462 625 606
19 786 735 685 706 513 617 675 507 582 361 444 764 721 594 399 556 712 205 236 661 533 727 560 718 821
20 364 395 684 675 697 335 683 543 160 682 665 293 447 583 636 523 544 67 320 241 214 278 136 280 709
21 797 844 51 706 789 904 402 640 646 330 334 807 271 108 721 912 799 424 507 761 613 313 354 801 691
22 693 565 570 638 553 179 539 663 724 153 769 741 594 684 514 652 700 506 742 352 590 184 632 548 623
23 669 712 562 298 601 357 528 538 608 75 639 774 368 588 771 491 147 441 680 536 440 721 265 558 77
24 277 337 321 91 370 381 232 291 317 287 277 407 234 365 354 423 74 156 422 194 48 302 346 282 279
25 816 921 931 702 923 421 842 815 229 290 564 492 817 760 864 931 276 465 678 886 821 806 402 770 692
26 700 715 752 598 533 748 495 732 401 584 603 667 592 307 751 692 718 324 370 754 608 765 762 601 77
27 567 511 500 595 564 459 383 328 515 251 589 199 385 511 301 547 345 502 575 449 261 361 501 504 584
28 153 84 124 152 150 41 139 91 127 61 135 121 156 126 138 100 124 46 24 132 84 130 97 133 120
29 362 560 595 185 428 605 584 264 466 376 512 228 496 381 529 317 577 481 408 477 518 471 595 587 68
30 677 561 569 626 860 735 638 73 733 384 672 863 284 509 669 833 358 127 464 550 822 798 495 255 345
;

param:   cost_bundl  marginal :=
1 47 129
2 145 33
3 112 153
4 151 94
5 86 132
6 131 68
7 132 144
8 145 98
9 66 129
10 43 53
11 71 116
12 107 29
13 71 99
14 135 101
15 142 21
16 69 103
17 16 81
18 67 116
19 117 121
20 113 114
21 92 66
22 147 70
23 120 30
24 11 104
25 47 61
;
param: buyer budget :=
  0 545
  1 765
  2 139
  3 502
  4 135
  5 729
  6 208
  7 11
  8 493
  9 568
  10 798
  11 744
  12 613
  13 147
  14 702
  15 405
  16 446
  17 530
  18 922
  19 711
  20 894
  21 267
  22 526
  23 230
  24 569
  25 414
  26 780
  27 768
  28 68
  29 257
;
param num_partition :=
2
;
param: item partition_index cardinality :=
0 0 28
1 0 15
2 0 26
3 0 29
4 0 24
5 0 17
6 0 16
7 0 17
8 0 17
9 0 16
10 0 26
11 0 3
12 0 2
13 0 19
14 0 26
15 0 29
16 0 1
17 0 7
18 0 28
19 0 23
20 0 18
21 0 4
22 0 14
23 0 7
24 0 5
