param num_bundles := 25;

param num_cust := 30;

param price_reserve :
   1 2 3 4 5 6 7 8 9 10 11 12 13 14 15 16 17 18 19 20 21 22 23 24 25 :=
1 256 211 247 295 214 313 297 254 72 252 184 223 261 253 304 120 187 268 137 48 207 296 217 121 199
2 700 225 551 227 500 327 580 587 574 583 663 658 534 608 728 516 668 740 734 584 243 571 693 527 373
3 647 848 810 609 645 799 568 556 362 600 794 826 750 473 483 658 648 363 351 858 170 751 548 894 579
4 422 436 206 355 435 368 152 89 537 565 525 481 555 363 444 367 391 525 477 550 450 563 281 371 0
5 116 533 150 422 404 411 299 324 370 565 355 576 547 306 558 489 193 359 213 455 435 293 380 584 590
6 186 662 534 534 615 552 548 507 740 694 330 824 697 388 831 508 776 817 737 632 582 858 608 821 827
7 663 744 506 470 703 553 461 404 432 288 738 688 598 545 458 476 292 341 352 368 517 339 656 360 649
8 453 216 816 347 517 478 475 461 661 515 793 305 708 274 418 687 552 773 741 690 767 439 482 737 104
9 291 744 747 691 395 735 439 392 495 229 423 699 692 554 367 680 233 142 393 356 658 728 458 241 98
10 158 369 429 412 59 589 603 587 443 360 310 355 423 524 588 313 516 502 396 449 445 428 385 414 173
11 152 134 319 73 523 197 396 262 468 419 331 91 199 314 404 476 437 381 450 173 309 354 432 372 405
12 488 773 649 268 399 550 769 722 701 784 532 519 649 517 764 692 249 708 694 269 319 389 751 674 470
13 590 358 541 506 417 336 600 543 297 484 474 423 527 211 584 359 313 444 506 366 469 405 489 275 472
14 732 574 344 168 598 354 658 441 618 707 766 239 367 486 574 661 237 141 290 267 517 220 335 198 615
15 195 332 320 460 398 368 384 375 339 452 273 246 391 405 493 506 249 263 93 401 422 192 416 149 391
16 476 393 804 802 427 476 624 647 724 601 592 646 252 401 355 535 643 519 669 258 606 773 804 727 746
17 370 180 318 67 357 121 216 313 240 371 353 135 178 294 220 146 266 249 311 344 369 232 291 181 292
18 614 610 598 664 241 243 506 465 254 425 544 589 537 637 594 525 589 336 703 318 567 486 554 635 208
19 709 425 531 364 134 248 208 265 721 758 0 562 717 821 373 311 306 707 758 746 547 221 596 483 481
20 738 553 516 80 70 291 175 266 700 726 782 619 739 671 758 496 387 269 369 730 707 343 369 561 749
21 362 746 367 312 272 749 610 496 157 702 633 219 68 535 520 620 711 391 632 304 286 527 521 387 153
22 697 862 477 702 378 694 278 519 67 744 621 691 549 799 489 127 761 540 616 626 755 574 857 617 668
23 309 91 667 474 651 392 675 313 133 200 587 680 592 617 284 608 527 476 459 626 437 525 514 597 512
24 386 382 482 395 398 248 249 131 263 468 173 220 333 438 253 281 502 275 394 105 350 406 424 477 458
25 232 395 165 280 365 290 298 315 396 427 266 371 59 62 381 366 77 185 378 186 321 307 319 426 315
26 414 484 419 257 370 496 456 410 424 499 170 346 434 382 274 485 263 381 150 349 336 386 431 438 447
27 762 908 862 342 514 800 639 313 257 720 281 746 645 236 579 820 205 832 606 224 775 536 790 405 89
28 215 219 249 150 266 235 285 264 312 238 217 266 209 280 165 129 131 162 156 277 80 213 303 288 164
29 332 861 489 874 272 463 917 816 589 639 709 344 680 610 326 584 913 392 907 342 524 140 799 543 911
30 764 560 768 608 712 438 722 656 285 757 588 307 491 686 721 728 652 578 748 248 621 723 692 414 135
;

param:   cost_bundl  marginal :=
1 65 71
2 153 97
3 106 98
4 113 53
5 147 123
6 86 133
7 145 73
8 106 107
9 156 37
10 54 121
11 44 96
12 48 131
13 115 157
14 86 60
15 80 61
16 20 99
17 104 138
18 151 96
19 148 98
20 141 142
21 108 82
22 138 108
23 140 82
24 133 54
25 135 143
;
param: buyer budget :=
  0 709
  1 323
  2 619
  3 869
  4 812
  5 587
  6 223
  7 711
  8 513
  9 753
  10 541
  11 778
  12 216
  13 845
  14 185
  15 644
  16 755
  17 463
  18 438
  19 673
  20 590
  21 717
  22 229
  23 412
  24 446
  25 357
  26 649
  27 846
  28 370
  29 109
;
param num_partition :=
2
;
param: item partition_index cardinality :=
0 0 8
1 0 10
2 0 20
3 0 24
4 0 20
5 0 2
6 0 19
7 0 28
8 0 21
9 0 5
10 0 5
11 0 29
12 0 22
13 0 10
14 0 17
15 0 20
16 0 3
17 0 27
18 0 10
19 0 10
20 0 25
21 0 15
22 0 15
23 0 5
24 0 26
