param num_bundles := 15;

param num_cust := 30;

param price_reserve :
   1 2 3 4 5 6 7 8 9 10 11 12 13 14 15 :=
1 255 411 519 96 530 308 521 274 287 524 520 495 545 452 540
2 204 238 20 118 238 76 185 214 159 105 56 239 240 162 132
3 226 197 500 429 362 183 413 234 446 499 465 441 133 493 404
4 182 276 212 110 92 168 235 159 54 246 147 10 240 145 144
5 304 200 283 333 37 317 278 101 288 240 312 300 136 311 200
6 243 153 219 256 160 189 43 195 147 182 99 55 213 281 295
7 378 377 419 277 205 329 232 281 351 433 386 337 146 378 418
8 332 102 240 196 113 357 396 394 158 318 154 291 354 274 333
9 450 209 275 329 425 347 429 365 382 326 445 269 178 333 105
10 547 231 501 336 492 93 168 14 467 361 422 512 38 208 490
11 287 250 270 232 185 95 200 166 151 279 224 207 215 107 245
12 420 88 338 432 277 101 391 404 488 244 500 429 475 467 342
13 449 284 497 363 335 443 423 289 500 419 439 495 339 255 460
14 320 216 166 302 209 220 116 303 175 247 300 170 246 22 116
15 292 449 409 504 166 293 496 485 502 502 87 524 296 205 513
16 414 291 323 466 443 578 464 292 534 133 558 574 571 471 431
17 290 274 278 166 265 294 225 225 248 108 257 251 250 225 261
18 364 524 320 472 334 347 374 393 384 456 283 149 251 550 264
19 337 163 350 179 253 240 231 431 271 296 245 177 419 391 46
20 382 198 225 461 188 338 141 402 457 312 436 231 261 116 361
21 188 138 225 287 282 222 276 91 132 130 179 312 297 151 312
22 275 73 243 337 268 294 91 147 172 217 198 211 234 183 158
23 114 156 155 181 162 118 160 193 202 145 236 82 235 160 157
24 370 135 64 431 336 288 441 91 327 413 392 203 380 185 242
25 36 114 116 88 72 91 101 106 74 103 21 101 109 78 73
26 92 340 573 215 478 498 354 288 445 155 388 104 497 360 570
27 386 242 316 306 300 143 272 313 286 230 223 108 351 326 107
28 60 109 113 13 64 101 108 56 112 118 70 38 111 52 55
29 244 317 292 213 385 394 115 346 248 347 190 278 270 218 133
30 437 477 445 496 400 139 572 404 563 378 47 216 404 558 308
;

param:   cost_bundl  marginal :=
1 86 108
2 99 45
3 63 27
4 68 41
5 111 99
6 108 51
7 108 51
8 119 85
9 77 104
10 79 95
11 42 20
12 99 93
13 53 118
14 44 96
15 50 122
;
param: buyer budget :=
  0 97
  1 438
  2 760
  3 505
  4 354
  5 971
  6 856
  7 600
  8 857
  9 791
  10 146
  11 922
  12 183
  13 223
  14 337
  15 931
  16 604
  17 1103
  18 459
  19 691
  20 381
  21 534
  22 684
  23 610
  24 581
  25 349
  26 572
  27 910
  28 1039
  29 311
;
param num_partition :=
3
;
param: item partition_index cardinality :=
0 0 29
1 0 8
2 0 2
3 1 19
4 1 2
5 1 18
6 1 14
7 1 28
8 1 12
9 1 25
10 1 12
11 1 12
12 1 23
13 1 26
14 1 5
