param num_bundles := 15;

param num_cust := 30;

param price_reserve :
   1 2 3 4 5 6 7 8 9 10 11 12 13 14 15 :=
1 486 481 123 230 482 438 108 403 230 261 453 444 274 429 302
2 401 39 500 234 67 319 330 232 206 378 285 220 254 313 354
3 173 167 119 210 182 160 145 116 205 113 223 232 144 188 162
4 34 40 57 67 22 26 115 51 110 114 39 105 55 102 113
5 242 147 85 325 304 327 501 164 311 440 359 396 263 150 419
6 505 494 165 508 375 265 537 513 181 385 304 287 457 323 491
7 397 447 397 465 432 284 435 229 278 374 306 352 424 139 210
8 463 527 305 374 316 537 548 476 529 388 269 333 372 405 286
9 75 225 147 184 202 197 171 91 168 235 32 231 156 39 185
10 304 170 434 354 150 125 349 145 300 427 297 410 373 266 433
11 331 323 212 414 403 305 444 171 367 145 410 122 352 290 393
12 397 303 444 326 267 187 260 339 364 291 366 255 411 235 331
13 192 89 118 165 114 170 193 159 213 153 111 145 214 230 115
14 138 153 14 170 463 419 428 561 156 490 177 494 505 547 359
15 152 272 454 102 128 485 431 465 234 293 482 321 260 429 269
16 398 168 471 156 531 569 328 381 443 251 396 316 187 538 343
17 191 55 375 357 262 247 138 399 409 401 468 444 305 414 141
18 524 517 422 356 216 552 394 341 167 553 569 402 323 449 535
19 356 338 440 154 391 111 410 102 73 305 146 301 325 357 421
20 126 118 278 165 274 91 171 202 222 169 231 133 132 281 213
21 431 161 413 147 515 461 266 131 551 125 489 331 207 205 169
22 221 146 102 115 26 79 185 134 98 130 173 158 124 54 235
23 289 388 389 427 155 449 422 158 169 321 146 286 152 172 189
24 359 419 74 233 270 455 267 501 472 68 341 414 557 564 356
25 217 215 335 305 282 278 232 26 157 363 127 339 295 293 349
26 265 180 294 199 118 222 115 240 32 91 65 143 291 201 131
27 323 425 365 391 162 76 366 143 421 0 336 169 346 156 60
28 150 182 429 486 437 417 260 388 443 102 218 287 433 207 205
29 368 454 396 113 352 472 391 45 504 500 425 459 242 313 321
30 344 254 347 101 282 288 275 122 244 363 312 360 344 242 301
;

param:   cost_bundl  marginal :=
1 28 113
2 50 117
3 119 112
4 85 67
5 114 69
6 80 104
7 72 92
8 56 105
9 83 98
10 119 86
11 92 12
12 87 93
13 0 41
14 87 68
15 26 120
;
param: buyer budget :=
  0 902
  1 487
  2 711
  3 780
  4 778
  5 757
  6 122
  7 946
  8 923
  9 651
  10 288
  11 471
  12 975
  13 1034
  14 791
  15 559
  16 166
  17 513
  18 162
  19 426
  20 622
  21 539
  22 1039
  23 268
  24 1095
  25 26
  26 558
  27 710
  28 195
  29 637
;
param num_partition :=
3
;
param: item partition_index cardinality :=
0 0 7
1 0 19
2 0 27
3 0 16
4 0 5
5 0 15
6 0 16
7 0 23
8 0 23
9 0 6
10 1 28
11 1 19
12 1 18
13 1 29
14 1 14
