param num_bundles := 15;

param num_cust := 30;

param price_reserve :
   1 2 3 4 5 6 7 8 9 10 11 12 13 14 15 :=
1 219 186 150 239 167 125 204 84 243 224 243 104 192 238 144
2 82 121 96 99 116 113 18 53 110 93 113 87 81 85 77
3 323 148 205 50 160 263 316 315 315 194 228 196 207 83 249
4 344 328 297 256 488 289 202 497 238 174 272 255 333 503 459
5 223 415 458 146 331 459 464 61 394 300 353 271 460 311 361
6 108 447 472 322 271 461 426 344 379 151 208 487 422 391 221
7 228 132 200 238 152 241 206 214 86 244 215 221 218 236 205
8 137 373 192 469 193 413 309 143 260 221 171 509 311 359 318
9 397 461 342 38 223 193 313 416 317 364 310 459 410 529 521
10 482 186 258 461 255 367 479 435 368 472 472 59 435 398 443
11 211 522 267 488 291 397 543 261 537 399 500 141 485 458 481
12 373 184 105 370 306 297 57 209 118 401 418 309 321 289 140
13 160 240 305 132 357 41 338 309 303 121 258 201 340 348 280
14 172 265 91 264 287 63 173 280 260 286 185 154 235 263 101
15 56 70 33 103 66 81 64 100 65 86 99 122 63 83 10
16 326 131 384 277 561 567 538 170 455 458 447 213 559 555 467
17 232 160 486 453 125 459 341 481 146 195 271 417 382 346 166
18 293 149 279 101 248 216 239 38 139 34 263 281 244 213 39
19 307 408 391 455 324 77 383 432 256 279 408 355 310 430 222
20 254 422 513 547 29 221 533 252 467 193 546 496 511 430 528
21 447 423 347 256 462 407 320 360 392 215 282 184 288 404 437
22 473 112 432 355 518 193 315 314 225 482 465 370 266 459 287
23 368 242 424 330 438 391 305 457 316 122 452 379 314 100 216
24 389 448 65 442 70 281 385 280 321 337 256 449 417 265 518
25 348 334 257 361 353 351 197 357 348 379 190 295 186 263 304
26 236 104 332 257 272 394 436 309 202 285 215 335 459 155 418
27 501 380 358 434 451 287 405 517 527 510 116 513 227 360 341
28 75 120 6 121 116 108 107 97 59 22 82 45 91 100 92
29 271 245 33 206 245 216 206 221 254 244 250 204 267 247 247
30 160 445 380 373 313 338 169 449 231 343 305 271 457 208 390
;

param:   cost_bundl  marginal :=
1 78 37
2 81 77
3 119 82
4 115 119
5 81 87
6 115 52
7 38 30
8 54 63
9 65 98
10 106 97
11 42 96
12 86 109
13 91 119
14 120 112
15 102 92
;
param: buyer budget :=
  0 148
  1 877
  2 1021
  3 800
  4 1032
  5 92
  6 406
  7 347
  8 951
  9 112
  10 437
  11 231
  12 1067
  13 255
  14 796
  15 973
  16 669
  17 836
  18 843
  19 973
  20 62
  21 526
  22 95
  23 546
  24 202
  25 787
  26 313
  27 398
  28 918
  29 892
;
param num_partition :=
3
;
param: item partition_index cardinality :=
0 0 1
1 0 17
2 0 12
3 0 27
4 0 26
5 0 13
6 0 28
7 0 20
8 0 21
9 0 19
10 0 4
11 1 26
12 1 7
13 1 15
14 1 10
