param num_bundles := 15;

param num_cust := 30;

param price_reserve :
   1 2 3 4 5 6 7 8 9 10 11 12 13 14 15 :=
1 297 273 186 344 147 58 326 321 56 282 286 361 205 315 357
2 98 402 25 465 341 457 452 294 65 266 421 479 180 307 473
3 326 393 404 233 413 287 395 383 412 276 396 194 112 375 318
4 130 81 214 37 293 303 349 163 210 192 141 290 207 348 249
5 420 281 403 494 193 79 405 180 271 448 511 474 178 444 518
6 461 423 531 488 121 396 234 552 401 245 414 436 291 292 327
7 281 262 268 116 271 248 190 196 272 149 146 274 167 277 283
8 87 291 264 233 283 255 144 137 116 113 17 252 162 60 291
9 515 358 245 373 363 497 160 404 473 462 386 205 242 447 253
10 291 534 530 432 128 239 436 274 471 163 293 429 499 429 327
11 186 8 50 122 241 173 311 332 174 89 188 233 22 274 168
12 58 105 72 73 24 107 56 41 67 42 91 93 71 114 17
13 123 128 237 213 173 194 227 88 80 229 79 244 203 222 81
14 191 384 468 386 437 390 343 347 114 418 135 424 259 145 459
15 485 507 477 515 379 364 362 486 249 320 539 537 543 364 451
16 85 53 120 108 108 83 15 79 83 61 100 69 94 117 118
17 276 345 289 11 413 391 194 107 289 103 370 358 197 358 419
18 355 402 395 333 351 178 139 324 446 206 418 261 291 162 179
19 463 434 144 430 381 221 267 58 156 404 401 448 468 343 146
20 219 232 361 188 326 369 541 217 239 152 405 281 476 300 59
21 228 265 182 295 266 94 152 260 160 338 361 337 167 262 246
22 70 112 71 68 105 86 39 7 106 94 116 30 104 102 84
23 120 175 301 484 210 291 203 506 264 401 342 325 237 499 499
24 414 202 209 413 440 349 413 359 179 318 419 230 416 330 265
25 353 268 416 160 276 91 182 244 280 385 381 148 231 245 58
26 250 227 377 332 359 392 258 143 104 364 174 281 374 340 406
27 446 87 276 322 177 441 449 63 365 304 327 314 360 65 317
28 417 140 457 261 451 397 302 325 208 259 430 474 285 273 460
29 226 147 274 182 363 106 492 483 420 282 208 311 421 331 200
30 428 393 358 532 404 32 525 442 532 547 336 462 560 539 218
;

param:   cost_bundl  marginal :=
1 85 53
2 55 101
3 33 57
4 68 95
5 40 18
6 110 54
7 33 118
8 58 33
9 116 87
10 107 55
11 35 104
12 70 100
13 117 113
14 120 90
15 93 41
;
param: buyer budget :=
  0 275
  1 351
  2 751
  3 521
  4 58
  5 790
  6 621
  7 904
  8 240
  9 739
  10 185
  11 250
  12 739
  13 199
  14 816
  15 173
  16 391
  17 437
  18 56
  19 86
  20 657
  21 518
  22 516
  23 225
  24 281
  25 992
  26 30
  27 1115
  28 564
  29 471
;
param num_partition :=
3
;
param: item partition_index cardinality :=
0 0 17
1 0 21
2 0 2
3 0 14
4 0 11
5 0 18
6 1 27
7 1 11
8 1 4
9 1 27
10 1 4
11 1 12
12 1 7
13 1 1
14 1 18
