param num_bundles := 15;

param num_cust := 30;

param price_reserve :
   1 2 3 4 5 6 7 8 9 10 11 12 13 14 15 :=
1 358 460 222 352 220 223 120 327 174 133 211 256 342 378 372
2 289 331 307 234 107 172 144 140 122 63 269 276 315 88 43
3 136 216 118 233 226 103 217 92 138 151 121 199 40 149 124
4 276 165 196 87 286 295 266 232 115 235 248 106 251 224 221
5 240 172 319 302 228 231 209 356 321 248 183 294 314 108 171
6 334 307 100 333 133 323 285 173 245 112 303 242 163 233 188
7 393 78 313 355 343 179 64 296 400 332 283 203 259 305 229
8 359 206 292 382 247 334 95 91 255 353 396 188 113 312 389
9 413 217 426 435 253 79 367 387 249 452 329 381 344 507 487
10 513 221 580 545 232 39 444 542 421 560 509 483 525 115 545
11 329 273 190 347 211 339 319 28 125 330 359 262 349 151 259
12 152 212 226 141 164 244 200 50 157 191 72 94 123 185 205
13 221 197 228 147 123 243 231 220 224 178 207 180 204 188 165
14 191 249 337 514 541 431 354 578 103 436 277 184 287 285 166
15 89 19 64 76 111 90 84 83 102 105 46 79 118 96 87
16 211 138 82 232 152 193 144 120 199 217 142 145 83 226 172
17 244 328 156 236 295 272 35 327 139 217 225 209 306 191 287
18 108 282 231 171 284 54 157 163 33 120 215 249 129 30 75
19 137 89 418 218 353 289 141 349 309 390 337 330 256 163 294
20 416 493 289 427 461 317 412 126 174 323 288 357 328 295 188
21 321 120 344 324 374 329 180 396 234 444 289 252 300 267 177
22 291 152 220 72 225 290 281 130 233 295 251 175 265 182 109
23 462 425 172 437 537 333 312 550 219 265 424 577 435 206 487
24 92 122 109 102 114 59 90 49 32 115 72 109 66 95 109
25 70 248 433 277 486 470 351 282 348 366 365 12 92 454 289
26 315 320 352 199 304 203 292 210 285 157 180 177 220 337 214
27 342 414 374 422 365 196 352 403 213 217 79 417 337 419 169
28 300 300 69 260 301 298 207 241 140 265 214 172 197 304 307
29 290 83 114 293 207 290 135 317 292 259 278 55 140 260 250
30 393 298 400 289 291 234 393 32 321 270 230 331 423 445 478
;

param:   cost_bundl  marginal :=
1 58 88
2 28 61
3 42 48
4 108 81
5 82 87
6 46 102
7 101 72
8 61 85
9 92 59
10 71 115
11 76 86
12 76 34
13 98 120
14 65 53
15 104 54
;
param: buyer budget :=
  0 943
  1 811
  2 398
  3 295
  4 566
  5 497
  6 123
  7 601
  8 264
  9 448
  10 378
  11 1148
  12 326
  13 202
  14 1134
  15 944
  16 194
  17 561
  18 121
  19 417
  20 408
  21 74
  22 755
  23 1158
  24 401
  25 609
  26 485
  27 1138
  28 342
  29 1115
;
param num_partition :=
3
;
param: item partition_index cardinality :=
0 0 9
1 0 11
2 0 6
3 0 24
4 0 1
5 0 8
6 0 10
7 1 21
8 1 9
9 1 23
10 1 11
11 1 8
12 1 1
13 1 14
14 1 21
