param num_bundles := 15;

param num_cust := 30;

param price_reserve :
   1 2 3 4 5 6 7 8 9 10 11 12 13 14 15 :=
1 376 393 345 216 146 187 192 233 318 372 197 390 122 277 263
2 121 62 97 112 47 37 77 96 119 79 120 113 63 102 120
3 461 405 219 455 476 262 196 422 486 230 270 285 314 450 312
4 320 408 158 188 259 308 356 207 219 201 241 72 423 284 308
5 363 129 471 250 76 151 382 404 493 452 411 291 447 155 470
6 407 389 190 214 196 427 435 457 313 277 466 364 338 497 451
7 34 334 222 51 267 278 152 125 295 241 167 159 26 260 236
8 309 348 376 321 522 478 103 426 504 184 435 280 426 163 314
9 427 221 458 429 350 577 163 383 486 536 357 409 468 412 305
10 115 70 70 43 58 34 95 115 79 56 57 113 55 94 109
11 281 198 289 142 163 149 285 257 286 106 172 158 224 279 250
12 151 166 234 217 137 184 175 27 90 150 141 146 66 195 76
13 136 168 146 367 333 300 315 222 233 349 138 80 306 89 238
14 77 109 40 24 96 92 66 101 108 68 94 65 38 48 120
15 218 91 345 81 227 264 221 324 362 70 188 248 364 267 346
16 241 109 223 149 200 199 208 227 209 83 134 210 113 238 182
17 322 320 289 228 282 237 173 292 146 226 332 123 331 192 259
18 283 295 70 250 255 61 72 114 222 243 108 216 201 170 234
19 330 285 328 331 298 230 223 161 160 180 136 169 304 291 155
20 321 294 255 150 350 362 251 192 202 332 300 326 226 329 203
21 255 238 126 318 325 320 151 194 22 215 160 223 286 179 231
22 82 114 101 108 56 113 117 108 58 99 55 62 96 28 103
23 181 264 239 292 286 166 163 215 201 257 317 294 146 206 332
24 404 221 478 354 519 415 419 399 400 205 389 350 403 392 428
25 184 0 262 315 153 130 117 146 210 338 187 135 262 211 247
26 91 469 343 423 281 266 465 179 194 346 368 371 395 353 254
27 242 283 198 168 258 378 128 391 386 381 297 265 181 133 100
28 96 81 82 92 48 42 99 93 114 67 67 89 75 112 22
29 395 228 367 299 367 397 300 296 307 57 435 336 352 317 253
30 316 267 285 168 205 294 147 188 166 259 170 252 288 73 277
;

param:   cost_bundl  marginal :=
1 28 52
2 100 80
3 115 87
4 119 98
5 104 109
6 71 66
7 31 71
8 33 72
9 115 64
10 111 80
11 92 121
12 97 96
13 118 102
14 94 97
15 87 83
;
param: buyer budget :=
  0 517
  1 954
  2 1029
  3 27
  4 859
  5 765
  6 560
  7 626
  8 392
  9 763
  10 561
  11 742
  12 359
  13 253
  14 823
  15 1075
  16 528
  17 266
  18 512
  19 150
  20 1103
  21 685
  22 7
  23 816
  24 435
  25 39
  26 992
  27 1122
  28 656
  29 786
;
param num_partition :=
3
;
param: item partition_index cardinality :=
0 0 15
1 0 14
2 0 6
3 0 13
4 0 29
5 1 24
6 1 14
7 1 12
8 1 9
9 1 19
10 1 4
11 1 29
12 1 22
13 1 15
14 1 4
