param num_bundles := 15;

param num_cust := 30;

param price_reserve :
   1 2 3 4 5 6 7 8 9 10 11 12 13 14 15 :=
1 294 448 179 503 492 302 213 513 221 472 389 412 436 392 281
2 66 159 420 132 364 437 83 274 493 504 491 308 218 251 230
3 144 396 145 366 389 65 512 309 448 495 234 375 272 444 480
4 268 150 306 259 351 336 334 365 96 194 315 258 39 261 335
5 406 314 346 290 312 362 299 372 338 342 359 335 285 369 420
6 227 511 557 481 226 360 390 345 390 400 144 315 205 548 440
7 391 449 300 248 369 337 282 361 254 357 468 445 425 162 370
8 207 245 225 175 113 179 243 278 238 164 206 238 212 163 162
9 219 435 290 497 109 505 480 98 326 252 81 189 293 364 168
10 172 120 249 233 182 293 167 179 275 253 137 46 217 244 128
11 385 230 290 389 409 322 266 123 217 272 359 278 344 421 416
12 274 314 216 286 297 381 93 231 254 343 391 381 226 366 357
13 212 102 218 141 182 98 243 235 227 194 173 146 214 130 230
14 525 179 218 538 514 509 367 439 554 523 189 432 367 505 545
15 470 452 344 331 442 206 302 452 278 176 424 433 371 460 269
16 334 290 427 91 121 325 117 284 429 506 419 343 281 443 347
17 117 93 72 111 96 87 51 120 78 113 120 86 111 13 83
18 191 367 252 365 108 366 223 161 262 210 162 356 89 294 240
19 232 178 388 237 473 489 270 485 258 482 240 452 389 227 464
20 456 291 59 274 563 555 309 484 371 394 403 441 533 561 262
21 372 481 498 533 474 413 434 553 397 277 539 325 525 353 356
22 325 414 401 395 171 313 316 135 380 421 114 326 441 189 370
23 401 360 290 303 180 372 241 345 219 204 243 330 355 376 163
24 319 434 435 557 310 488 535 258 475 127 208 440 186 553 210
25 96 341 465 344 461 293 365 440 415 342 286 405 188 226 119
26 421 460 343 55 170 311 456 336 454 400 415 432 468 188 70
27 299 491 172 354 286 226 398 457 439 316 336 209 190 475 432
28 52 255 228 286 295 244 114 145 247 115 265 283 93 156 289
29 426 226 180 228 366 384 488 500 278 502 411 474 65 508 428
30 82 142 330 235 215 222 194 293 299 143 192 199 320 327 85
;

param:   cost_bundl  marginal :=
1 101 36
2 85 97
3 104 23
4 61 58
5 91 103
6 78 67
7 46 33
8 109 93
9 108 66
10 71 109
11 88 82
12 86 66
13 101 80
14 116 59
15 116 52
;
param: buyer budget :=
  0 247
  1 456
  2 656
  3 983
  4 336
  5 45
  6 158
  7 395
  8 374
  9 792
  10 441
  11 233
  12 659
  13 185
  14 176
  15 357
  16 996
  17 104
  18 1106
  19 178
  20 1084
  21 521
  22 476
  23 117
  24 1010
  25 97
  26 44
  27 246
  28 215
  29 635
;
param num_partition :=
3
;
param: item partition_index cardinality :=
0 0 18
1 0 4
2 0 10
3 0 28
4 0 4
5 0 25
6 0 14
7 0 2
8 1 9
9 1 4
10 1 10
11 1 1
12 1 19
13 1 1
14 1 19
