param num_bundles := 15;

param num_cust := 30;

param price_reserve :
   1 2 3 4 5 6 7 8 9 10 11 12 13 14 15 :=
1 285 237 472 109 370 469 316 342 89 246 284 390 451 275 56
2 335 244 154 456 264 397 196 303 412 417 288 291 64 105 245
3 245 81 82 163 214 179 253 145 176 216 207 204 184 196 284
4 430 190 172 517 259 387 471 538 356 291 376 363 182 168 386
5 243 331 309 148 229 160 313 288 262 225 292 179 253 98 183
6 52 76 96 32 87 107 51 46 112 49 90 106 91 75 97
7 86 172 183 207 213 102 88 55 89 215 232 219 108 106 96
8 212 110 154 187 72 164 157 105 157 47 206 219 106 85 188
9 384 296 303 169 226 178 230 330 314 365 402 364 265 479 433
10 323 366 340 309 366 317 387 356 298 251 209 280 384 201 328
11 27 151 242 257 219 141 223 208 231 288 235 271 279 141 289
12 515 359 372 265 215 340 346 347 182 342 443 461 432 465 285
13 522 360 504 231 506 441 465 261 397 296 377 369 171 163 528
14 260 117 433 328 295 440 324 351 347 460 378 108 331 452 349
15 316 529 79 329 449 514 376 540 283 226 509 425 506 349 246
16 198 183 274 336 506 398 386 490 454 112 480 353 378 256 496
17 511 489 563 147 274 575 467 432 500 426 396 363 452 114 68
18 357 365 380 326 335 359 436 63 439 323 414 245 340 425 101
19 493 543 194 423 462 489 256 387 515 162 461 458 433 329 369
20 399 520 200 393 267 507 415 467 247 399 329 523 157 524 392
21 502 474 265 472 421 405 286 320 400 452 271 393 496 355 505
22 245 95 145 146 134 211 28 274 127 237 240 197 283 263 169
23 273 547 471 542 529 438 399 510 316 236 514 544 474 227 305
24 352 491 443 288 40 319 110 371 385 274 303 98 412 318 62
25 373 330 164 349 337 333 296 358 240 154 52 295 374 268 234
26 338 83 421 344 239 301 341 197 403 419 314 268 215 94 438
27 420 173 198 396 144 370 358 292 330 182 88 240 293 336 289
28 295 243 205 262 277 122 177 249 87 259 270 278 116 236 266
29 284 485 219 470 306 515 42 380 566 453 536 390 167 515 322
30 303 296 312 262 197 289 284 138 69 314 136 302 216 271 300
;

param:   cost_bundl  marginal :=
1 105 90
2 89 39
3 71 41
4 35 65
5 103 55
6 62 116
7 103 103
8 104 61
9 91 79
10 70 104
11 76 40
12 78 53
13 47 111
14 64 18
15 99 117
;
param: buyer budget :=
  0 1037
  1 822
  2 898
  3 1054
  4 621
  5 985
  6 650
  7 193
  8 911
  9 736
  10 635
  11 438
  12 122
  13 958
  14 405
  15 715
  16 225
  17 1103
  18 548
  19 283
  20 703
  21 138
  22 940
  23 826
  24 812
  25 383
  26 196
  27 643
  28 968
  29 646
;
param num_partition :=
3
;
param: item partition_index cardinality :=
0 0 20
1 0 25
2 0 20
3 1 13
4 1 20
5 1 8
6 1 4
7 1 1
8 1 23
9 1 1
10 1 5
11 1 14
12 1 4
13 1 12
14 1 13
