param num_bundles := 15;

param num_cust := 30;

param price_reserve :
   1 2 3 4 5 6 7 8 9 10 11 12 13 14 15 :=
1 245 246 286 276 91 319 297 288 179 282 267 239 137 260 212
2 319 310 400 424 294 466 411 365 428 449 482 499 363 437 403
3 413 324 256 377 177 256 358 426 244 280 188 415 432 101 341
4 119 112 86 102 109 61 101 119 55 102 114 78 55 121 46
5 270 201 261 312 283 288 185 51 232 294 220 216 191 230 304
6 538 427 561 445 553 425 276 517 243 109 486 269 68 90 410
7 184 437 523 486 393 376 180 501 500 232 270 390 266 303 312
8 137 214 201 250 202 143 252 106 50 267 285 24 28 185 58
9 523 323 390 219 70 295 415 432 475 368 335 478 495 526 483
10 418 363 321 322 294 170 166 112 413 175 207 290 299 390 288
11 438 374 433 475 398 328 447 386 472 381 171 462 423 76 196
12 338 29 474 290 412 471 264 461 94 429 451 339 210 101 306
13 180 166 176 215 210 199 163 177 123 160 190 93 166 193 149
14 289 126 227 183 204 343 235 337 379 414 416 159 142 421 238
15 262 152 147 434 280 141 365 185 249 268 300 51 430 346 403
16 441 277 409 392 415 293 483 478 251 432 453 396 271 534 131
17 243 352 347 313 381 282 280 341 302 211 315 403 77 274 421
18 285 434 104 379 224 390 365 144 428 256 426 361 151 270 265
19 314 165 316 280 279 298 280 221 351 361 281 16 75 263 194
20 153 164 225 191 104 108 140 167 188 172 226 85 207 129 219
21 392 404 387 181 199 363 271 346 346 248 231 219 313 331 332
22 489 189 352 386 438 500 475 291 155 231 339 569 174 198 527
23 205 362 97 186 267 307 102 13 345 267 288 251 233 236 149
24 254 449 513 425 442 561 221 349 315 395 172 109 289 473 446
25 206 335 383 239 373 130 319 326 372 451 429 254 293 323 375
26 431 415 354 420 326 419 419 349 165 287 19 338 420 358 216
27 330 380 272 393 301 379 187 510 552 532 579 462 575 487 498
28 407 130 410 302 426 198 304 165 400 494 239 399 259 299 143
29 165 109 153 255 179 210 211 248 108 121 92 216 87 137 136
30 315 133 191 173 236 184 114 351 311 207 287 182 203 48 207
;

param:   cost_bundl  marginal :=
1 118 39
2 62 118
3 64 101
4 107 53
5 85 86
6 38 92
7 49 106
8 53 44
9 76 48
10 117 121
11 55 80
12 68 65
13 82 75
14 78 104
15 86 87
;
param: buyer budget :=
  0 973
  1 514
  2 746
  3 62
  4 1078
  5 522
  6 988
  7 71
  8 1126
  9 301
  10 1056
  11 821
  12 1120
  13 884
  14 270
  15 1002
  16 1092
  17 721
  18 61
  19 204
  20 657
  21 335
  22 587
  23 976
  24 874
  25 829
  26 351
  27 226
  28 406
  29 568
;
param num_partition :=
3
;
param: item partition_index cardinality :=
0 0 19
1 0 20
2 0 5
3 0 18
4 0 12
5 0 1
6 0 7
7 1 6
8 1 28
9 1 21
10 1 16
11 1 4
12 1 5
13 1 5
14 1 24
