param num_bundles := 15;

param num_cust := 30;

param price_reserve :
   1 2 3 4 5 6 7 8 9 10 11 12 13 14 15 :=
1 235 320 327 319 311 167 174 316 300 166 283 179 182 302 61
2 92 76 90 35 83 59 6 70 115 97 84 103 50 114 53
3 119 79 21 90 121 38 100 105 105 114 69 91 118 86 116
4 267 0 393 191 395 163 443 189 322 420 221 141 349 297 280
5 498 369 456 197 263 300 41 269 356 316 257 451 476 358 404
6 481 134 367 495 483 342 400 368 403 434 476 339 350 429 437
7 456 404 423 156 465 403 13 124 478 405 509 234 402 451 246
8 499 283 404 310 540 494 234 231 507 177 240 113 190 295 342
9 262 224 201 210 217 192 349 265 248 249 74 199 325 201 286
10 48 328 220 107 191 366 363 347 210 337 352 374 304 464 455
11 290 387 299 327 446 384 437 204 213 445 225 410 74 312 264
12 367 465 174 331 390 91 452 257 192 280 285 232 424 188 285
13 291 352 181 283 254 161 309 228 213 312 176 321 211 223 277
14 151 415 453 501 358 579 552 282 494 414 535 354 315 504 480
15 43 109 118 109 95 115 95 47 61 116 96 120 117 93 80
16 82 33 46 108 121 77 120 91 57 47 86 116 67 29 105
17 214 248 272 219 287 316 274 309 98 218 325 185 220 151 211
18 527 352 505 302 531 465 482 266 203 280 380 422 437 191 384
19 271 245 174 422 335 351 106 306 365 131 193 88 501 408 358
20 174 43 114 136 61 176 197 206 135 193 175 219 51 211 215
21 408 169 216 456 225 354 317 132 426 480 475 507 398 429 260
22 438 475 434 465 299 495 276 226 502 323 494 368 316 330 492
23 437 389 202 456 464 216 273 246 272 227 177 232 457 404 263
24 143 313 337 342 353 301 267 137 236 157 277 296 285 360 355
25 268 378 341 219 329 315 233 284 335 18 287 156 290 400 369
26 280 563 456 563 309 333 477 220 114 556 520 468 265 292 497
27 267 52 94 209 172 269 295 243 176 228 231 58 75 98 217
28 111 230 308 283 259 226 285 290 351 308 244 179 169 347 257
29 169 476 415 276 508 431 504 479 476 449 272 389 431 456 306
30 39 242 230 199 220 68 117 231 204 204 178 197 47 86 230
;

param:   cost_bundl  marginal :=
1 91 23
2 50 30
3 103 86
4 94 41
5 90 90
6 106 93
7 48 57
8 7 82
9 110 108
10 95 40
11 65 62
12 61 77
13 117 117
14 99 36
15 105 118
;
param: buyer budget :=
  0 790
  1 588
  2 1084
  3 371
  4 314
  5 99
  6 1010
  7 1141
  8 454
  9 1026
  10 903
  11 739
  12 163
  13 33
  14 576
  15 903
  16 367
  17 760
  18 1111
  19 547
  20 795
  21 979
  22 24
  23 420
  24 736
  25 406
  26 634
  27 904
  28 967
  29 670
;
param num_partition :=
3
;
param: item partition_index cardinality :=
0 0 27
1 0 3
2 0 5
3 0 27
4 0 4
5 1 28
6 1 20
7 1 15
8 1 23
9 1 7
10 1 11
11 1 12
12 1 15
13 1 2
14 1 4
