param num_bundles := 45;

param num_cust := 40;

param price_reserve :
   1 2 3 4 5 6 7 8 9 10 11 12 13 14 15 16 17 18 19 20 21 22 23 24 25 26 27 28 29 30 31 32 33 34 35 36 37 38 39 40 41 42 43 44 45 :=
1 516 480 1444 1425 1326 1346 1061 1375 938 1161 890 1086 236 675 293 1000 1094 937 1006 798 1362 1290 713 1148 1403 907 1030 634 1397 462 1211 481 1295 1105 1104 942 450 581 1374 826 993 1160 887 641 1069
2 248 254 309 329 243 345 156 213 463 453 477 82 385 174 451 31 436 379 495 336 480 387 301 184 415 363 368 426 498 471 81 389 224 81 336 464 205 153 56 229 325 333 211 338 111
3 460 600 750 784 672 882 696 675 901 597 258 525 496 296 446 742 691 679 544 789 716 904 848 892 264 726 914 842 676 827 733 775 833 685 314 725 555 527 506 895 649 881 607 558 532
4 949 795 1217 891 1060 1361 1212 504 1176 1190 1245 1192 430 799 660 620 421 874 1207 1155 725 332 1253 605 507 287 310 1389 1091 761 809 998 1270 284 940 844 531 842 1145 670 998 992 172 764 1209
5 717 758 885 708 760 518 817 636 777 388 904 703 553 279 915 817 767 436 268 482 935 740 83 378 729 438 674 803 750 487 913 940 674 854 847 497 196 766 162 926 778 316 478 416 548
6 750 473 403 770 429 443 28 496 551 724 478 584 699 518 310 130 442 682 662 704 576 606 705 765 343 617 483 483 383 596 242 474 657 552 103 286 492 641 214 771 588 660 575 426 143
7 666 1523 1532 1068 1511 1522 1264 947 910 682 1033 1101 657 1567 1483 1318 495 1587 855 321 1303 1434 1197 1601 1453 1537 559 1038 1515 1236 1536 865 1149 1135 1238 1413 781 1231 898 653 445 1400 1390 732 1449
8 114 152 10 114 70 144 129 123 104 160 141 96 53 125 132 185 151 89 139 51 192 120 192 168 206 199 99 91 194 165 209 205 180 164 139 71 169 119 106 185 103 148 71 182 37
9 182 1182 1047 1242 1092 1224 1271 1105 485 582 852 1016 982 1140 878 972 429 1156 812 1144 994 645 1102 1227 1225 1182 579 407 309 1096 73 593 606 1106 1090 713 736 935 1196 1201 260 1249 853 244 842
10 392 788 607 1012 1116 786 1095 695 838 760 954 294 620 841 713 849 707 1022 953 330 526 1126 283 886 1137 1177 881 708 1059 575 575 205 611 773 1085 411 377 816 1099 527 547 280 992 417 782
11 200 573 892 882 285 995 1045 1078 867 962 664 930 98 427 948 514 948 974 996 190 995 1060 865 1108 741 904 343 726 305 900 1105 673 777 817 1018 803 1114 858 276 502 861 503 782 835 981
12 330 680 997 693 1060 787 640 584 1109 1155 1027 1020 599 945 747 674 67 1122 400 677 843 522 789 918 171 684 501 477 1065 453 384 972 934 516 734 700 458 520 796 1042 769 720 763 219 867
13 893 843 910 288 442 699 404 833 902 537 643 460 891 672 637 885 523 294 644 854 972 598 845 507 402 759 971 476 699 694 962 931 660 604 503 635 411 572 428 939 443 566 837 843 696
14 1161 1040 1318 963 774 361 888 1210 981 626 183 795 1104 766 191 901 1326 822 620 1108 1079 1314 162 266 579 934 489 1140 588 1209 727 936 1181 842 555 1151 1142 309 408 1010 1311 1124 1070 1149 586
15 935 1136 1300 1261 1143 168 806 1247 576 869 526 1106 1189 566 1284 824 1219 1119 795 1178 841 597 721 1255 670 923 938 1062 1176 1315 451 1129 1324 1194 812 1304 1199 1332 1245 609 1231 1327 554 1102 220
16 587 662 1079 248 731 916 368 733 486 704 933 1012 879 1026 329 279 818 365 973 1072 977 972 536 1073 804 502 833 858 963 423 1036 87 697 377 258 611 954 215 494 855 1059 869 980 481 983
17 731 789 268 565 508 734 436 606 802 485 639 718 776 517 523 877 467 205 672 485 613 860 297 905 556 475 799 380 809 370 686 707 893 440 858 670 958 961 535 631 331 61 472 942 678
18 653 935 40 905 800 581 921 945 972 993 935 291 758 646 933 714 888 662 922 471 568 970 535 368 857 869 589 634 519 958 994 608 610 871 738 740 537 766 554 731 772 600 573 1011 636
19 346 168 407 474 336 461 514 556 377 704 306 572 497 539 206 461 557 688 713 591 113 391 102 499 497 442 457 535 671 587 506 708 314 357 595 708 379 388 491 258 677 672 341 700 717
20 903 1288 1115 1470 810 1430 718 1063 410 1302 560 776 1547 1365 676 1390 450 1018 494 1030 257 1160 945 1190 1228 1204 1345 1369 1175 1522 1288 466 517 484 1509 1538 413 591 279 1327 970 692 1524 1477 1280
21 1420 653 1498 1169 1578 838 878 1125 846 857 757 1019 360 1175 1592 1385 700 745 1438 1242 648 929 845 1043 1396 912 1494 1239 746 1144 383 601 1067 456 1081 704 1467 1590 1437 857 1351 1315 95 1589 507
22 779 943 300 783 1099 949 1055 482 919 486 653 839 798 862 561 914 799 1074 1128 458 909 1014 814 734 1178 931 910 149 508 724 904 626 654 884 434 1036 683 1079 1004 457 583 877 506 1045 266
23 507 394 650 654 223 458 622 127 633 506 450 661 778 344 759 537 265 654 476 440 599 714 375 703 263 239 136 333 503 482 389 449 690 472 704 747 732 561 601 750 742 550 811 556 605
24 1027 455 839 873 795 1094 743 1302 789 1291 1330 518 1226 760 1064 544 1131 703 471 455 1315 622 1249 207 742 1177 620 1281 1297 1125 1061 657 725 314 1165 421 1218 1277 1259 1230 1040 990 1331 1176 1058
25 213 361 434 456 207 484 421 461 412 387 503 75 474 538 274 456 401 163 144 538 422 207 402 252 309 219 484 477 232 267 438 544 397 562 512 433 384 523 566 374 347 21 277 546 573
26 446 1183 1185 1370 393 1039 1305 986 725 1026 902 858 495 702 1209 1260 1268 849 1363 1131 1143 957 1394 188 1376 908 1034 944 1219 704 1007 113 864 981 158 1257 602 436 1198 342 1021 1035 1162 281 150
27 662 715 741 532 567 639 811 386 209 905 760 635 945 134 533 381 609 92 773 873 814 520 925 288 735 571 850 892 590 846 869 644 513 870 704 426 914 69 626 925 261 766 829 117 823
28 321 1000 967 701 442 871 533 847 499 675 551 804 1028 995 652 786 821 1104 398 337 1023 1108 737 685 728 888 862 744 714 803 750 525 817 456 377 877 896 1021 861 1102 1111 1012 338 278 917
29 1352 1207 1376 1345 997 1169 590 1110 311 1256 386 1247 1039 1395 1203 941 542 524 1147 1544 1419 1221 1386 704 838 698 1089 1388 1427 1488 1354 882 515 774 773 1435 711 243 1483 1167 1295 231 1412 378 1454
30 291 1258 638 713 596 876 1303 1335 1302 1067 911 689 1290 1262 1096 1329 1064 871 1306 1007 1208 1149 859 1142 1249 772 1230 649 727 1167 634 399 822 1056 1226 820 1122 1091 355 1015 1351 1051 822 698 1132
31 622 449 434 611 604 75 373 213 243 548 368 300 462 608 555 395 366 213 634 437 370 153 558 561 388 534 332 431 590 484 379 195 572 398 462 389 424 518 348 325 452 481 505 581 233
32 669 968 757 826 828 981 366 723 1006 927 984 1004 744 399 841 550 956 272 544 959 446 744 802 290 1060 614 866 839 401 297 490 721 662 763 195 1000 966 612 541 464 1022 707 505 892 1048
33 1136 817 703 531 1221 820 758 703 920 934 1154 1025 594 797 1233 511 1248 1169 925 923 657 553 1024 946 1014 1243 289 653 742 429 648 984 1086 211 1146 845 1228 129 656 631 853 1227 900 678 984
34 403 541 436 474 525 613 322 377 636 701 446 542 577 691 481 592 504 254 433 93 659 634 636 668 207 139 655 315 634 570 15 705 649 615 578 208 461 600 729 639 257 461 640 574 621
35 545 166 481 551 793 661 803 487 595 602 141 659 617 576 321 688 523 721 393 783 631 772 527 712 499 588 754 804 542 697 525 446 619 541 146 222 293 796 510 587 279 365 727 259 614
36 930 1372 753 633 743 1220 626 1005 1102 1349 603 311 1139 1422 1277 1007 1469 1499 1005 278 1062 1417 1126 839 1319 1107 739 703 884 1093 1273 1274 905 1333 741 1382 1550 327 1218 1085 1004 1260 1111 236 1094
37 236 209 500 203 377 479 335 407 331 495 366 423 469 382 592 179 516 113 510 441 364 387 400 346 503 478 628 539 525 159 551 458 466 592 93 432 528 449 229 610 420 226 508 306 599
38 838 975 525 294 206 898 1037 741 692 460 576 822 293 867 835 929 587 569 667 912 534 1045 532 634 579 864 916 717 785 889 697 247 373 805 995 786 304 983 341 590 801 708 565 981 802
39 1489 608 1148 1433 1313 47 1216 1313 1285 334 1332 814 264 1532 467 1234 1159 951 1262 1421 1545 302 1509 1316 1218 1425 1286 524 1515 1547 806 887 484 799 755 964 1152 1329 302 1072 962 235 1382 844 1534
40 1337 543 1153 1108 293 1179 1177 975 1242 960 514 1363 784 1290 1127 585 1133 796 1054 395 1050 915 227 1285 872 540 1031 318 734 357 444 919 722 1313 296 816 571 736 541 1346 881 878 952 1175 998
;

param:   cost_bundl  marginal :=
1 155 153
2 162 155
3 26 54
4 162 99
5 129 175
6 200 185
7 54 177
8 83 164
9 198 149
10 205 83
11 145 163
12 204 203
13 127 208
14 192 126
15 183 95
16 44 92
17 154 158
18 21 139
19 36 155
20 159 180
21 191 96
22 151 200
23 161 207
24 185 206
25 167 185
26 197 195
27 125 112
28 194 170
29 174 85
30 75 96
31 211 78
32 167 200
33 115 195
34 97 73
35 94 153
36 198 116
37 185 183
38 136 135
39 157 32
40 62 114
41 68 165
42 136 85
43 180 82
44 205 148
45 91 180
;
param: buyer budget :=
  0 1960
  1 211
  2 356
  3 2621
  4 2732
  5 2372
  6 1130
  7 494
  8 487
  9 1745
  10 151
  11 2817
  12 1204
  13 1832
  14 1634
  15 2879
  16 1407
  17 1132
  18 680
  19 334
  20 1263
  21 1108
  22 2932
  23 503
  24 939
  25 1525
  26 672
  27 1914
  28 2594
  29 2252
  30 1406
  31 2989
  32 2816
  33 2301
  34 958
  35 739
  36 1103
  37 2180
  38 2931
  39 1938
;
param num_partition :=
3
;
param: item partition_index cardinality :=
0 0 26
1 0 25
2 0 22
3 0 7
4 0 15
5 0 21
6 0 33
7 0 7
8 0 20
9 0 4
10 0 36
11 0 32
12 0 4
13 0 30
14 0 18
15 0 21
16 0 27
17 1 19
18 1 19
19 1 29
20 1 4
21 1 22
22 1 23
23 1 19
24 1 26
25 1 2
26 1 22
27 1 39
28 1 15
29 1 8
30 1 4
31 1 17
32 1 37
33 1 32
34 1 14
35 1 20
36 1 35
37 1 16
38 1 22
39 1 35
40 1 17
41 1 6
42 1 8
43 1 18
44 1 16
