param num_bundles := 45;

param num_cust := 40;

param price_reserve :
   1 2 3 4 5 6 7 8 9 10 11 12 13 14 15 16 17 18 19 20 21 22 23 24 25 26 27 28 29 30 31 32 33 34 35 36 37 38 39 40 41 42 43 44 45 :=
1 1358 494 1044 1146 1256 992 1346 1270 374 911 1289 1208 1257 1061 1157 1275 279 513 898 1177 251 1028 1372 1097 1309 812 360 571 1195 928 1231 506 896 742 1016 920 1386 1066 666 1083 702 887 1117 217 1358
2 443 459 540 55 306 329 426 302 566 534 498 209 428 411 226 379 66 448 477 551 203 427 372 522 389 434 153 416 556 396 57 364 71 244 338 106 312 144 88 559 539 343 575 485 576
3 556 1134 1039 1221 1328 348 1314 1204 1243 1101 1346 1230 864 453 790 790 1198 1272 1092 977 1326 132 1282 709 571 943 1136 1044 1315 545 1261 979 514 1111 272 1260 1207 1328 477 991 478 756 1234 667 839
4 181 728 408 634 750 391 116 571 722 753 749 543 495 669 509 397 737 369 747 490 250 462 731 770 537 349 215 364 566 696 778 544 691 843 202 692 638 589 97 99 679 625 665 777 838
5 662 959 354 979 402 1008 861 392 1066 218 251 905 787 1088 753 836 144 900 1066 1068 414 766 142 891 467 338 335 715 493 988 811 851 786 1097 640 792 529 1035 813 1105 686 662 716 1121 1091
6 715 983 525 890 349 160 952 611 657 1020 955 952 847 689 624 452 975 670 622 655 80 305 979 912 766 965 946 895 754 604 439 579 600 912 848 582 1012 953 1006 457 752 797 357 567 794
7 604 674 208 969 869 871 735 75 698 544 858 518 423 902 954 427 626 748 772 726 852 783 874 642 843 204 238 475 406 476 499 483 550 43 762 716 780 640 592 823 690 744 880 623 949
8 926 1098 884 1055 838 1157 583 688 1132 789 1155 382 607 1123 1174 591 849 1173 730 1070 761 1123 1134 563 996 964 517 928 1120 634 953 1020 556 656 360 1155 872 829 589 928 1086 504 1096 496 717
9 647 669 949 751 950 1181 575 1339 1004 1262 1004 820 744 802 404 1222 1156 1274 1346 1288 1296 828 462 1195 788 727 1167 846 899 530 728 623 1118 1329 1242 525 804 1146 526 201 594 1002 1047 975 1094
10 287 75 249 247 227 364 301 397 162 140 304 292 423 177 172 295 291 344 312 396 334 308 359 378 404 407 403 215 347 214 423 342 394 390 386 379 333 424 229 397 80 371 127 316 51
11 1428 1100 1121 1521 1499 1395 799 1382 1499 533 500 691 875 594 1355 1280 698 636 1351 899 352 962 1240 981 823 722 947 536 1041 676 1117 773 1514 1178 1369 1098 1033 1211 1366 1173 1339 1509 1040 1039 65
12 345 180 525 356 480 500 519 232 537 323 323 609 462 604 273 190 634 544 548 552 607 64 171 567 330 562 525 535 352 519 332 628 240 591 627 392 572 618 281 404 478 240 496 355 470
13 242 557 734 1108 130 1288 1271 1162 877 1111 1134 978 1256 576 1125 812 999 215 1277 1319 1207 693 1170 1019 734 624 987 1304 1185 650 68 1168 183 478 1166 1329 900 1128 1028 1078 1319 369 1030 392 526
14 616 837 817 1114 897 1012 1239 1217 266 1207 1067 1243 1011 1292 231 1160 367 1186 819 674 852 719 779 639 1019 847 921 1149 1267 1088 336 1318 407 792 940 1125 1287 1090 1050 1129 1071 951 1163 1255 423
15 1154 1256 669 480 1440 1419 951 863 1426 455 1193 342 888 703 1109 1144 1203 662 1130 899 980 1327 906 740 681 1401 1354 143 1143 801 573 844 810 779 256 1213 1239 1106 1064 1403 1081 1191 1329 1354 1385
16 684 567 822 1137 220 724 811 941 1473 802 618 794 462 694 871 846 1103 1337 1107 830 1479 1475 1053 309 1278 1318 936 1117 1485 1122 1083 1392 1261 1363 595 1351 531 429 991 779 1287 1011 1189 1333 1460
17 937 843 1154 181 896 1243 1071 1207 1091 311 738 848 965 1027 839 1148 1179 1149 767 1062 944 1059 1040 1069 845 581 262 974 955 1086 1023 674 1178 1244 1151 848 1237 1248 1119 452 749 1015 651 372 520
18 529 492 812 257 510 483 801 629 478 821 843 770 816 202 789 335 299 451 282 869 422 562 136 18 881 445 410 792 213 140 880 700 473 336 287 431 422 731 355 724 715 549 506 591 356
19 749 946 956 682 608 953 713 557 566 261 925 554 691 548 588 577 926 612 724 655 805 726 438 275 291 968 446 422 333 742 911 941 856 661 626 404 262 669 633 453 357 863 345 905 264
20 389 712 871 301 541 200 868 877 700 161 869 577 821 808 749 915 373 635 800 435 287 148 757 650 837 838 212 318 911 480 566 788 777 864 838 477 247 573 913 887 811 374 572 577 571
21 280 137 696 118 908 1235 1018 1185 952 885 711 436 1234 1282 1253 1216 1249 1245 683 1094 1181 1010 1009 1013 1058 1168 816 1245 583 654 1033 1084 997 881 482 870 460 1087 1071 602 323 745 701 225 673
22 1152 1085 978 679 904 688 1000 209 625 1086 1223 1074 510 252 620 1065 965 983 1079 1099 392 1032 1144 951 1043 574 1186 846 591 1087 760 390 1205 990 325 915 1163 709 1167 917 897 1154 1207 1116 730
23 537 976 864 1110 638 124 969 289 969 564 1114 1046 430 974 478 584 941 959 916 1006 1043 1081 554 852 903 756 1002 770 390 370 583 1063 708 558 389 1094 748 599 571 1101 647 1021 625 416 1099
24 1575 481 1418 1490 1222 296 1199 113 1442 1353 718 728 1399 876 1246 1036 879 294 1350 997 753 343 975 141 477 1308 1291 813 1581 876 868 904 832 711 712 1117 1040 1563 1412 1011 660 1528 506 808 1531
25 1549 1425 1485 1342 1362 1450 1197 1617 879 825 267 574 1380 888 1279 1146 1140 1346 194 1568 300 1450 1370 988 1542 1521 1591 770 1602 756 731 800 687 1471 1416 1320 577 1413 1296 1186 1233 1106 1541 1609 1234
26 620 762 826 836 796 338 816 888 447 473 781 346 839 589 786 610 654 563 541 828 861 893 582 612 632 470 865 691 660 814 333 297 479 334 372 591 319 819 371 255 771 187 561 482 521
27 779 510 512 284 556 799 799 699 439 385 696 212 640 738 670 594 334 573 635 722 771 773 734 777 720 761 423 635 751 85 794 328 703 301 630 667 499 552 503 382 149 588 554 562 587
28 1098 813 328 1284 1063 912 1069 796 1213 1164 1128 1192 1208 1185 734 985 418 1254 1049 543 831 440 1082 783 1196 522 587 891 530 745 1100 1220 1282 1259 1147 786 1038 576 1230 735 1185 1279 839 1176 96
29 1179 753 597 750 643 632 1137 857 1208 1215 938 1274 810 1203 679 411 507 1340 1009 1303 1239 531 745 857 1092 1122 341 996 1302 1265 905 1289 418 1095 1323 965 1220 1024 742 718 658 1154 1269 1206 1320
30 826 795 1093 619 1251 1159 803 822 868 1060 1234 1124 1159 994 738 783 1073 341 1246 1113 1362 1210 1276 1335 902 1368 533 741 907 303 1062 959 859 780 447 807 756 1342 843 1317 1008 784 787 1254 1265
31 591 1002 471 942 867 573 1075 1005 925 842 851 418 914 1092 789 196 275 519 749 941 632 243 428 860 855 810 1063 654 1019 825 871 1078 843 933 288 868 600 800 577 905 1123 1042 420 611 1098
32 494 851 904 803 851 661 733 390 541 728 450 902 850 728 737 735 320 772 974 804 630 209 775 102 526 527 758 914 578 294 495 896 872 395 228 570 758 487 367 816 472 936 243 685 35
33 1305 1259 1070 893 1152 939 1264 679 1093 386 1207 585 780 663 597 496 1173 1524 1507 1343 865 945 442 773 1521 751 1076 1375 1248 1346 1431 889 108 1216 594 1397 614 953 1387 690 970 69 755 126 1370
34 831 633 237 682 522 762 1132 579 258 773 1271 1040 851 768 272 63 1280 172 1200 946 648 592 920 1179 474 1268 982 740 582 499 1219 1010 665 816 824 1022 944 700 1040 1052 1125 1211 428 129 383
35 169 592 573 881 854 530 1040 1099 911 361 443 736 411 444 985 1027 954 737 1039 694 784 718 937 997 818 585 460 995 890 1041 1018 740 390 659 1076 804 269 760 793 460 240 979 625 685 758
36 914 796 969 652 1107 1153 1016 578 1115 1013 1126 1195 1222 644 586 732 1061 583 630 759 169 1200 1063 589 1210 398 1097 1223 116 687 316 735 473 896 779 607 1083 886 548 1191 916 710 759 1080 944
37 344 575 1165 721 786 1039 1179 471 1139 1098 342 195 938 1035 674 1162 1193 1166 243 720 1032 624 967 1221 907 847 909 396 909 200 649 524 966 1082 776 760 1063 1117 1158 656 1010 1161 664 516 977
38 1281 1298 1319 1058 1323 667 1176 1029 1018 410 687 990 926 1082 685 114 975 578 771 1111 661 661 1226 1103 841 976 589 1284 1003 851 795 601 482 254 776 1020 1153 548 963 451 1035 868 702 1047 487
39 543 1147 597 108 1275 1203 476 1207 530 1162 1051 1233 615 779 427 1013 684 1284 1083 1244 1257 768 1267 1266 862 1305 232 925 540 1236 1171 1119 801 1116 1019 301 806 1082 624 1275 519 912 1232 338 1226
40 813 659 1266 925 1121 1000 1514 903 1315 1031 1450 1330 1027 1371 1118 1340 1314 1241 1371 1571 1407 1481 708 785 1463 1468 853 1581 873 1363 589 1283 1082 1258 1608 1090 1500 1019 482 685 1451 1268 1447 260 1428
;

param:   cost_bundl  marginal :=
1 124 150
2 183 131
3 164 164
4 104 50
5 31 95
6 203 210
7 93 113
8 145 168
9 169 137
10 155 182
11 98 143
12 205 66
13 196 34
14 176 152
15 105 186
16 162 135
17 185 94
18 148 175
19 203 208
20 150 63
21 104 162
22 124 103
23 160 149
24 183 204
25 129 204
26 116 138
27 109 186
28 146 184
29 155 200
30 210 166
31 165 76
32 193 93
33 33 208
34 89 133
35 137 14
36 41 204
37 72 127
38 16 198
39 166 146
40 190 130
41 51 190
42 200 157
43 124 112
44 70 136
45 172 131
;
param: buyer budget :=
  0 1756
  1 2615
  2 1617
  3 2908
  4 2781
  5 587
  6 662
  7 628
  8 2047
  9 1936
  10 2109
  11 559
  12 879
  13 74
  14 310
  15 1639
  16 167
  17 2298
  18 1299
  19 536
  20 79
  21 94
  22 455
  23 1319
  24 2088
  25 1129
  26 2969
  27 804
  28 392
  29 875
  30 424
  31 2547
  32 2530
  33 132
  34 171
  35 1591
  36 1487
  37 3040
  38 2687
  39 125
;
param num_partition :=
3
;
param: item partition_index cardinality :=
0 0 16
1 0 9
2 0 11
3 0 8
4 0 39
5 0 31
6 0 3
7 0 36
8 0 3
9 0 19
10 0 10
11 0 14
12 0 25
13 0 15
14 0 14
15 0 25
16 0 7
17 0 35
18 0 4
19 1 19
20 1 22
21 1 1
22 1 4
23 1 23
24 1 5
25 1 11
26 1 5
27 1 33
28 1 25
29 1 29
30 1 15
31 1 18
32 1 25
33 1 34
34 1 19
35 1 39
36 1 39
37 1 5
38 1 25
39 1 3
40 1 32
41 1 20
42 1 23
43 1 6
44 1 9
