param num_bundles := 45;

param num_cust := 40;

param price_reserve :
   1 2 3 4 5 6 7 8 9 10 11 12 13 14 15 16 17 18 19 20 21 22 23 24 25 26 27 28 29 30 31 32 33 34 35 36 37 38 39 40 41 42 43 44 45 :=
1 294 267 450 423 422 522 293 478 235 554 626 188 235 616 557 591 629 633 579 590 205 391 78 418 473 60 506 415 613 410 289 556 576 93 252 318 616 266 465 111 547 588 594 480 291
2 778 952 1005 602 997 845 363 496 828 907 988 1072 1021 981 447 1011 477 1125 991 1080 73 1046 1036 770 1026 535 975 328 505 707 1031 673 1103 1048 810 695 636 915 635 402 1107 972 873 206 918
3 819 803 725 753 793 538 894 890 807 349 593 884 720 931 422 585 1064 918 638 862 503 968 755 746 1064 1080 878 651 992 632 967 423 669 456 986 718 752 629 940 390 926 453 431 541 790
4 1121 964 980 624 615 950 886 525 616 655 1008 699 1155 573 750 1157 886 605 954 640 860 649 774 340 1066 325 472 1143 413 871 958 814 608 939 942 386 847 543 546 1090 1008 498 683 696 870
5 952 1270 412 868 786 700 1122 1406 604 141 742 1198 1070 355 758 1142 703 386 1381 1246 1068 721 1157 1177 1294 1282 851 239 1420 631 472 1309 534 464 1158 1449 1043 1447 1454 1133 1431 1039 1419 1176 943
6 753 842 658 363 404 664 644 672 495 369 744 796 494 825 557 379 793 834 277 859 829 153 517 696 777 841 579 425 471 719 711 572 854 521 817 468 500 202 782 110 689 819 707 741 335
7 282 440 210 402 213 313 301 498 297 467 320 181 439 313 385 329 457 445 289 307 326 166 357 501 497 436 368 479 434 496 329 344 282 232 250 288 511 448 238 417 505 240 167 243 471
8 346 406 210 546 622 675 574 647 567 205 728 670 701 376 530 662 647 526 601 275 506 351 582 479 175 94 608 514 459 505 572 725 433 212 349 728 97 568 716 502 654 726 613 671 601
9 623 812 539 752 639 827 735 913 604 650 842 843 762 369 832 777 635 473 598 698 618 461 768 793 228 869 632 323 699 733 588 777 241 473 860 895 356 361 595 857 912 393 502 593 891
10 945 868 712 829 927 937 770 875 966 777 451 678 561 458 660 483 832 155 813 565 973 229 535 905 158 600 716 773 966 844 404 228 752 913 547 456 530 998 649 979 931 582 825 87 460
11 501 789 322 1249 1282 1129 1261 1284 572 823 868 705 1085 908 1184 873 1248 1164 649 553 139 954 1140 888 984 1221 1277 66 775 1151 1120 959 1057 1179 845 897 1071 1033 268 582 550 1102 1226 785 810
12 379 963 698 305 683 742 937 838 785 905 608 570 770 562 982 731 227 762 493 432 812 339 831 967 941 935 797 708 689 684 914 1003 518 738 518 1073 947 995 426 631 768 652 422 924 921
13 576 381 883 703 659 745 818 753 413 682 702 884 797 1010 382 672 106 949 894 715 745 1045 747 735 952 961 419 725 553 447 988 304 1056 920 652 733 346 1017 342 858 1060 864 540 744 100
14 653 650 694 716 200 269 659 183 162 654 699 203 681 764 605 413 684 597 542 692 485 681 573 507 165 386 577 497 703 327 648 570 111 740 510 258 612 669 210 594 545 627 350 708 195
15 1214 959 982 1377 1136 1050 1227 517 1125 719 551 711 1209 1182 816 1340 910 1311 341 1047 1080 1247 562 611 991 974 329 1132 462 1222 1009 1393 965 1032 1375 1312 748 335 1336 912 548 821 398 1387 1448
16 958 1108 1342 1061 1188 1187 1273 795 985 1332 1159 934 828 248 522 1136 1026 90 1044 1081 614 1094 1207 892 552 573 744 984 894 121 981 1143 1026 920 770 983 1313 1276 733 751 1225 1129 863 478 1201
17 204 139 193 187 139 102 68 178 77 69 190 142 196 209 89 55 91 117 146 150 179 185 105 135 175 97 206 72 188 189 211 109 30 207 98 106 182 79 113 74 11 104 168 174 173
18 1270 181 391 1029 1318 1193 1428 759 92 1020 1053 1335 842 1238 527 277 1252 1014 1411 359 811 1453 379 1482 1063 1382 883 1169 860 985 1424 1097 391 1251 926 970 567 1043 917 1489 684 1496 829 190 428
19 988 1280 410 629 1110 817 1334 1258 878 1232 1438 1000 368 286 761 1383 1361 1157 1118 918 718 1365 976 1195 1228 277 1484 1123 1384 229 1480 1497 965 1474 534 363 1345 397 755 1310 768 1380 1061 885 1332
20 648 1472 1569 561 1306 1449 1051 1296 662 626 1365 1301 678 767 321 1558 697 844 1328 1358 1176 1547 1296 1469 1331 1245 1149 1263 1355 1138 1211 1503 1120 1538 1517 559 1049 1368 1085 1548 1400 1334 1091 393 553
21 367 620 976 720 1102 1308 1219 806 1015 1179 278 487 1079 1232 889 1059 847 315 1217 1074 1269 742 1231 633 787 804 739 1248 393 681 437 250 401 504 1180 528 945 434 1037 556 193 1222 631 1018 1056
22 1297 1507 1199 1137 1160 689 470 1253 1137 1033 1177 1454 966 1246 866 895 1301 1129 395 1314 1363 1156 1107 799 1478 1496 1293 1152 1187 404 1248 1448 1397 869 1143 1247 307 1268 1433 1434 816 888 1332 1117 1491
23 801 1027 555 1107 838 622 980 834 1122 489 803 701 1007 645 990 1128 1177 1182 717 311 998 732 841 969 529 1146 690 899 1073 1014 840 1159 449 895 286 838 390 1100 813 875 1143 854 618 455 1037
24 1414 1241 704 1025 622 1389 1552 961 1320 1374 1016 533 1315 1301 1329 993 1485 1311 1062 1030 195 1548 1419 1107 1388 1358 502 965 1081 427 1543 1375 1447 1092 1516 605 730 1442 355 1332 922 705 267 1126 764
25 485 1015 906 626 1066 1015 848 1143 1009 878 613 316 1076 246 698 348 209 568 764 911 627 773 793 1180 1107 1023 875 1034 995 591 1118 896 790 150 828 715 544 1183 112 506 346 925 1029 949 803
26 1197 761 753 867 1194 863 431 563 992 1081 1174 765 1018 587 565 543 1068 1033 756 607 1037 1223 783 825 1018 918 1040 723 1226 926 969 327 763 1057 226 383 379 258 661 1118 1261 686 1251 1057 1161
27 720 187 536 423 516 577 449 491 265 447 537 247 403 399 610 373 335 213 335 414 305 303 428 658 479 436 567 693 472 672 307 709 469 555 203 427 474 135 587 722 542 533 724 609 692
28 950 944 98 735 638 973 877 527 565 555 143 803 600 953 880 924 972 788 571 968 402 754 102 372 907 898 435 604 515 458 412 952 437 546 750 562 577 946 926 579 416 969 774 518 437
29 148 960 1483 1224 1442 1002 1084 1319 1308 1401 1440 789 1059 500 352 1337 1389 1017 1236 1379 1457 1117 404 1169 867 430 1479 1412 349 982 1095 1302 1003 1329 1408 895 553 103 1097 1127 1081 802 1236 670 525
30 480 812 764 960 502 303 262 600 721 945 442 701 407 781 874 888 798 604 811 678 717 766 689 224 884 718 96 372 512 785 890 939 942 509 856 217 120 890 267 646 312 173 571 894 628
31 879 1324 1236 741 1520 705 816 904 1330 1054 1523 1112 1260 1483 1385 1028 1504 798 1431 1235 741 572 1503 781 643 754 708 1421 900 1242 1545 820 946 1523 654 1374 1036 740 800 1279 1056 427 1017 1218 1331
32 691 947 557 1210 1144 1153 288 820 1119 897 1007 954 1110 755 1152 1093 1005 853 1234 967 911 310 725 1126 1096 1346 414 1048 459 1201 839 1278 1096 1000 67 581 932 308 1265 1355 575 261 551 1213 1232
33 330 484 348 603 496 52 674 720 654 731 874 282 450 643 666 902 571 816 509 788 546 737 883 822 800 342 901 744 824 657 576 856 443 448 542 699 769 845 695 906 843 627 381 804 564
34 477 853 908 1086 720 581 952 960 1071 894 711 760 617 628 524 685 681 889 184 659 496 868 833 733 558 738 716 968 669 529 499 509 977 1086 934 805 250 541 979 548 657 796 803 135 756
35 585 1014 972 990 831 484 853 1115 459 564 1034 1081 557 718 812 1093 982 1029 961 1173 215 721 948 1157 718 783 959 1115 463 948 1134 1108 613 534 812 1117 627 1028 610 772 686 783 775 429 687
36 1061 1516 1197 1128 1092 1153 1158 403 1211 625 1366 1327 1393 1431 533 1354 652 838 1401 1447 819 1246 823 1015 707 1442 901 671 656 1115 1179 355 1086 1019 438 1135 1212 879 1527 1449 560 1333 849 1482 1441
37 944 903 628 739 865 587 1028 1075 1134 637 643 264 132 1107 1184 556 1146 873 1246 741 303 768 550 1025 1249 1122 1215 609 966 560 389 1014 339 588 597 377 68 1177 654 963 984 323 829 285 1272
38 172 227 426 506 568 679 469 669 678 604 448 434 443 589 611 543 399 448 457 529 465 462 550 126 279 660 169 624 391 392 638 533 508 249 310 529 242 197 617 504 153 679 559 686 597
39 811 911 1143 900 555 579 436 1215 557 647 963 921 1124 1188 370 1265 434 1369 543 1466 1452 791 483 958 1441 1098 1266 1221 1184 1238 1352 410 700 1320 1444 1358 1304 512 1392 1160 1408 1155 827 1458 785
40 880 1167 565 901 1039 1185 98 916 583 575 1082 1078 960 684 700 734 1178 1028 566 955 1185 1055 996 174 616 1166 411 377 285 430 670 909 544 1021 660 1005 333 265 240 983 1060 678 1034 1016 648
;

param:   cost_bundl  marginal :=
1 192 71
2 106 201
3 208 85
4 80 187
5 181 201
6 196 210
7 38 134
8 81 208
9 160 179
10 127 120
11 167 167
12 149 123
13 145 181
14 168 174
15 139 185
16 133 128
17 124 188
18 186 82
19 167 167
20 141 93
21 140 91
22 108 180
23 163 118
24 205 151
25 178 124
26 116 203
27 161 197
28 81 133
29 105 208
30 72 81
31 87 116
32 129 109
33 124 180
34 182 199
35 203 196
36 156 194
37 180 132
38 116 211
39 184 102
40 112 119
41 133 136
42 163 175
43 183 155
44 188 163
45 192 191
;
param: buyer budget :=
  0 999
  1 415
  2 2247
  3 3083
  4 2230
  5 2955
  6 198
  7 1661
  8 553
  9 2421
  10 713
  11 1006
  12 1436
  13 2820
  14 294
  15 1430
  16 2649
  17 834
  18 1846
  19 494
  20 1673
  21 2373
  22 986
  23 1960
  24 1308
  25 2084
  26 187
  27 1795
  28 2105
  29 2640
  30 472
  31 73
  32 184
  33 1792
  34 2165
  35 549
  36 1303
  37 952
  38 1295
  39 2120
;
param num_partition :=
3
;
param: item partition_index cardinality :=
0 0 29
1 0 10
2 1 3
3 1 35
4 1 34
5 1 21
6 1 24
7 1 19
8 1 29
9 1 5
10 1 35
11 1 4
12 1 14
13 1 27
14 1 13
15 1 22
16 1 11
17 1 25
18 1 7
19 1 11
20 1 39
21 1 13
22 1 31
23 1 18
24 1 10
25 1 2
26 1 4
27 1 23
28 1 39
29 1 30
30 1 8
31 1 35
32 1 29
33 1 11
34 1 14
35 1 5
36 1 5
37 1 34
38 1 25
39 1 25
40 1 17
41 1 6
42 1 16
43 1 1
44 1 37
