param num_bundles := 45;

param num_cust := 40;

param price_reserve :
   1 2 3 4 5 6 7 8 9 10 11 12 13 14 15 16 17 18 19 20 21 22 23 24 25 26 27 28 29 30 31 32 33 34 35 36 37 38 39 40 41 42 43 44 45 :=
1 1315 926 1487 521 1240 836 1056 1414 177 352 1193 1476 1155 753 870 1101 712 1290 1176 1478 1044 1365 1472 1284 1256 1384 852 1461 790 200 1087 456 904 701 964 1185 1450 1385 1205 1234 1172 1249 384 820 866
2 721 577 576 1089 477 580 520 429 384 861 748 979 1092 450 91 916 1110 933 1068 460 136 832 974 1164 1075 433 364 773 899 810 440 1143 1160 1018 1177 1039 803 1046 1103 928 174 1072 655 634 787
3 963 794 401 912 873 1046 422 1059 347 182 921 1013 361 917 1247 1058 371 1028 509 926 1095 1244 427 723 900 1060 673 202 1081 678 710 1210 909 1139 1132 777 880 502 878 1028 586 955 969 1246 1157
4 1097 96 610 316 888 1204 515 508 980 964 1282 873 1262 679 1210 300 776 1234 1085 763 886 1005 1125 1042 1136 1213 1281 354 714 1265 1241 1245 1231 994 1108 461 939 820 1186 1209 1195 250 1187 767 834
5 790 317 795 569 657 769 684 851 845 358 444 645 810 316 426 658 724 639 842 870 865 824 887 414 600 44 478 215 918 850 146 125 942 718 505 466 176 886 505 888 931 861 549 171 631
6 145 847 666 63 810 631 842 394 609 735 846 746 570 574 767 624 459 811 651 719 556 697 483 211 782 807 565 550 664 647 146 698 134 562 311 809 747 803 286 240 564 660 457 557 512
7 296 415 249 179 419 312 358 390 126 273 231 252 315 401 248 343 171 159 382 388 327 241 238 178 348 336 230 135 361 325 73 180 375 326 202 386 354 381 329 81 416 194 421 373 406
8 602 627 603 684 138 642 594 724 948 740 677 648 741 515 309 806 984 281 691 659 570 201 685 433 904 659 265 802 703 847 638 864 727 772 426 748 774 733 915 1002 526 938 942 88 500
9 441 492 221 249 280 463 413 222 478 418 366 496 439 217 459 345 331 409 177 84 349 412 427 178 276 203 331 153 225 281 331 150 170 405 496 476 275 384 456 175 259 475 262 493 445
10 785 444 990 1083 1281 1073 450 793 700 993 1372 770 1276 534 1130 717 870 1063 1273 1047 1185 499 637 1232 1004 501 146 729 383 989 1265 754 1038 1016 1061 1025 688 1065 958 1186 1074 1194 1175 1329 1280
11 528 428 119 391 433 690 425 501 571 209 679 225 750 730 377 249 712 627 656 653 319 719 692 727 285 409 424 237 606 232 368 491 105 600 452 438 734 440 582 480 376 185 542 580 177
12 951 285 698 864 715 757 775 887 578 554 708 364 718 676 420 443 902 121 876 898 748 791 761 965 393 411 838 547 820 843 710 289 1006 886 722 858 743 723 373 821 794 514 1018 768 651
13 133 1079 898 1031 223 747 416 1126 911 1042 734 1116 1081 1214 1013 545 364 903 555 577 920 840 717 946 1242 1129 937 939 876 491 257 795 460 1226 827 893 1118 806 965 755 483 449 1138 1117 699
14 977 618 424 668 1094 1102 255 769 423 828 1032 584 787 652 947 758 802 774 1033 696 1080 774 749 929 176 593 285 889 1076 636 919 533 1012 941 1030 664 340 394 621 378 1091 880 752 1080 1079
15 1030 1097 508 1292 452 960 576 451 1018 94 1172 1126 592 933 1304 1264 1212 599 220 656 835 1042 1144 1256 405 1185 435 1253 639 819 983 1234 509 693 942 1122 1313 1165 1098 1284 642 275 1297 1157 1242
16 212 640 636 671 849 785 910 433 164 287 787 961 975 556 993 703 337 163 279 879 975 747 436 323 668 738 910 902 579 832 217 965 110 496 975 942 890 636 724 867 379 889 464 176 744
17 304 528 414 522 743 794 740 455 562 696 249 546 811 704 637 783 525 429 618 726 735 242 745 597 575 716 649 511 831 827 713 436 619 229 328 754 496 467 700 745 391 646 237 820 289
18 481 1256 1346 1559 741 1203 1616 1542 1236 1357 1616 1164 308 1087 453 1121 1492 1596 379 992 1298 1375 1039 223 1579 1224 1106 1013 1073 1195 1526 910 1251 1232 708 969 1475 795 774 1076 1282 1116 355 1229 577
19 392 412 746 689 554 872 765 275 607 831 504 204 184 946 901 340 673 418 133 379 556 767 324 867 400 861 848 331 592 890 416 800 512 635 887 107 622 635 696 601 884 473 773 634 582
20 1102 1194 1267 1096 1339 1314 1045 890 482 611 314 723 1296 738 1222 1333 703 849 1184 935 1041 1275 888 937 901 862 1084 806 709 944 260 657 943 656 1212 1026 667 1027 951 1008 954 1154 1051 434 1062
21 484 474 319 197 228 364 154 452 270 487 402 313 456 508 409 400 280 269 282 510 125 304 110 414 129 404 171 193 440 141 389 268 454 426 163 502 465 425 358 341 430 347 415 392 177
22 777 233 329 698 873 1069 863 884 681 851 576 412 1056 884 1068 608 386 852 911 148 850 701 882 901 544 624 1017 438 290 708 520 1040 1008 176 945 675 279 574 781 782 945 211 678 668 401
23 797 896 828 1094 835 931 174 361 748 824 1054 644 87 343 854 1072 386 382 375 1067 937 959 1038 996 1057 519 600 619 821 601 751 992 679 822 1041 1088 775 1067 865 1011 1084 969 1093 750 269
24 1270 550 529 1046 198 496 974 961 1249 186 1292 1196 900 369 1118 243 960 1203 486 1007 817 1002 718 547 509 1003 532 1258 1288 936 1248 397 1140 1037 185 1102 1120 949 821 430 1179 1182 792 240 1237
25 446 85 247 474 99 691 644 223 639 577 700 609 629 701 435 671 486 292 427 377 422 717 666 460 410 182 344 601 648 688 708 602 113 526 588 465 707 642 495 270 301 442 696 211 718
26 203 329 279 282 60 82 317 477 202 175 446 508 133 470 183 429 110 459 449 350 141 479 357 474 426 311 489 435 204 342 424 42 438 141 441 245 244 361 373 509 385 345 237 111 393
27 1410 1100 642 1127 603 1372 1283 688 1253 1359 1418 413 1024 1398 881 405 685 1220 1352 636 597 970 226 1297 688 607 1376 1200 1112 611 1154 1401 1332 1004 486 1068 795 703 129 1423 937 1273 1236 442 541
28 689 268 875 1016 763 770 847 1011 643 590 998 676 858 324 749 932 1025 702 779 325 762 872 722 794 884 966 422 353 810 677 849 427 497 782 417 336 599 922 1014 891 699 661 807 815 786
29 1369 873 809 1412 1514 1262 1449 963 1253 1419 505 951 1198 975 524 1238 1457 1192 1309 1393 598 875 1100 733 1280 429 1458 1428 685 1208 441 770 752 706 819 830 1113 395 1062 837 1324 477 1006 767 1365
30 862 825 958 603 354 840 866 409 744 536 392 582 802 191 868 847 683 934 829 712 463 1014 957 981 796 653 960 257 649 989 721 738 786 67 870 660 841 940 793 261 522 818 702 446 926
31 1054 1042 994 618 817 1143 1481 1030 1525 1059 1247 1068 748 578 440 1151 1517 1309 1425 22 1043 1502 1535 1105 183 1382 1081 965 911 1490 453 1470 1133 1511 114 1083 1397 1411 712 1468 1107 780 821 1015 1386
32 974 394 1010 1068 322 1300 821 1045 1062 379 1272 1104 1138 1282 846 482 1130 865 839 737 177 628 1097 611 435 1121 1022 483 854 1152 1178 457 1047 1128 130 570 969 816 1030 892 975 795 853 577 542
33 730 684 386 720 707 357 400 667 422 259 495 681 598 162 635 522 357 759 464 399 782 543 825 262 781 628 489 640 860 414 290 494 594 253 622 657 450 867 564 857 680 730 582 193 750
34 414 399 607 198 451 395 670 633 603 550 685 604 618 443 181 668 679 265 395 285 311 357 568 340 379 593 693 616 660 405 337 351 667 573 703 538 608 616 208 286 706 660 533 324 493
35 1383 781 1493 1526 1458 1362 1000 402 1310 766 573 984 1220 651 1408 1471 1524 914 931 1488 391 70 1524 1246 761 1431 1161 1210 167 600 906 123 890 1202 1362 319 256 1538 1310 1510 1390 316 1419 132 1392
36 136 96 331 210 252 402 319 206 405 273 231 399 258 350 341 367 401 276 198 75 266 139 326 81 161 391 108 261 211 308 334 188 353 90 415 230 194 178 322 47 74 407 419 62 369
37 358 240 317 291 322 326 360 126 85 362 244 419 400 99 312 150 302 24 347 190 181 334 325 409 198 356 307 274 355 293 404 221 341 232 420 294 283 338 164 301 349 292 407 245 404
38 1347 631 305 1144 849 1081 782 758 1216 1320 1103 864 1195 516 1375 1285 721 425 1244 436 814 942 787 1291 731 1308 1041 729 957 1099 1169 1190 1083 1127 309 207 897 616 831 833 1335 814 1356 1182 1120
39 1229 1086 1277 1242 881 1074 602 788 779 1268 935 866 1033 571 1103 1154 1283 1221 1123 1199 1164 662 1291 887 1225 27 604 594 1148 1113 663 1172 886 1173 972 772 843 234 1088 891 1079 859 679 685 985
40 869 644 714 552 744 534 748 886 937 728 881 575 724 878 829 664 1072 880 973 925 1039 998 1073 1097 1034 895 317 608 458 839 616 894 1007 357 660 976 1114 869 166 1092 593 994 679 843 1134
;

param:   cost_bundl  marginal :=
1 111 190
2 182 126
3 149 125
4 122 204
5 147 194
6 206 141
7 169 196
8 193 188
9 152 151
10 176 105
11 123 211
12 209 210
13 207 163
14 116 149
15 193 179
16 79 154
17 124 138
18 189 183
19 159 202
20 51 189
21 114 80
22 131 80
23 115 67
24 182 131
25 177 133
26 206 125
27 200 161
28 67 154
29 126 198
30 130 100
31 184 197
32 97 154
33 209 172
34 100 206
35 84 59
36 150 153
37 177 135
38 159 67
39 72 175
40 139 67
41 201 140
42 96 179
43 127 165
44 62 206
45 91 141
;
param: buyer budget :=
  0 381
  1 661
  2 325
  3 540
  4 2696
  5 1872
  6 2295
  7 1255
  8 100
  9 1856
  10 1596
  11 1016
  12 795
  13 2226
  14 1715
  15 2404
  16 1431
  17 2461
  18 2452
  19 1756
  20 2367
  21 1492
  22 2165
  23 2010
  24 476
  25 447
  26 3208
  27 3189
  28 427
  29 2005
  30 1811
  31 2197
  32 2150
  33 2432
  34 625
  35 574
  36 2871
  37 436
  38 245
  39 1256
;
param num_partition :=
3
;
param: item partition_index cardinality :=
0 0 24
1 0 8
2 0 19
3 0 7
4 0 10
5 0 34
6 0 27
7 0 24
8 0 24
9 0 1
10 0 9
11 0 35
12 0 19
13 0 38
14 0 3
15 0 20
16 0 2
17 0 6
18 0 27
19 0 16
20 0 13
21 0 23
22 1 17
23 1 22
24 1 20
25 1 2
26 1 37
27 1 4
28 1 20
29 1 15
30 1 17
31 1 8
32 1 6
33 1 6
34 1 21
35 1 23
36 1 4
37 1 35
38 1 34
39 1 16
40 1 3
41 1 28
42 1 22
43 1 33
44 1 15
