param num_bundles := 45;

param num_cust := 40;

param price_reserve :
   1 2 3 4 5 6 7 8 9 10 11 12 13 14 15 16 17 18 19 20 21 22 23 24 25 26 27 28 29 30 31 32 33 34 35 36 37 38 39 40 41 42 43 44 45 :=
1 646 424 248 448 378 970 765 932 213 837 735 947 574 445 421 893 862 515 311 753 915 265 927 547 461 510 552 630 880 570 462 386 859 689 956 791 381 805 783 308 798 216 691 224 694
2 963 532 899 644 886 159 1040 548 967 1028 341 667 1019 611 652 284 979 1028 336 508 178 902 818 937 1027 947 978 579 847 940 410 263 567 386 725 983 942 823 862 445 1038 513 201 990 678
3 542 489 528 540 223 462 460 333 355 481 530 358 277 444 312 530 93 346 63 419 67 172 265 434 102 487 185 102 330 307 546 469 468 167 486 318 553 528 134 489 120 148 509 335 410
4 367 26 236 333 205 308 401 322 300 194 178 217 334 207 361 411 371 382 234 355 240 115 313 263 240 120 354 418 277 198 389 363 403 117 275 369 280 420 395 312 220 390 323 167 281
5 684 381 450 873 604 790 850 946 732 912 742 794 714 641 729 303 970 306 885 894 744 872 836 308 769 662 794 819 917 113 598 625 672 303 293 798 822 280 211 841 965 890 538 535 360
6 1030 1131 302 1411 532 1331 996 1298 1205 1031 362 385 1373 733 1159 1318 934 561 1245 1087 446 595 1335 808 903 709 1194 336 1378 1129 1118 663 1118 219 345 1245 1152 822 853 733 1339 1056 424 1143 901
7 939 590 1011 754 515 1041 228 1104 1148 878 1090 880 655 1107 899 835 897 769 1048 567 844 387 986 905 560 709 772 1053 860 561 994 541 1137 858 1094 1001 457 1031 947 1055 573 1049 1168 767 918
8 1189 1221 202 858 1248 1341 1295 1445 1230 648 1138 938 944 1220 1404 1297 1012 1209 551 1366 283 753 1327 1173 1222 1280 1172 744 918 1104 717 905 1398 1207 1006 844 1188 930 614 1215 786 1337 134 1456 773
9 636 1052 733 464 327 738 1436 637 1451 1395 635 875 1321 1347 863 1477 773 983 49 1330 835 1334 731 760 872 1052 1193 1449 1332 1052 677 1181 769 1443 966 518 879 899 641 1035 1412 428 1141 62 1347
10 671 826 440 900 473 624 1120 987 432 620 1079 1153 739 600 790 834 98 1196 1132 535 487 824 550 969 465 875 1074 870 870 893 410 1204 956 941 374 835 991 1003 1098 1005 718 991 783 700 1072
11 385 416 166 86 331 348 198 295 48 402 89 173 387 15 219 343 307 409 286 154 423 400 377 282 132 69 50 124 105 296 401 386 417 312 412 23 151 264 334 375 206 215 403 361 352
12 961 644 841 907 625 889 935 469 61 524 879 644 714 515 627 732 462 771 151 626 852 593 925 166 590 947 691 723 808 653 178 687 669 951 313 760 724 533 261 684 927 675 758 581 357
13 487 162 592 243 603 628 245 275 422 507 290 152 446 627 458 519 240 382 630 248 626 576 541 355 368 550 185 469 508 572 18 609 472 407 378 566 558 162 561 456 167 576 534 324 365
14 993 864 999 638 491 1000 500 416 636 763 561 637 325 946 795 648 808 848 842 623 974 145 1010 512 743 299 549 1022 684 853 938 840 834 872 826 846 737 648 511 211 987 579 905 605 65
15 572 1108 573 754 617 587 1084 1497 1291 789 704 1185 1190 944 1187 1150 1229 845 1427 497 756 1475 1368 1572 912 1231 1405 1484 1466 509 1463 1579 1355 1174 1147 594 827 1491 1085 938 517 1418 1530 1499 1299
16 169 198 52 211 154 162 95 138 148 119 142 121 140 127 107 161 193 113 210 206 142 186 190 177 133 197 193 186 187 25 193 74 137 174 192 205 93 208 123 205 140 195 194 98 150
17 459 421 450 505 508 430 236 197 504 129 568 340 437 386 541 229 293 529 239 452 596 305 488 187 311 555 301 465 577 439 199 440 425 517 427 470 587 509 433 434 458 540 554 557 494
18 964 516 946 1055 671 623 693 719 398 990 571 880 43 1077 1041 446 1098 373 810 858 990 602 1004 679 607 953 1044 691 721 1108 990 1033 1079 624 453 975 852 946 1103 517 1044 1073 541 550 597
19 82 683 777 880 979 895 698 1120 1103 982 744 974 262 992 70 1019 865 1063 685 564 591 959 887 1023 847 322 961 616 1080 1102 539 166 993 900 943 967 822 990 1122 973 1145 312 514 616 772
20 899 623 803 782 951 397 790 862 656 970 446 911 691 701 802 676 805 144 420 879 596 640 235 233 804 850 700 850 738 251 491 848 294 851 517 837 842 511 697 730 929 182 972 545 553
21 922 497 237 110 894 938 788 574 814 528 679 758 759 764 368 481 277 268 645 869 890 877 765 597 758 714 362 182 798 537 253 947 537 331 567 780 569 891 588 510 473 696 540 413 812
22 332 258 349 287 220 365 128 187 453 465 213 401 357 189 146 498 430 300 272 481 146 478 350 161 341 497 453 245 252 376 460 317 393 318 469 455 259 434 350 377 500 121 384 372 145
23 260 875 1043 1266 631 1159 454 816 1262 813 496 1099 998 1183 1230 1060 971 580 32 262 734 875 640 1269 1221 486 949 363 837 809 758 1032 265 1090 275 594 503 532 218 425 989 1199 765 1139 435
24 1210 697 696 1116 717 557 812 934 687 869 1285 1348 857 715 1246 1178 929 904 837 610 103 1183 1115 1119 608 1335 184 1403 1141 721 618 1249 676 635 1001 869 287 405 1158 219 531 1058 831 715 1328
25 873 1158 177 633 825 685 1047 372 614 349 293 296 383 889 1037 1117 801 513 921 1094 1061 1025 1022 743 1098 1131 915 942 1185 714 988 688 1165 462 621 885 503 1087 528 736 323 1075 1020 474 855
26 1111 1105 649 1095 1020 952 510 926 1039 853 1018 1127 536 1191 835 970 174 626 522 1186 1174 951 649 1046 1077 466 253 1166 400 594 1142 654 738 716 1160 62 400 596 163 687 1136 319 385 797 351
27 1031 1057 948 766 507 1114 358 493 1056 1175 743 314 797 981 1155 933 331 476 836 1175 921 1161 1170 1023 491 1121 607 939 994 310 1067 1105 651 494 1131 100 922 874 432 981 1120 1024 892 961 494
28 1265 748 1496 1318 1433 963 575 1307 402 1102 1432 1316 1035 1258 1095 1213 488 875 1224 847 1420 1236 1128 941 1480 1401 1216 1382 649 670 192 1131 1329 460 1480 597 384 1002 1142 1217 1062 309 906 1345 1162
29 228 492 493 339 329 491 443 191 229 122 164 250 482 474 117 376 386 364 445 454 298 65 409 170 362 413 480 296 329 36 472 486 318 222 255 477 335 435 434 347 237 265 473 436 458
30 559 520 1186 1183 1270 333 1056 1460 1174 695 115 1243 687 867 1087 1274 690 1272 543 782 1365 1317 490 1423 845 1259 956 1379 827 727 885 984 1392 1115 1081 1130 1188 1256 1404 1065 1399 430 168 1188 1069
31 342 644 615 554 570 624 660 131 628 646 381 591 657 651 395 684 524 425 357 141 524 717 771 748 510 624 753 663 388 733 732 766 631 279 545 177 587 559 345 610 83 486 533 534 703
32 230 1111 535 652 1024 1035 1133 974 427 93 423 851 971 984 1160 747 1017 637 1134 1146 888 264 709 1125 453 1165 658 1025 905 652 988 1074 774 790 414 1108 571 1106 992 480 741 876 1026 649 573
33 518 117 1276 1195 963 1164 1278 900 912 1307 417 910 675 1212 1204 1207 1032 1070 1098 860 1122 712 1056 923 1224 1061 839 360 1263 1172 1003 938 1308 970 323 1105 524 757 964 685 1114 716 1125 377 946
34 1343 1109 1293 1224 360 1044 1297 1471 216 996 846 1323 1309 1199 1016 1268 976 1309 1477 1395 1008 427 1482 1306 480 1080 1472 784 805 1077 852 1024 1323 960 1084 959 1458 1431 1395 1284 1048 1313 869 1426 764
35 836 832 225 850 545 353 628 673 982 506 763 622 756 538 1046 840 344 959 385 859 805 349 387 574 1025 1000 970 901 191 977 1015 322 688 553 576 1036 845 650 271 275 261 523 969 661 392
36 48 209 143 106 120 102 150 88 207 165 116 113 148 156 81 28 140 179 168 165 185 138 79 68 140 124 170 150 163 199 18 158 196 58 170 152 107 122 145 198 173 187 91 84 120
37 788 725 836 801 705 650 935 442 570 400 564 67 532 607 519 528 615 920 890 927 358 325 665 423 804 429 804 457 630 619 591 910 700 399 118 826 290 742 682 929 372 762 912 875 635
38 1019 630 1057 661 1079 1024 963 239 991 95 222 1076 833 577 1027 926 776 540 613 1085 422 942 294 222 1051 647 608 786 758 943 559 524 437 944 918 160 981 300 561 1080 310 967 648 366 720
39 949 1494 565 1486 1097 811 1126 1004 872 1370 1231 1149 459 1422 375 1215 978 884 710 1237 1123 726 242 891 1042 946 1114 1067 1307 900 928 1477 1395 583 819 802 1089 1457 1135 1403 1447 703 1488 1481 1354
40 1361 666 652 414 1165 1443 1065 1142 1206 1128 626 811 1441 671 726 1490 1120 552 1074 1344 1427 174 1254 686 748 1372 455 1262 759 337 948 918 1261 864 254 1070 911 1276 1117 1023 1003 1042 395 926 1206
;

param:   cost_bundl  marginal :=
1 85 66
2 9 51
3 202 201
4 102 78
5 77 185
6 86 137
7 207 145
8 148 203
9 135 142
10 167 206
11 72 136
12 208 132
13 40 49
14 201 123
15 72 23
16 206 165
17 112 97
18 165 89
19 198 99
20 170 80
21 124 198
22 81 59
23 113 181
24 194 107
25 200 198
26 132 191
27 155 39
28 96 135
29 205 98
30 81 164
31 162 167
32 173 84
33 210 167
34 125 204
35 95 102
36 126 158
37 188 166
38 134 168
39 196 137
40 41 57
41 122 198
42 190 64
43 110 144
44 109 196
45 168 43
;
param: buyer budget :=
  0 204
  1 2072
  2 2905
  3 3083
  4 1779
  5 2311
  6 2562
  7 659
  8 1728
  9 1568
  10 2555
  11 1960
  12 457
  13 704
  14 2825
  15 690
  16 135
  17 252
  18 1620
  19 1376
  20 770
  21 2993
  22 2759
  23 1776
  24 2101
  25 2984
  26 566
  27 1400
  28 1184
  29 1334
  30 2007
  31 3039
  32 1693
  33 244
  34 2776
  35 3044
  36 2144
  37 733
  38 1919
  39 1579
;
param num_partition :=
3
;
param: item partition_index cardinality :=
0 0 10
1 0 23
2 0 27
3 0 24
4 1 25
5 1 4
6 1 39
7 1 24
8 1 15
9 1 12
10 1 24
11 1 1
12 1 21
13 1 12
14 1 10
15 1 6
16 1 25
17 1 34
18 1 22
19 1 12
20 1 26
21 1 34
22 1 36
23 1 37
24 1 14
25 1 19
26 1 3
27 1 17
28 1 10
29 1 13
30 1 21
31 1 21
32 1 16
33 1 3
34 1 10
35 1 5
36 1 23
37 1 31
38 1 37
39 1 7
40 1 2
41 1 27
42 1 15
43 1 14
44 1 24
