param num_bundles := 45;

param num_cust := 40;

param price_reserve :
   1 2 3 4 5 6 7 8 9 10 11 12 13 14 15 16 17 18 19 20 21 22 23 24 25 26 27 28 29 30 31 32 33 34 35 36 37 38 39 40 41 42 43 44 45 :=
1 1233 1459 1171 1271 1411 1465 1307 1416 864 733 1508 1327 663 1458 1329 1218 1221 1264 925 1047 820 372 1049 1313 810 1392 1122 1052 1249 1486 435 1093 565 1480 684 1183 153 846 612 170 1561 1077 1563 792 731
2 71 440 449 508 391 509 331 58 416 466 267 234 441 376 312 438 329 218 479 474 491 353 378 440 377 358 243 117 452 270 305 384 475 331 131 395 218 250 501 342 22 442 436 293 452
3 1329 1462 1138 1373 1453 1353 191 1304 1160 1397 345 1264 1291 1048 1361 998 676 640 486 573 1455 347 525 923 1455 1393 1146 853 725 861 1419 1286 1477 1457 1367 1225 1159 722 375 316 1120 520 1356 713 1308
4 412 910 850 801 1267 852 895 1292 1027 752 730 305 1233 327 1137 1246 1097 1119 1306 1316 754 1220 1186 947 723 1079 1010 1062 987 1358 1054 910 587 475 319 1073 1107 925 470 1297 982 1203 660 317 247
5 1271 945 668 1296 1040 749 1059 999 959 895 678 671 566 1331 1164 982 291 820 720 492 684 643 1009 406 1267 1324 1256 767 627 1170 601 958 855 1272 808 183 625 1288 1248 1136 1111 1198 480 544 1099
6 537 287 514 989 697 810 1109 810 885 1029 1030 914 754 919 1022 738 660 601 876 626 971 594 689 506 765 1020 411 1033 1035 862 539 1072 1092 419 1061 936 911 303 429 370 696 669 325 951 671
7 1366 772 432 742 1102 1039 1122 553 1219 215 910 1168 695 1113 937 1228 1122 883 673 1195 612 1371 757 1150 1353 579 1341 1137 187 1269 1182 295 1154 791 1149 414 522 365 1304 1207 1300 1251 1125 654 715
8 988 874 608 402 827 691 760 861 952 793 324 399 655 413 786 882 984 777 610 989 765 302 571 984 998 325 825 902 549 802 955 426 570 611 827 298 915 410 817 134 625 278 317 132 456
9 810 1077 1106 1428 957 610 528 391 1314 1255 1372 1134 1007 1131 1258 653 1179 890 1281 1444 1254 1216 92 1059 1025 1369 1270 782 1352 365 1253 300 1329 1132 630 1306 1182 1159 1366 867 903 559 403 975 1119
10 716 667 285 673 705 462 652 241 239 660 366 809 846 770 799 719 761 399 787 762 615 779 609 402 659 847 399 498 700 730 821 313 721 329 476 819 464 646 349 175 832 651 788 458 735
11 276 1117 746 826 913 813 728 539 1259 667 1189 1184 208 807 1057 707 949 808 1267 913 1219 1286 860 918 298 1244 845 951 891 1034 790 1117 259 1192 1151 1210 57 176 849 916 1037 1253 1241 735 693
12 995 431 1023 1333 645 1216 1371 1236 1470 1003 953 1282 501 1051 450 1140 1437 737 237 24 1256 471 968 1015 518 470 1515 1198 907 1433 1250 781 978 1510 464 852 1465 348 1476 1032 1112 1352 1418 1308 1278
13 1318 1473 732 1256 792 1356 1146 1301 1154 1198 1151 491 279 1118 849 713 1245 1510 932 1433 597 1445 1083 803 1440 698 1019 496 634 1475 853 71 643 708 605 771 1180 1098 959 1124 1517 526 1156 1404 650
14 913 910 1062 898 839 1006 827 843 1144 1401 951 887 126 1345 629 862 780 808 963 559 1417 301 47 1120 638 846 716 576 1360 746 1398 989 1336 854 536 1157 922 353 401 991 1300 472 1362 1190 583
15 939 79 698 783 1002 587 1092 203 839 752 941 988 225 855 909 252 713 821 970 269 855 306 881 945 386 441 595 968 956 1064 265 795 350 844 989 607 946 897 603 997 1107 483 633 894 586
16 119 804 339 810 666 756 370 359 646 238 347 802 798 581 701 685 616 359 504 172 276 565 634 839 850 660 365 661 711 622 552 760 714 803 803 440 812 643 558 668 268 488 757 510 613
17 997 418 1032 1036 573 473 845 991 1113 966 1098 728 903 975 1076 1061 846 1063 1060 1045 613 711 609 768 1110 987 872 719 1108 402 1049 590 807 209 323 1037 885 1047 805 847 516 708 888 957 521
18 603 353 675 315 566 339 481 350 449 438 294 367 532 337 137 144 572 170 548 678 681 495 132 495 243 430 642 458 148 554 627 655 576 387 411 474 451 627 486 492 439 213 257 666 410
19 700 119 646 586 215 258 545 282 616 29 459 289 791 454 757 717 447 422 496 680 495 770 385 473 230 437 593 731 412 365 769 529 455 710 468 395 106 680 723 381 721 60 749 555 669
20 727 1065 925 1266 971 769 1090 1241 1321 775 1264 1187 1356 1360 582 1249 988 1218 1328 816 356 1207 1106 1288 1265 747 692 1283 1318 58 1137 1127 1357 1391 1311 792 733 1014 658 1332 858 932 1217 1063 998
21 671 1368 557 766 1405 1027 1372 526 653 1330 709 323 1071 1465 1229 1491 1403 1434 1252 1318 1509 549 751 965 1058 332 328 1102 177 146 593 1391 1015 894 1374 745 561 542 807 1114 1534 784 578 1205 1495
22 661 1325 1322 1067 1199 1291 734 897 872 1085 1409 420 1112 622 1250 1406 1109 444 1366 1337 1059 1022 1020 821 270 840 540 307 596 1290 942 733 1224 1341 1146 652 588 971 1275 883 1392 595 1124 1310 1010
23 762 764 842 1106 856 986 1066 1172 320 344 1029 334 1106 1069 538 546 1163 1056 590 1031 522 1036 1180 323 1128 458 1070 954 379 261 1141 797 894 841 181 771 864 1129 975 792 937 141 929 1022 1025
24 1011 1144 1201 1382 1145 755 1005 193 912 535 915 1377 754 812 1227 1234 883 1262 1146 662 1249 1132 1271 723 660 1240 1262 1223 210 952 1338 974 1463 117 1087 1262 1225 1054 231 787 568 1187 1416 1310 1308
25 379 151 381 303 301 423 412 373 413 183 394 278 383 317 173 265 324 401 389 120 399 377 238 301 357 223 281 350 162 422 370 218 384 409 265 370 322 233 304 274 177 249 411 156 367
26 844 394 634 1157 1267 864 1169 578 1183 1265 885 442 517 1163 970 578 757 758 1251 1047 821 798 796 1097 703 1135 1046 1056 467 988 900 754 728 905 590 1233 1023 760 925 1166 298 1264 1015 1269 821
27 700 1172 1242 1001 897 891 868 331 997 1152 1005 856 953 1221 1079 1007 880 468 881 691 1043 901 1109 1216 1152 1039 659 483 773 249 354 977 1076 947 1245 1081 1053 636 1243 1184 518 935 357 1088 1036
28 1376 923 622 583 525 1466 1298 441 384 1119 1203 1264 669 1211 559 897 1181 791 734 1262 1360 1301 234 1459 706 1143 986 1247 1169 492 633 1035 834 1215 761 905 1463 1412 730 1164 1118 1447 771 574 886
29 650 1202 412 757 767 984 1243 1107 1145 972 1204 1122 1104 997 1088 1111 280 1139 1147 517 1244 626 513 965 951 1073 1202 940 1133 1090 397 690 1021 1181 680 1166 1073 868 1006 462 765 756 469 1038 1244
30 422 854 870 240 747 208 530 873 782 571 683 800 731 925 405 905 524 772 817 582 790 514 788 631 595 145 402 512 717 930 845 542 865 810 612 866 532 914 713 714 838 624 899 755 534
31 1202 1200 896 1282 739 1265 1369 1224 703 1124 1339 636 1138 1505 1360 732 669 851 861 1046 804 631 1327 1308 1251 1024 851 1270 1023 283 1342 472 1088 838 633 1273 1213 977 1005 1482 772 1161 446 1433 1232
32 711 959 1112 1003 472 683 1201 121 1329 1107 828 1039 597 1131 700 918 1096 1274 1086 1391 759 827 805 793 858 411 539 1183 804 1170 1390 155 707 1269 1360 1346 1129 997 779 1272 604 1169 1005 879 970
33 521 480 517 415 351 321 311 325 135 563 398 458 358 365 212 149 108 361 250 401 546 457 240 279 227 573 362 474 569 232 455 175 124 207 493 237 541 354 395 467 558 161 85 509 447
34 198 808 356 400 201 305 640 97 732 607 843 749 431 462 816 203 362 729 474 549 625 790 567 471 837 585 407 664 673 818 422 381 581 589 710 423 652 811 773 732 724 669 588 405 240
35 958 1175 865 1269 415 980 172 1264 312 1319 1387 937 1271 1355 1186 1240 482 115 1090 631 759 1363 162 1209 564 1464 1188 1266 620 589 279 1243 623 839 1456 583 439 617 280 276 280 1305 1071 1328 1234
36 646 124 759 1302 970 365 818 868 1257 922 1204 512 266 168 1159 1320 1034 893 1362 949 451 884 1267 1052 1363 751 704 525 1102 1295 510 1192 126 911 1061 1150 950 1359 1174 723 747 754 523 1026 1238
37 1050 614 1104 689 986 447 1087 1228 1293 525 734 1073 1100 1212 1265 1201 1246 1210 636 679 901 730 1040 1108 1222 84 1028 647 1158 872 1232 890 929 1233 891 982 1064 1106 617 339 287 727 947 519 1188
38 1520 615 1194 1557 1456 603 773 1451 1566 1115 1534 969 1540 575 1110 505 524 1551 275 1409 1306 1304 1541 1342 1009 1345 1444 1248 500 1021 202 951 1186 1215 1204 939 1045 686 1565 1017 968 1097 1436 1106 510
39 1507 1495 866 275 0 1462 1156 1515 1443 911 1115 1526 1050 1473 1107 1122 1431 1453 932 1350 871 989 620 784 1479 921 1175 1405 1182 1184 1168 1598 1589 935 1381 1092 1247 1429 1450 428 837 667 563 1444 1435
40 321 1057 943 908 1171 1028 1194 256 621 1120 894 761 1086 433 859 1079 1078 875 217 1006 1073 960 888 888 1204 990 305 855 1043 716 356 837 1188 446 883 1013 938 706 390 978 669 1087 1152 1161 616
;

param:   cost_bundl  marginal :=
1 183 81
2 43 120
3 105 156
4 149 52
5 191 85
6 161 178
7 193 118
8 110 191
9 95 120
10 148 104
11 154 201
12 150 194
13 192 99
14 115 124
15 176 58
16 176 84
17 149 166
18 159 132
19 130 152
20 148 193
21 188 183
22 123 78
23 149 98
24 207 211
25 63 154
26 199 174
27 200 110
28 71 208
29 188 168
30 116 174
31 139 146
32 205 110
33 160 196
34 166 151
35 66 144
36 66 15
37 196 166
38 207 86
39 180 66
40 155 184
41 104 177
42 164 142
43 183 174
44 68 166
45 113 103
;
param: buyer budget :=
  0 1486
  1 895
  2 1554
  3 976
  4 2930
  5 1352
  6 193
  7 1855
  8 2030
  9 799
  10 2323
  11 2848
  12 835
  13 2884
  14 900
  15 349
  16 310
  17 2828
  18 440
  19 1983
  20 397
  21 1673
  22 135
  23 2393
  24 1666
  25 437
  26 2941
  27 1712
  28 3019
  29 2991
  30 1639
  31 2219
  32 2376
  33 2510
  34 2846
  35 1693
  36 970
  37 236
  38 2959
  39 1157
;
param num_partition :=
3
;
param: item partition_index cardinality :=
0 0 7
1 0 9
2 0 38
3 0 16
4 0 3
5 0 6
6 0 29
7 0 29
8 0 7
9 0 6
10 0 25
11 0 34
12 0 38
13 0 32
14 0 14
15 0 38
16 0 36
17 0 33
18 0 8
19 0 8
20 0 24
21 0 29
22 1 6
23 1 39
24 1 10
25 1 26
26 1 28
27 1 14
28 1 14
29 1 1
30 1 26
31 1 24
32 1 12
33 1 3
34 1 15
35 1 34
36 1 24
37 1 10
38 1 9
39 1 6
40 1 20
41 1 11
42 1 18
43 1 33
44 1 26
