param num_bundles := 45;

param num_cust := 40;

param price_reserve :
   1 2 3 4 5 6 7 8 9 10 11 12 13 14 15 16 17 18 19 20 21 22 23 24 25 26 27 28 29 30 31 32 33 34 35 36 37 38 39 40 41 42 43 44 45 :=
1 1082 623 1106 931 820 1121 889 823 685 1235 864 1259 1179 1100 930 953 992 1279 917 383 848 1004 715 1155 73 1309 440 1027 718 1261 901 526 1141 167 937 1127 835 338 922 1152 429 580 978 643 838
2 689 109 937 814 944 845 917 934 842 535 832 942 624 506 122 784 589 248 832 416 453 941 816 832 411 888 628 457 931 675 654 348 665 929 456 489 774 530 902 666 740 160 338 484 594
3 966 741 219 381 1151 1159 810 75 991 1038 933 333 1160 1001 984 798 1160 959 1055 917 1151 804 236 588 1101 363 497 336 820 434 785 787 1125 1056 621 925 1134 922 902 1106 1128 1086 1103 559 1091
4 287 1342 1246 1362 795 740 1086 754 1029 1359 717 1000 806 510 920 512 868 836 725 885 1170 1047 143 731 290 460 941 523 624 77 985 548 671 1230 1211 1112 930 1267 888 905 508 1148 948 972 1116
5 1055 928 614 925 790 324 449 658 967 892 722 955 555 94 914 922 665 757 446 869 212 980 452 1003 785 379 1060 448 484 875 972 959 268 717 122 350 708 1025 944 695 409 615 510 980 1032
6 643 446 617 636 524 421 748 859 511 574 672 785 770 827 572 142 669 674 232 260 685 831 481 620 190 667 616 304 747 530 511 799 733 582 858 806 633 597 547 809 642 472 747 487 776
7 827 855 956 1136 1035 1239 825 1238 1117 650 1068 1268 734 1195 1316 1365 1131 759 682 612 1328 507 449 1058 747 1185 960 221 881 1128 1308 832 586 1348 764 261 361 1377 1260 897 1123 853 539 562 362
8 879 793 874 799 393 408 307 707 569 385 849 704 616 869 555 715 771 865 758 750 791 384 689 913 616 580 806 803 810 576 614 813 883 300 788 866 765 534 886 784 837 54 621 907 757
9 1013 803 743 643 990 749 819 899 228 982 1007 707 1016 913 300 923 1000 1014 751 765 932 832 993 133 639 790 407 695 955 810 821 585 335 982 489 917 877 1030 990 359 697 1004 620 926 353
10 266 250 464 489 299 422 366 368 90 503 459 449 372 375 483 192 277 461 415 348 90 400 508 508 276 197 347 272 476 457 421 325 482 412 256 312 450 161 402 167 377 190 441 384 230
11 322 437 504 454 287 417 381 221 358 485 108 265 548 372 455 474 420 393 573 301 317 555 496 460 227 464 268 472 453 384 114 457 530 233 536 406 406 187 270 323 541 554 399 384 157
12 314 43 262 280 230 412 389 131 311 242 142 136 173 182 282 47 384 334 146 271 172 317 150 285 357 134 309 221 384 291 252 300 383 312 212 126 331 249 332 405 151 168 226 83 115
13 677 1199 1258 937 1289 314 845 1393 888 1250 1205 430 440 1409 1113 1471 943 1276 1179 1462 1499 1114 1238 1017 1245 986 958 1447 449 907 1148 1253 709 1206 1292 1464 872 538 112 1416 1110 1219 1207 1447 909
14 1298 639 1182 1007 706 1417 1258 1173 690 1308 1284 1341 722 894 1343 1109 1234 614 623 773 394 840 1225 784 803 1101 1311 1215 1364 809 1437 912 149 1295 733 546 524 1355 1318 1341 1245 476 867 1346 1400
15 123 696 1005 990 181 807 1024 1111 340 347 1275 279 354 1039 726 1409 1301 887 1314 1074 438 1349 1264 858 1371 868 752 1417 1198 805 1013 1267 1004 1217 471 1339 393 1391 614 953 238 1244 1443 615 1361
16 309 644 1273 747 898 1008 910 1214 820 611 900 237 915 868 785 1100 632 1308 1160 985 1084 1145 1311 1109 1034 483 872 827 1311 1298 833 1151 1199 1310 734 812 1176 228 671 761 502 321 1250 874 681
17 1112 379 743 1036 499 1091 948 652 463 243 792 871 557 267 136 522 767 839 302 422 1133 821 977 732 643 691 1065 711 732 911 426 517 1057 787 909 1014 480 962 177 954 939 955 669 1095 1015
18 373 776 602 156 325 841 359 787 643 767 394 839 399 396 473 783 695 438 802 266 573 814 780 395 581 850 499 638 329 531 791 322 318 881 401 550 165 871 611 631 742 453 194 424 382
19 1050 848 809 727 771 891 911 899 429 967 603 919 952 798 450 556 761 945 643 910 483 281 831 514 1076 265 1053 1061 646 432 955 369 714 589 339 855 1087 904 1060 40 723 62 720 741 370
20 360 872 480 192 732 721 419 762 762 807 999 765 749 646 618 286 762 926 616 755 397 434 569 609 817 883 938 311 680 443 1003 139 573 755 913 748 624 1000 158 44 534 716 817 868 926
21 515 753 1174 1209 953 871 495 1237 1205 1116 1132 1274 100 1284 1271 1061 873 781 1022 552 1084 865 1024 782 897 905 995 630 966 1166 1244 824 1176 842 390 1278 1115 853 1098 731 842 1107 941 1289 464
22 1187 877 287 753 1266 460 1261 845 485 1185 593 883 878 291 719 1269 1096 1312 858 1162 555 654 822 1106 895 1229 985 382 806 1227 1031 1284 666 1087 760 814 719 1024 1313 991 1337 851 1015 1062 701
23 525 394 995 548 959 1083 1064 1115 725 262 945 931 746 431 717 637 471 1116 873 953 404 1004 987 807 465 1002 808 497 1014 1036 227 446 644 919 640 1107 564 879 899 1129 792 884 512 609 1043
24 1348 1192 870 754 547 1008 1384 1278 841 511 863 1388 374 1153 472 1268 575 1009 1128 499 556 1177 794 1213 962 792 1364 1276 790 1009 1179 355 1324 1213 288 762 897 1292 239 1248 1073 696 1003 804 1280
25 532 1285 891 1110 688 1025 904 1026 942 1047 868 436 605 605 959 1185 1150 1202 310 1393 1455 1087 1392 585 1238 1426 1154 1220 1388 451 710 1286 233 310 1274 342 979 1157 1414 1271 505 1039 1372 700 489
26 99 745 260 219 575 323 330 634 137 710 495 243 705 545 659 123 649 530 596 708 557 317 457 697 259 681 220 697 166 677 372 674 298 733 433 573 617 657 605 723 693 620 111 606 277
27 635 1080 1013 541 738 958 869 280 652 739 716 711 951 1028 625 865 697 941 768 802 875 1036 687 539 1065 994 938 920 510 692 946 546 941 938 268 367 519 701 782 550 949 611 1016 366 866
28 786 710 329 754 913 849 454 459 599 207 983 803 863 671 761 750 660 252 493 243 381 1057 868 971 984 549 679 353 1060 693 982 840 664 876 989 953 494 513 462 75 793 444 752 441 214
29 215 506 100 844 519 808 654 423 251 636 551 799 680 356 689 759 611 205 502 847 324 708 703 459 411 464 719 715 405 477 610 752 841 729 413 401 841 480 314 249 562 837 377 490 576
30 714 868 1135 942 537 1112 499 963 1018 921 1057 601 974 1107 990 1052 1032 848 822 792 821 1105 182 869 747 707 1112 1077 1076 945 848 1060 492 1027 351 934 208 340 821 520 536 810 202 561 819
31 346 734 856 528 663 936 916 699 631 509 369 408 630 801 761 280 860 582 242 974 965 413 635 648 498 501 625 763 907 775 273 675 814 634 808 792 708 864 608 450 969 997 243 680 957
32 1568 1223 827 1567 1194 67 1317 938 1108 177 1286 1144 1125 1198 1444 1357 1455 1508 1445 1454 775 1132 1499 1320 1286 1042 1034 1477 1162 790 1386 156 1398 1384 1295 1588 1505 1014 465 1569 931 1261 1462 1244 1104
33 994 1283 701 397 319 1268 1011 444 1206 797 103 1090 967 165 771 1224 970 555 726 1292 75 618 1250 1274 918 1239 1004 969 773 1155 781 688 1049 171 1298 256 1085 1287 875 992 767 722 477 1215 864
34 597 713 499 647 649 355 357 201 471 594 307 643 311 546 640 699 522 574 540 731 554 604 271 641 556 571 412 152 671 418 691 286 409 657 659 601 646 401 166 517 542 665 672 569 692
35 631 589 679 566 705 601 750 705 790 662 774 636 836 826 723 808 769 233 475 552 434 645 787 447 844 714 145 204 526 307 659 720 844 541 749 172 559 716 256 753 528 552 595 300 721
36 621 104 416 368 590 610 35 91 253 298 598 382 515 362 65 178 211 634 295 390 619 461 574 439 202 579 398 281 436 457 604 364 512 609 609 530 588 497 465 281 414 479 511 181 433
37 1243 425 1122 702 567 354 830 234 740 1369 735 980 1100 1267 1091 683 804 1011 1095 1222 1185 691 1151 836 696 995 1179 1237 678 1173 556 1123 273 1168 1020 928 1374 596 1200 694 603 415 1385 896 987
38 960 845 584 583 865 436 577 601 927 875 161 660 642 268 703 723 957 694 829 894 754 971 765 751 883 552 862 508 970 338 935 671 415 661 14 544 807 655 938 922 537 697 619 610 789
39 178 885 1073 965 570 968 1265 223 1195 848 1113 1106 1126 812 672 575 862 618 1172 291 932 1097 1211 1176 669 623 1073 1118 1098 760 1296 582 1091 1277 708 1058 766 1059 1253 206 1238 757 1134 1143 894
40 904 871 511 309 737 544 1027 439 867 780 483 868 46 1022 1024 997 1025 525 398 583 647 788 869 789 471 790 951 843 898 687 171 560 847 840 453 442 949 808 921 553 659 308 966 995 277
;

param:   cost_bundl  marginal :=
1 150 187
2 181 205
3 139 145
4 132 209
5 198 105
6 160 141
7 193 108
8 160 202
9 139 81
10 113 157
11 51 200
12 182 151
13 99 140
14 178 204
15 102 122
16 210 177
17 162 98
18 144 177
19 34 171
20 103 89
21 204 203
22 145 150
23 183 75
24 147 185
25 185 208
26 112 97
27 187 165
28 151 159
29 116 101
30 121 84
31 205 203
32 82 200
33 58 100
34 125 199
35 204 28
36 176 89
37 118 188
38 194 184
39 135 151
40 164 157
41 198 173
42 95 61
43 206 103
44 151 62
45 151 177
;
param: buyer budget :=
  0 2465
  1 2341
  2 620
  3 762
  4 2562
  5 374
  6 3065
  7 1920
  8 366
  9 1083
  10 156
  11 2492
  12 1358
  13 2179
  14 745
  15 534
  16 3084
  17 1198
  18 3117
  19 1999
  20 3174
  21 1556
  22 2475
  23 305
  24 3017
  25 1271
  26 2342
  27 600
  28 220
  29 3132
  30 567
  31 520
  32 660
  33 3075
  34 1515
  35 2509
  36 1793
  37 106
  38 1237
  39 2434
;
param num_partition :=
3
;
param: item partition_index cardinality :=
0 0 33
1 0 29
2 1 39
3 1 26
4 1 32
5 1 33
6 1 14
7 1 18
8 1 36
9 1 8
10 1 27
11 1 21
12 1 35
13 1 20
14 1 20
15 1 25
16 1 24
17 1 38
18 1 1
19 1 12
20 1 14
21 1 25
22 1 8
23 1 29
24 1 32
25 1 32
26 1 16
27 1 4
28 1 21
29 1 12
30 1 6
31 1 25
32 1 31
33 1 16
34 1 39
35 1 33
36 1 26
37 1 4
38 1 15
39 1 7
40 1 13
41 1 38
42 1 14
43 1 16
44 1 15
