param num_bundles := 45;

param num_cust := 40;

param price_reserve :
   1 2 3 4 5 6 7 8 9 10 11 12 13 14 15 16 17 18 19 20 21 22 23 24 25 26 27 28 29 30 31 32 33 34 35 36 37 38 39 40 41 42 43 44 45 :=
1 707 1268 1274 291 847 1294 589 519 1279 1290 716 786 585 1178 895 748 667 705 953 1305 588 1241 831 1158 575 1075 1041 1250 247 830 554 1208 510 1020 802 478 1284 1103 1278 1223 786 1207 825 796 1029
2 294 898 1058 998 844 816 728 685 982 557 1002 862 775 294 225 764 581 725 177 427 446 970 279 952 446 348 470 728 503 824 564 841 805 874 891 630 675 672 890 1055 193 454 958 1043 925
3 700 635 867 467 636 885 973 533 876 375 855 925 994 882 785 638 739 527 629 780 254 1016 659 508 145 986 227 857 972 944 747 847 461 172 544 660 774 806 326 356 97 888 943 961 501
4 698 714 671 515 1011 960 392 925 863 567 779 400 690 722 588 448 966 586 963 682 572 755 896 376 441 761 892 957 489 633 979 636 793 542 955 988 902 950 1028 978 985 381 605 468 864
5 1200 1364 953 569 767 1270 1071 531 826 1001 1166 636 814 1099 1269 864 873 242 849 1333 1290 488 714 1326 1052 1320 440 479 894 1010 1118 715 484 1293 1204 475 485 972 1100 534 648 1037 823 435 890
6 648 883 638 1167 1249 438 1267 900 1089 1245 853 895 436 1062 780 847 1269 790 924 1137 1196 773 735 980 349 605 1065 693 943 1041 294 808 669 955 1059 739 1224 1043 1004 1106 1093 233 787 1143 722
7 333 1202 663 319 1325 1104 1120 1083 1029 1055 1335 549 1389 1187 1146 1004 1435 915 962 1256 1451 1374 828 1199 877 1046 1365 1390 1391 1100 844 291 1187 1358 891 1184 1169 792 527 1191 1049 1058 1028 905 1096
8 1299 431 1316 85 1041 692 1230 704 979 319 796 1265 1286 822 1195 1170 1228 928 1160 941 1100 663 529 971 1267 880 652 667 1186 1304 610 1214 804 694 649 1147 782 1064 1208 1022 1340 1329 1287 788 802
9 553 1250 152 943 976 344 1168 1044 953 508 1128 1064 528 1162 1080 366 843 989 746 665 1109 795 718 192 599 669 640 1156 757 961 1121 1192 1004 370 367 782 494 1092 358 998 991 1124 981 663 1043
10 1222 586 839 166 923 1318 1026 779 1359 1232 1382 586 1458 1515 594 786 1079 666 597 1106 1195 1488 913 1282 529 1193 1506 750 403 1376 1434 1473 800 696 262 1533 877 322 1014 927 1024 613 1309 1214 1171
11 630 594 621 547 482 677 71 574 349 76 495 625 643 583 255 315 223 508 427 523 392 395 535 537 491 609 434 615 587 638 524 406 304 642 375 442 553 321 500 305 472 668 421 655 316
12 382 420 320 507 218 399 72 383 328 501 397 366 164 130 351 386 316 281 222 318 127 150 318 376 176 359 191 128 396 400 464 55 190 507 376 420 386 352 213 130 455 253 432 466 257
13 679 478 487 454 625 156 487 404 351 656 715 240 389 598 705 396 722 664 247 523 568 348 625 558 596 599 636 706 680 628 672 196 542 444 465 525 718 555 348 549 526 480 549 495 465
14 580 416 1277 1121 945 1225 1113 1064 1401 1302 1040 1086 1428 1009 1417 1203 1253 935 1156 1090 1098 1402 567 1135 735 1324 1011 149 1341 925 388 1068 587 284 956 134 444 362 911 319 472 1093 1072 1378 878
15 944 768 352 866 809 638 394 529 384 703 363 867 465 341 816 885 894 281 91 93 538 885 812 283 850 929 633 823 827 300 812 879 518 921 786 59 333 918 407 671 224 892 926 536 450
16 1212 1340 954 818 541 445 1099 715 787 1102 940 1336 1106 901 873 1059 537 725 776 705 1110 919 857 207 1093 685 999 1151 896 1283 1330 519 946 548 988 735 996 1214 129 702 714 1266 390 1216 1016
17 133 243 524 636 421 542 764 482 809 469 177 142 759 276 543 516 302 686 288 811 678 657 703 210 691 413 741 642 461 690 436 799 156 779 713 635 617 502 524 766 431 655 637 373 314
18 975 756 394 1394 903 856 1260 1386 1366 1175 787 1137 1298 1202 1405 795 658 806 340 634 1194 796 287 559 682 1237 1036 875 1150 1097 971 956 711 965 997 1145 871 635 1012 1364 218 849 1071 1129 993
19 504 553 448 619 694 583 644 718 643 490 613 107 374 512 606 717 688 170 649 255 677 497 698 438 559 400 325 18 631 386 124 269 388 695 533 192 383 374 458 171 521 458 546 725 323
20 1494 742 948 972 1307 743 1187 457 1269 331 435 1078 383 1453 844 300 1439 1373 955 962 1182 1241 1440 916 243 542 1128 1356 668 1495 835 1564 794 636 1400 259 1537 1260 1123 1286 1487 1317 1193 1130 819
21 356 43 403 105 324 212 326 380 349 324 233 423 181 383 362 279 329 189 247 334 221 410 341 175 185 248 233 410 405 415 282 406 392 303 385 390 398 48 341 420 235 224 173 355 152
22 335 321 268 191 183 365 380 344 383 278 246 227 310 277 362 423 340 141 258 342 145 289 81 365 312 148 412 217 392 198 382 370 402 238 308 343 254 321 236 118 342 192 179 376 202
23 228 145 118 327 205 338 368 172 380 330 410 223 162 364 412 349 68 159 303 101 373 386 294 233 84 373 193 393 328 419 355 409 338 344 294 208 320 335 364 180 240 242 168 360 367
24 835 329 727 1383 481 1078 1396 465 640 1066 94 1367 1239 1372 648 655 797 784 327 555 653 1160 1271 1108 705 1258 1369 1228 713 324 1313 1330 477 1013 1257 1409 1383 1389 1125 299 1287 548 711 1255 895
25 709 802 277 837 784 759 619 186 706 430 759 879 671 403 663 517 733 665 335 258 386 485 178 322 613 332 469 631 259 202 772 279 719 289 698 422 272 697 838 681 740 505 763 571 696
26 713 800 906 689 601 114 519 286 834 806 652 855 394 608 521 933 918 321 744 570 986 621 944 877 260 991 948 139 879 851 448 709 554 778 202 214 1001 873 577 580 633 965 698 923 947
27 545 649 678 440 571 1112 986 793 520 990 905 927 1096 917 1062 374 817 519 821 914 735 544 262 747 941 862 907 488 976 896 1109 868 870 675 852 839 346 276 894 1009 999 431 622 535 976
28 1129 949 1287 1097 1179 1265 198 666 644 1225 890 1030 687 697 515 1235 930 1299 1290 940 1191 970 395 1018 940 1276 901 792 1285 523 1119 743 526 919 1097 1162 1195 1199 762 947 315 1180 791 570 1005
29 451 535 819 642 195 540 354 700 299 847 667 241 302 685 681 456 435 663 693 674 649 734 131 176 812 831 667 821 807 746 523 519 407 666 516 831 590 250 797 73 263 780 110 156 604
30 879 793 853 821 101 460 788 859 814 531 866 832 845 665 373 576 422 346 322 386 537 798 626 605 528 434 764 668 726 422 484 724 649 652 841 489 537 783 592 908 638 394 681 569 220
31 838 1312 441 1072 1171 954 583 745 1302 178 1140 1310 664 995 157 890 1184 176 774 1307 1209 680 1303 1178 744 1188 760 1343 1308 879 810 780 1158 320 563 804 1322 932 191 1318 966 1019 781 1107 900
32 898 1410 1373 685 915 1317 1219 132 531 1217 1416 1028 1383 546 694 789 389 904 1289 890 1375 506 1490 1471 992 1042 1236 1481 1367 1283 813 702 1148 337 1108 418 70 1011 240 345 1491 761 326 985 1090
33 441 1048 951 1394 807 1486 572 1311 1334 1332 1534 1443 676 1347 895 944 1296 340 1496 1418 1250 1435 203 1266 982 1319 1051 1507 1263 1360 1363 773 1172 742 780 1215 1292 1098 791 960 1386 571 553 871 554
34 1222 758 501 1111 1211 1007 720 1199 300 521 1152 1112 596 631 1006 1088 453 204 1205 1076 542 777 1007 1094 1062 977 387 941 863 786 781 1085 347 663 1215 1130 843 623 414 637 440 548 643 998 1041
35 1258 1371 983 1266 279 845 401 1103 1350 523 1221 969 154 131 1100 1192 775 540 991 1207 663 1257 941 927 1334 1155 1078 891 650 1061 610 887 950 1199 1067 830 671 1256 989 225 1295 1278 506 1215 642
36 1150 1280 1373 599 1021 833 756 1177 1166 704 1414 1302 1463 874 1359 1484 301 1007 1281 1005 929 1480 652 273 933 684 694 732 512 516 461 406 1470 1113 1376 1114 824 1257 487 1228 1392 1247 250 592 1496
37 711 897 599 898 653 731 820 501 896 371 566 653 886 805 559 463 160 314 699 762 394 239 602 493 809 663 607 759 115 362 452 891 568 563 687 536 898 603 912 831 695 745 597 700 211
38 1380 1341 1389 741 208 1363 848 964 454 830 1313 1266 266 1229 957 500 383 532 1084 357 1193 1211 1050 831 980 152 934 1386 1237 879 1167 755 1142 644 1242 1158 1381 465 1172 1028 1250 1344 1293 1070 1340
39 1070 779 69 667 942 749 914 1104 614 1123 1003 661 871 978 107 582 350 761 304 916 789 192 516 1032 829 732 533 885 796 732 805 290 332 353 1103 1002 1054 637 598 378 152 613 1015 184 1039
40 908 1041 632 158 1039 1112 397 270 976 776 1129 856 979 1147 176 902 396 1004 783 962 916 182 563 317 1173 202 876 955 671 1119 941 1204 882 1065 655 663 463 348 852 622 1026 989 1079 1153 296
;

param:   cost_bundl  marginal :=
1 155 119
2 119 161
3 48 76
4 152 100
5 113 146
6 76 65
7 199 104
8 126 194
9 201 167
10 203 201
11 144 197
12 163 79
13 79 123
14 147 150
15 148 168
16 181 104
17 139 181
18 205 158
19 159 172
20 110 206
21 207 27
22 201 174
23 120 201
24 138 135
25 150 51
26 198 203
27 197 169
28 176 163
29 151 62
30 183 56
31 172 211
32 56 149
33 41 88
34 175 190
35 135 132
36 143 203
37 183 77
38 151 175
39 209 153
40 115 169
41 127 118
42 102 151
43 191 88
44 118 22
45 210 209
;
param: buyer budget :=
  0 996
  1 1817
  2 3010
  3 1676
  4 802
  5 309
  6 2841
  7 1751
  8 2460
  9 886
  10 320
  11 1748
  12 807
  13 1715
  14 1356
  15 2213
  16 438
  17 241
  18 1167
  19 2327
  20 2382
  21 507
  22 669
  23 861
  24 342
  25 2145
  26 390
  27 2640
  28 36
  29 1204
  30 1072
  31 2998
  32 1554
  33 1143
  34 1020
  35 3078
  36 2909
  37 490
  38 637
  39 1355
;
param num_partition :=
3
;
param: item partition_index cardinality :=
0 0 31
1 0 38
2 0 13
3 0 12
4 0 23
5 0 24
6 0 33
7 0 25
8 0 4
9 0 28
10 0 15
11 0 22
12 0 23
13 0 24
14 0 16
15 0 39
16 0 13
17 1 33
18 1 26
19 1 33
20 1 1
21 1 16
22 1 9
23 1 10
24 1 27
25 1 15
26 1 10
27 1 20
28 1 3
29 1 35
30 1 4
31 1 10
32 1 27
33 1 17
34 1 4
35 1 15
36 1 36
37 1 18
38 1 14
39 1 21
40 1 25
41 1 11
42 1 29
43 1 15
44 1 18
