param num_bundles := 45;

param num_cust := 40;

param price_reserve :
   1 2 3 4 5 6 7 8 9 10 11 12 13 14 15 16 17 18 19 20 21 22 23 24 25 26 27 28 29 30 31 32 33 34 35 36 37 38 39 40 41 42 43 44 45 :=
1 371 1111 1268 80 888 1170 777 1050 976 407 342 496 870 505 458 1238 1256 1153 1152 711 899 1271 1147 1263 404 1097 1253 828 871 624 1067 253 967 390 1116 907 651 980 782 1175 722 646 1210 532 863
2 580 715 1513 1200 1517 1200 1290 1348 377 1520 1506 1228 1519 1502 982 1208 1034 1216 512 517 1358 1169 1074 836 1385 1106 842 931 1337 1527 449 1254 704 813 906 1232 690 1458 1085 1410 1060 1191 1258 577 1431
3 433 517 406 259 349 217 224 574 193 534 311 485 395 464 481 194 549 527 289 547 534 520 212 507 398 205 356 365 102 574 202 323 506 521 573 74 430 213 448 526 467 450 286 283 362
4 676 816 525 636 199 355 725 726 832 592 174 749 384 303 386 581 383 753 255 435 558 757 684 562 805 389 613 435 835 159 769 792 426 550 722 827 740 600 772 792 657 744 324 541 155
5 1019 564 306 760 681 328 949 623 853 475 1034 500 997 147 774 930 1134 1003 1065 438 1003 289 215 846 444 726 1000 345 903 583 665 1081 1094 703 942 560 679 695 728 1000 974 913 1117 748 834
6 812 1132 60 1059 1210 811 1208 1137 1299 489 1152 1101 812 1287 743 941 1269 377 838 411 1063 867 1317 585 921 645 926 530 977 933 773 1228 1052 739 686 406 387 1019 696 1042 695 916 1168 1316 979
7 673 1166 1094 1211 853 1204 772 253 656 776 1205 122 726 763 875 838 714 986 265 984 1302 695 777 712 120 1036 868 560 855 1023 736 722 785 651 635 910 885 1105 1218 1259 176 799 992 889 957
8 886 523 1038 214 1054 833 676 1102 1297 978 1538 873 1256 1425 1354 1064 1302 1447 807 962 1145 1473 533 794 1359 876 567 951 1386 531 1138 1154 95 1132 442 799 1256 1129 740 1398 617 1025 1397 1516 801
9 427 631 418 394 571 669 369 311 531 391 375 625 528 632 682 299 270 426 639 637 185 252 501 675 612 426 426 455 350 444 569 479 671 582 354 566 266 670 655 453 543 563 388 288 372
10 1314 1205 1209 563 717 881 864 858 739 1556 542 1037 700 1078 1524 650 1410 1328 1418 788 1464 748 1467 1269 1223 1510 707 1232 513 1272 648 935 767 1554 1138 1548 1542 1265 974 191 1160 933 660 315 1412
11 352 372 176 347 190 189 131 319 376 139 205 383 227 168 61 330 191 135 335 173 60 320 209 258 366 407 328 305 292 175 157 382 356 414 340 263 168 353 232 342 145 280 332 214 110
12 987 1058 692 1304 1044 1286 904 1118 655 448 705 1052 1340 1037 1061 860 1239 1004 944 1110 1268 1004 1220 1334 1285 509 1323 1220 1116 1248 1324 761 817 1198 242 1038 642 1107 1085 1064 812 941 644 1326 129
13 486 503 229 558 186 416 456 512 550 320 420 530 476 427 342 139 492 373 249 454 288 269 151 474 517 548 224 420 394 403 414 511 552 129 565 554 575 383 364 451 362 393 469 214 221
14 1041 830 658 638 590 792 783 740 631 816 784 713 880 1030 660 918 649 990 1046 483 828 863 762 1011 549 265 1023 744 989 945 1029 245 639 1065 370 1074 1022 870 1077 739 101 1063 595 956 1073
15 288 228 220 370 364 331 362 123 450 408 111 336 437 408 274 373 418 340 252 219 288 498 503 478 259 507 412 446 442 168 476 52 366 436 362 247 466 301 349 240 346 211 295 503 133
16 515 685 545 727 619 479 741 526 757 716 350 680 109 539 99 691 637 333 559 687 503 764 407 763 537 311 478 596 504 660 83 692 438 19 730 413 658 398 673 511 222 84 726 524 486
17 60 111 186 203 175 123 127 99 204 97 188 123 167 138 184 165 133 125 158 145 185 116 166 54 15 51 138 138 187 109 131 165 179 196 132 198 169 204 107 104 41 169 108 120 205
18 729 934 952 1142 814 1114 399 850 225 596 956 874 899 947 261 1137 1045 692 408 1068 873 678 1153 742 277 1044 1096 1126 1093 235 995 783 714 1038 626 837 1067 668 370 606 725 1202 862 1100 1193
19 1252 1446 901 1382 838 1020 1180 1151 1258 1264 1269 1402 1448 1359 625 979 541 536 365 1484 743 724 535 871 1133 1457 1140 245 963 909 1061 22 911 1127 938 857 947 1124 880 1091 986 696 1294 884 956
20 956 648 905 1124 917 964 1130 940 1088 675 366 389 615 527 861 344 793 933 900 220 550 1092 1041 1146 769 1119 636 408 704 1035 656 101 423 723 346 213 951 662 1162 847 52 262 1145 961 463
21 1062 1068 622 1367 1023 1280 820 1185 441 1281 992 655 792 36 1270 1187 995 952 1090 765 813 1340 347 1214 846 1150 944 830 839 1386 886 1267 1362 1192 643 1424 804 1150 445 289 1173 746 823 629 937
22 509 746 882 679 898 721 505 868 823 464 667 540 822 101 367 719 330 690 821 643 877 239 839 333 246 528 662 876 892 805 279 694 554 357 751 872 524 258 880 499 757 644 516 187 633
23 464 360 511 219 338 325 409 415 540 403 393 365 276 399 474 510 64 174 564 295 482 482 500 522 222 533 378 149 562 247 415 460 524 446 100 446 467 197 563 526 327 329 545 295 340
24 679 1185 1156 1068 585 665 1186 667 1113 427 943 790 30 1186 624 1069 802 1392 627 480 820 1378 384 958 755 1278 618 36 940 520 417 1259 1032 1188 1022 902 628 1236 1088 655 1282 562 838 1117 1212
25 138 324 340 272 351 281 333 248 50 214 63 357 161 268 299 214 348 212 289 82 348 362 339 271 288 59 367 128 346 323 332 300 265 314 378 392 416 193 244 307 270 404 183 275 311
26 565 379 498 507 527 556 426 312 545 493 371 411 375 278 575 397 439 447 251 255 553 159 256 504 574 176 404 277 383 149 524 409 281 330 567 533 467 415 385 463 459 204 515 260 552
27 426 656 748 828 695 724 245 910 682 515 538 476 456 723 283 426 807 740 862 420 678 222 590 875 781 567 833 520 602 484 792 909 153 467 551 743 725 829 284 836 741 477 574 305 875
28 1444 1057 766 1139 1165 265 972 160 1452 1364 1388 1218 1169 755 840 1053 193 754 1424 1331 90 898 458 1246 541 332 1299 596 0 1286 292 456 328 1204 471 325 787 1177 1098 445 1453 1460 507 721 1289
29 371 966 1093 804 438 1231 279 914 1023 314 1040 993 887 1314 768 770 346 872 420 1280 981 401 802 898 1136 910 397 917 1004 598 1326 1310 663 946 1085 558 741 1028 1042 1268 1173 1049 215 796 576
30 556 755 956 1160 678 763 1242 767 693 890 943 718 652 825 676 420 644 620 742 935 1034 984 715 958 881 1242 634 1206 918 875 990 630 815 763 930 1238 747 873 1088 450 694 1028 714 916 339
31 923 122 1494 902 1198 568 1412 1321 1386 1409 878 533 1063 944 1189 785 1389 315 1472 678 1461 705 1242 1064 1429 1492 1451 731 1219 1014 1303 1361 810 1008 972 1220 703 422 1011 1503 707 1027 1382 1434 338
32 770 313 752 555 741 809 633 652 348 414 605 349 847 736 727 696 515 785 807 724 795 806 780 647 832 226 846 397 622 704 404 655 578 339 822 204 669 245 596 208 750 345 674 723 826
33 1311 1472 1112 1036 805 937 1139 1173 691 949 1356 1039 1520 716 869 1276 1309 1168 1515 1494 1501 847 293 1533 1408 781 1474 831 459 494 1007 1203 1118 1498 1373 1074 1551 710 1207 1352 883 683 1354 1382 216
34 341 207 300 307 170 372 497 420 434 102 346 179 428 365 505 139 124 420 480 501 391 497 346 334 158 469 491 291 465 341 184 466 494 418 192 306 241 257 374 399 119 430 436 379 146
35 883 1238 1059 439 904 424 1110 265 896 908 1157 1123 940 101 1351 1165 720 799 1385 1021 202 1244 518 1350 1254 467 1172 1066 813 407 1349 535 581 1232 1160 1333 1094 1015 587 1261 786 821 1094 459 929
36 807 890 1129 1124 1130 320 789 232 651 721 995 1086 589 1149 757 1058 925 294 505 807 1216 975 665 568 1111 112 847 1022 1188 529 930 828 1072 681 764 918 818 734 1049 773 411 864 595 755 754
37 723 713 683 189 721 665 681 254 730 358 739 416 403 674 790 470 658 397 364 291 476 772 512 24 586 412 629 657 512 608 618 756 409 228 463 733 774 744 796 686 750 355 361 643 594
38 1056 1354 998 586 1270 1084 901 501 734 1072 1177 485 643 679 959 1185 225 948 1207 686 1160 1186 1278 1055 1213 890 1065 950 1219 603 1376 1055 1349 849 1311 472 502 1248 1070 162 1347 926 1197 1170 1267
39 217 385 164 357 254 74 403 393 215 402 202 340 228 390 219 403 336 267 296 196 335 40 180 286 247 371 302 406 262 298 115 72 280 354 300 321 265 109 350 302 410 265 222 340 377
40 465 623 438 619 149 694 364 225 265 656 466 189 114 593 347 747 753 524 533 625 699 147 744 336 527 590 486 668 408 372 606 743 394 251 647 465 636 493 245 639 519 406 727 525 676
;

param:   cost_bundl  marginal :=
1 91 203
2 192 157
3 184 146
4 149 191
5 109 189
6 201 184
7 178 192
8 111 180
9 174 75
10 139 167
11 113 118
12 210 18
13 122 160
14 203 156
15 39 200
16 197 125
17 101 137
18 110 16
19 137 149
20 174 57
21 149 97
22 122 176
23 174 106
24 184 165
25 210 146
26 89 193
27 73 143
28 194 203
29 175 30
30 73 134
31 183 206
32 105 128
33 99 194
34 8 138
35 82 74
36 74 206
37 58 132
38 174 199
39 137 160
40 144 80
41 120 210
42 153 127
43 142 196
44 197 125
45 25 105
;
param: buyer budget :=
  0 979
  1 1154
  2 3072
  3 2751
  4 619
  5 1325
  6 3029
  7 11
  8 1031
  9 2852
  10 882
  11 1029
  12 1975
  13 1347
  14 348
  15 2181
  16 2434
  17 1532
  18 952
  19 2113
  20 340
  21 25
  22 1884
  23 2585
  24 1838
  25 2058
  26 1941
  27 2143
  28 1620
  29 3106
  30 2651
  31 577
  32 1114
  33 180
  34 341
  35 2669
  36 508
  37 823
  38 583
  39 1333
;
param num_partition :=
3
;
param: item partition_index cardinality :=
0 0 6
1 0 4
2 0 3
3 0 23
4 0 19
5 0 20
6 0 12
7 0 29
8 0 37
9 0 19
10 1 19
11 1 12
12 1 15
13 1 14
14 1 37
15 1 34
16 1 15
17 1 10
18 1 9
19 1 21
20 1 23
21 1 16
22 1 25
23 1 32
24 1 35
25 1 33
26 1 22
27 1 33
28 1 10
29 1 11
30 1 32
31 1 18
32 1 36
33 1 24
34 1 3
35 1 27
36 1 6
37 1 22
38 1 29
39 1 17
40 1 11
41 1 33
42 1 38
43 1 2
44 1 33
