param num_bundles := 45;

param num_cust := 40;

param price_reserve :
   1 2 3 4 5 6 7 8 9 10 11 12 13 14 15 16 17 18 19 20 21 22 23 24 25 26 27 28 29 30 31 32 33 34 35 36 37 38 39 40 41 42 43 44 45 :=
1 1016 829 626 935 935 514 1032 960 900 140 916 986 746 896 961 317 514 743 626 1128 999 927 972 865 642 837 530 445 1091 134 947 1057 1100 853 718 1103 1112 614 532 525 1069 264 953 1037 56
2 999 1387 1189 1022 1568 765 989 1387 1364 1376 1242 1205 1190 1463 550 759 1251 1158 945 1469 994 1505 536 1500 1206 1572 1347 1219 1356 1083 1138 903 1007 453 1023 1450 220 1004 1292 1293 421 1046 856 879 1423
3 180 209 90 49 65 133 151 197 154 167 203 175 104 176 182 205 125 188 211 194 175 197 136 64 177 210 93 199 70 149 72 76 169 158 160 163 123 196 203 49 131 192 162 162 204
4 1533 1439 755 350 1492 801 410 654 1118 1254 1388 1248 1113 1461 1392 1436 1063 1542 446 1154 404 1520 1505 821 1122 503 694 1399 1419 660 1565 1084 1473 623 1260 93 906 813 1165 1330 910 1302 819 975 1211
5 458 495 889 938 760 927 286 1177 1113 1022 958 830 881 1065 995 573 555 1021 1149 1095 137 908 477 1066 970 701 1174 893 318 345 256 657 268 720 323 708 529 980 585 962 444 642 885 913 115
6 889 1000 802 1256 843 1243 1061 1306 1309 60 1290 695 638 789 1204 1269 433 1190 716 1088 850 965 805 1345 1142 848 902 731 1230 1022 472 412 892 1259 1253 893 884 584 826 808 1245 1306 1000 1224 676
7 480 545 479 300 991 1113 1115 890 1041 282 1050 1334 1170 913 1153 1003 1014 933 1235 1145 747 842 816 142 770 1215 1314 536 911 1103 1118 1149 1311 783 1038 948 697 675 581 1009 1275 506 1173 1318 853
8 1259 1100 1245 1388 268 1336 1298 997 1190 897 1452 633 1068 919 160 771 1026 1273 1281 1479 213 1195 1408 1247 570 462 947 1042 491 1003 1091 1487 1423 1513 1281 1254 1041 504 1259 476 763 643 1430 1564 1186
9 1095 362 499 1227 971 451 1290 1073 348 1189 866 1260 596 1175 918 1277 127 996 1094 1090 1083 785 1292 585 841 893 939 1128 857 1258 847 1132 704 564 644 874 271 636 1211 544 1278 1170 243 739 986
10 1259 689 1573 1438 1012 636 1333 1494 1293 1416 1042 1043 1435 815 1443 1107 1518 283 1179 1346 762 1344 1003 370 405 1430 474 1323 709 1325 700 574 1185 841 1539 1274 809 956 797 925 33 1234 1206 1265 1363
11 196 154 161 209 179 103 167 100 185 203 170 185 162 164 159 86 63 209 34 203 140 157 67 60 130 180 196 168 208 212 169 158 116 196 159 136 204 25 208 168 203 182 196 164 82
12 1043 1258 802 1312 331 661 1016 1051 413 1268 1319 1265 752 413 1069 1122 777 946 373 1399 1284 838 1368 869 1264 1290 543 528 1246 1089 1176 1194 999 1100 899 1134 598 561 1184 1170 1228 446 1406 1186 792
13 1403 1162 997 895 1083 1200 1148 1187 1024 1325 334 1366 921 873 413 388 1044 1128 602 429 568 998 592 765 1354 1295 1207 453 1021 690 808 319 1393 1019 588 1352 260 253 1136 835 881 838 322 644 270
14 632 404 602 812 907 755 538 320 972 949 911 662 767 954 766 731 721 277 978 852 805 573 905 1001 338 987 849 542 718 933 546 536 541 419 720 666 862 726 970 598 658 877 743 931 387
15 485 469 300 359 443 441 458 340 454 454 260 336 484 565 241 470 548 238 437 73 313 486 406 231 220 456 529 548 309 552 571 553 362 519 166 146 163 556 306 179 161 477 574 353 298
16 928 595 307 938 492 1022 913 954 466 910 455 888 847 1106 197 1012 106 576 1042 813 129 371 968 502 633 544 958 927 862 990 709 955 1017 983 601 909 1028 1084 824 1036 422 983 484 622 1073
17 994 1015 368 1086 962 880 1108 520 648 843 515 557 1126 414 905 226 375 970 303 844 592 1112 633 756 173 889 464 535 637 1026 1019 706 545 568 856 311 1045 786 127 969 971 510 668 1047 426
18 550 1274 575 717 1274 919 618 1002 1239 444 785 1149 867 661 614 1224 897 586 899 1071 240 792 1286 1028 822 598 1180 1267 1261 1269 751 1046 960 577 1018 1290 981 430 643 1251 1117 1121 494 777 1049
19 516 213 236 10 96 427 136 446 426 582 273 543 525 443 666 324 520 275 610 721 646 476 562 465 356 262 238 666 684 562 363 518 344 215 381 385 689 567 602 703 576 566 415 705 522
20 970 471 1036 876 281 589 847 371 596 888 838 346 1017 963 600 718 632 390 806 842 629 986 744 432 1006 1029 1023 320 580 478 952 725 294 999 984 722 932 577 1009 684 287 837 1026 875 955
21 1035 939 912 970 953 814 1132 657 1130 1045 873 636 1028 129 1117 565 855 540 1054 277 955 1010 233 1147 882 1127 1151 830 733 297 836 376 244 779 237 735 918 759 1010 718 1140 805 975 1103 1141
22 794 294 686 352 991 1218 924 1236 723 1077 1223 1013 234 377 691 853 718 243 402 529 1176 752 1045 448 954 1056 738 965 1119 321 649 966 974 966 1180 1162 1005 1041 765 1067 1158 1238 1112 1050 1047
23 796 905 650 139 635 583 604 894 688 542 242 806 763 850 797 287 359 497 498 868 661 746 917 226 312 784 663 846 777 579 833 76 310 835 731 780 800 245 704 510 350 753 260 252 289
24 1108 1355 466 1264 1253 1092 1026 985 1123 994 1496 1391 1469 1497 1155 680 806 1296 1330 899 857 1493 1502 396 497 1181 360 1365 668 1475 306 1203 762 839 1327 805 766 648 729 880 360 1087 604 1020 1372
25 238 958 1017 379 904 613 191 682 1127 907 630 1136 628 956 993 718 132 765 852 1167 526 912 900 1018 848 874 1131 725 857 787 539 982 702 1092 343 1128 434 340 394 1106 665 375 562 482 885
26 1343 809 1398 1419 1210 1460 697 1416 808 1450 1451 1274 1148 584 844 995 1460 731 1198 1173 1180 1409 1091 874 726 1249 545 620 895 1181 1231 1091 961 934 871 1101 1200 1363 1043 1407 471 1125 1238 1404 1150
27 1211 891 713 702 348 868 763 1100 1391 963 362 1384 449 534 1336 1344 1047 719 1267 358 699 1120 833 585 352 1329 1414 1423 807 979 864 1066 909 1386 1046 1207 1274 828 1021 1065 857 1124 1387 1389 374
28 324 940 594 783 400 845 1071 453 950 149 814 585 459 910 862 813 933 1061 968 707 648 605 1061 397 956 600 728 957 1034 1053 767 1031 795 574 737 468 912 848 812 998 242 554 556 770 664
29 412 364 166 220 309 418 213 176 328 368 49 181 343 177 336 307 110 339 214 338 390 323 79 102 144 367 226 349 151 208 246 421 367 329 118 139 417 392 132 350 244 351 333 284 118
30 880 1181 1067 1116 383 973 420 286 716 1039 963 1001 758 804 946 998 722 79 456 997 740 923 937 643 1157 1169 403 1243 470 887 693 647 319 1206 1049 814 846 984 560 1229 331 607 846 1083 577
31 692 1108 284 1518 1343 696 961 1341 1468 919 1274 1321 1157 823 756 837 497 416 805 917 724 1256 1058 217 931 946 1294 891 1061 575 1244 1031 966 873 882 1043 1309 289 1121 672 1442 1106 1021 1387 971
32 788 683 282 884 867 999 1091 917 506 892 891 883 560 747 724 1140 1129 1217 839 1017 1192 757 1004 1225 945 1071 314 933 982 1216 605 995 356 1019 192 1030 312 1093 1172 1038 1014 1131 998 1215 291
33 851 524 648 1095 200 652 635 370 1085 1024 573 952 784 800 356 1120 459 949 647 1056 169 244 1124 1130 838 1080 1046 982 1171 1140 1117 705 908 496 780 1039 1072 924 1138 942 1148 1176 1094 928 492
34 1061 1048 1006 315 747 730 393 917 399 620 564 521 392 614 990 1088 757 336 876 802 698 928 563 1142 705 748 1074 978 884 988 500 465 953 585 1136 1038 1087 763 278 723 684 1162 317 865 1052
35 1006 1245 1189 649 972 848 1276 1404 1167 621 839 629 581 755 1199 1173 720 928 1075 1368 1561 1169 344 1388 1286 809 1034 812 332 1408 1020 1447 901 1087 849 1537 1374 1062 420 1111 1510 1347 788 1072 551
36 610 452 503 454 490 552 508 611 331 368 617 374 416 542 541 301 557 465 363 622 252 496 359 238 305 451 130 592 115 337 635 147 126 523 337 426 131 589 439 199 55 556 246 464 551
37 1166 1175 604 907 580 521 562 757 664 957 578 1114 884 1004 1081 683 703 959 1108 308 899 1100 1034 926 875 683 238 477 538 828 816 278 1075 972 968 1086 892 259 137 617 597 740 273 415 944
38 810 112 688 1126 893 940 1002 1225 478 1312 1196 869 1287 982 798 211 960 433 1146 462 1270 96 1139 1148 968 775 711 1270 984 1187 704 931 698 995 599 1234 948 861 814 709 715 843 723 1050 1188
39 286 919 804 906 466 1214 575 1254 387 1207 976 1050 1059 1056 965 1499 558 1137 1328 1226 1308 1544 1444 1506 1590 753 311 939 1220 849 1546 862 1229 878 1585 1291 337 550 662 778 1122 1326 1027 1060 913
40 746 515 704 200 473 696 942 791 800 875 605 905 845 97 426 800 940 362 827 164 48 801 732 835 824 500 375 878 944 466 494 914 352 909 886 891 812 440 817 890 356 914 559 877 495
;

param:   cost_bundl  marginal :=
1 185 105
2 147 91
3 79 166
4 172 196
5 150 207
6 164 126
7 150 140
8 172 123
9 125 195
10 206 152
11 137 126
12 179 92
13 210 109
14 75 182
15 114 90
16 179 118
17 187 177
18 83 174
19 159 108
20 22 134
21 109 186
22 161 132
23 163 127
24 58 94
25 157 83
26 123 133
27 153 124
28 160 86
29 138 188
30 65 163
31 124 167
32 184 81
33 86 153
34 63 86
35 206 166
36 137 149
37 50 135
38 177 163
39 189 131
40 167 156
41 80 169
42 147 209
43 159 161
44 207 49
45 194 158
;
param: buyer budget :=
  0 2609
  1 1250
  2 2175
  3 170
  4 1076
  5 402
  6 2621
  7 434
  8 2470
  9 281
  10 469
  11 1360
  12 67
  13 2546
  14 2717
  15 1560
  16 3127
  17 1868
  18 2413
  19 948
  20 1118
  21 3016
  22 2684
  23 746
  24 69
  25 408
  26 1289
  27 2791
  28 1361
  29 1249
  30 1153
  31 2684
  32 2990
  33 38
  34 1183
  35 972
  36 475
  37 158
  38 1548
  39 2391
;
param num_partition :=
3
;
param: item partition_index cardinality :=
0 0 11
1 0 6
2 0 23
3 0 17
4 0 8
5 0 31
6 0 6
7 0 12
8 0 33
9 0 23
10 0 16
11 0 2
12 0 4
13 1 4
14 1 11
15 1 24
16 1 26
17 1 32
18 1 26
19 1 17
20 1 27
21 1 35
22 1 35
23 1 22
24 1 19
25 1 31
26 1 22
27 1 38
28 1 2
29 1 14
30 1 29
31 1 30
32 1 7
33 1 20
34 1 32
35 1 10
36 1 13
37 1 14
38 1 16
39 1 7
40 1 14
41 1 19
42 1 6
43 1 10
44 1 33
