param num_bundles := 35;

param num_cust := 20;

param price_reserve :
   1 2 3 4 5 6 7 8 9 10 11 12 13 14 15 16 17 18 19 20 21 22 23 24 25 26 27 28 29 30 31 32 33 34 35 :=
1 1191 813 1244 931 1041 377 448 666 806 234 769 1147 1007 1006 581 1025 381 842 863 834 1040 1162 982 913 811 564 637 683 1233 788 462 938 814 589 844
2 1100 655 917 989 1129 1098 813 735 1110 662 957 948 1103 907 650 904 271 1167 656 884 421 691 463 558 972 1168 1099 1188 291 930 599 625 587 1058 1155
3 1061 1040 704 942 834 626 799 789 205 827 687 450 532 784 423 963 661 674 925 917 985 690 1044 349 469 675 209 943 1060 693 548 1073 993 494 301
4 692 1114 532 622 1035 983 896 413 1105 1052 678 894 1077 536 677 812 436 1165 1212 1030 1155 281 1170 808 495 456 989 644 654 979 527 1040 972 1169 837
5 343 244 632 636 94 460 656 649 206 136 143 280 749 755 538 189 321 676 280 287 450 585 544 421 609 759 697 173 345 707 554 464 549 583 668
6 1094 1105 199 696 894 148 822 962 1016 955 201 801 1134 750 1114 494 725 1051 765 435 625 1013 846 939 799 483 473 700 564 1113 576 411 594 1107 1025
7 506 236 389 615 238 635 646 451 565 579 427 177 587 579 555 407 670 587 517 624 444 625 359 586 506 568 219 508 566 598 238 661 552 349 524
8 683 611 697 534 608 599 477 793 720 810 865 378 611 734 565 471 728 758 809 415 458 748 904 910 344 615 755 392 595 921 525 836 444 323 721
9 276 448 450 571 709 749 790 582 767 652 663 648 678 858 774 782 558 479 558 430 794 486 708 207 570 486 356 875 596 514 844 59 646 779 685
10 392 842 950 433 845 1177 956 872 630 877 891 1107 421 306 618 1221 613 625 1102 779 707 1096 1195 466 659 1178 726 778 1218 1210 1113 1091 782 989 648
11 150 75 151 155 143 10 138 31 154 92 176 152 156 130 186 184 120 71 168 166 136 138 154 151 62 156 92 165 171 174 149 86 111 175 186
12 314 248 286 357 435 221 319 91 180 197 264 291 308 289 206 309 351 448 314 403 338 110 234 447 176 396 445 184 394 77 435 353 262 144 340
13 660 488 613 545 575 488 515 512 336 182 553 656 491 176 661 592 109 437 529 409 174 421 442 222 618 636 495 584 204 128 351 381 606 295 551
14 418 149 325 138 263 385 443 324 407 264 381 397 286 361 411 275 149 189 359 260 242 201 324 365 286 450 397 273 161 373 398 173 377 367 279
15 298 266 192 171 151 183 106 331 236 35 260 280 316 348 275 218 277 335 112 347 228 256 204 140 324 137 211 208 94 356 299 302 189 240 204
16 439 232 567 300 147 415 704 432 560 542 276 559 655 710 228 649 303 607 552 710 575 648 115 413 621 660 666 378 278 327 543 713 700 507 694
17 528 556 523 483 366 472 385 261 491 513 96 473 283 402 54 378 558 419 551 541 522 297 531 422 76 427 248 245 468 287 234 494 157 382 330
18 607 569 963 934 700 329 892 522 461 632 655 495 850 255 243 362 415 825 750 948 994 839 945 981 761 594 974 562 791 604 321 451 602 512 514
19 623 685 766 223 410 518 728 473 649 765 510 417 505 396 311 558 588 643 526 642 585 511 291 663 484 547 473 406 491 362 557 376 340 300 244
20 557 722 928 735 729 235 580 545 735 881 659 796 874 241 877 348 515 810 693 387 894 919 842 667 704 656 906 664 361 383 600 899 672 933 814
;

param:   cost_bundl  marginal :=
1 28 139
2 180 69
3 129 177
4 122 122
5 116 162
6 108 20
7 53 155
8 151 45
9 167 117
10 166 184
11 171 178
12 103 154
13 157 97
14 152 89
15 176 163
16 106 105
17 158 60
18 183 88
19 106 90
20 116 175
21 127 142
22 55 119
23 85 184
24 130 165
25 117 107
26 144 71
27 175 98
28 170 166
29 88 56
30 162 66
31 15 168
32 174 105
33 164 73
34 111 178
35 159 143
;
param: buyer budget :=
  0 2147
  1 1326
  2 3282
  3 1548
  4 2944
  5 3000
  6 3352
  7 2831
  8 1074
  9 700
  10 2158
  11 2288
  12 433
  13 1489
  14 3514
  15 3375
  16 2932
  17 1026
  18 510
  19 3687
;
param num_partition :=
4
;
param: item partition_index cardinality :=
0 0 19
1 0 16
2 0 14
3 0 10
4 0 1
5 0 18
6 0 16
7 0 14
8 0 16
9 0 2
10 0 15
11 0 11
12 0 17
13 0 15
14 0 6
15 0 18
16 0 7
17 0 19
18 0 8
19 0 12
20 0 11
21 0 18
22 0 9
23 0 9
24 0 11
25 0 16
26 0 13
27 0 3
28 0 4
29 0 11
30 0 5
31 1 10
32 1 14
33 1 4
34 2 6
