param num_bundles := 35;

param num_cust := 20;

param price_reserve :
   1 2 3 4 5 6 7 8 9 10 11 12 13 14 15 16 17 18 19 20 21 22 23 24 25 26 27 28 29 30 31 32 33 34 35 :=
1 166 219 114 59 252 236 282 184 181 112 244 361 254 355 294 304 347 167 312 270 346 301 249 372 129 220 313 192 158 350 234 275 127 327 261
2 846 736 522 791 598 763 248 539 759 520 272 282 192 672 334 788 164 660 792 251 455 543 488 819 399 596 538 511 694 787 468 252 717 842 773
3 481 228 524 190 410 547 540 457 397 330 431 369 522 558 499 321 414 117 363 439 549 529 603 541 410 458 262 497 158 135 249 415 560 391 578
4 430 728 648 353 925 788 790 82 761 264 671 926 937 412 597 532 291 849 348 651 363 842 32 292 797 419 336 691 407 439 705 510 804 677 739
5 590 797 609 375 1039 288 835 380 1037 942 544 843 927 295 739 1026 747 970 743 1032 428 906 945 996 878 615 1004 931 758 831 661 1006 855 968 287
6 1193 647 454 1065 1187 962 994 957 943 677 674 715 1189 680 1104 985 1012 518 1165 1098 648 955 397 652 888 1099 792 1014 1138 244 433 1189 918 1019 1104
7 817 484 711 826 902 809 996 498 432 452 460 633 708 897 333 943 363 799 712 154 955 217 525 323 359 486 926 786 688 432 877 671 757 276 247
8 363 442 505 741 117 508 611 721 702 583 634 676 737 664 626 552 335 487 551 634 605 661 578 269 241 155 370 737 395 297 708 274 510 647 709
9 1135 550 676 974 880 809 789 1048 261 682 1142 1019 1104 92 452 979 694 631 322 370 611 1200 849 771 565 1227 763 809 891 121 970 1102 1213 937 804
10 457 849 812 524 877 507 599 363 696 422 568 389 259 640 658 668 573 670 512 321 813 454 774 579 404 802 264 703 488 879 713 494 715 859 853
11 377 947 806 623 742 937 861 380 559 279 313 807 542 243 788 926 67 891 957 577 501 708 659 58 808 952 732 485 949 919 841 590 640 624 480
12 969 485 238 584 818 138 571 537 952 743 417 897 932 882 938 412 635 146 663 922 908 965 499 984 728 682 761 602 877 947 388 890 794 1016 590
13 156 62 172 63 150 7 181 167 75 185 182 155 181 127 84 99 98 137 145 113 106 147 8 75 149 178 171 170 62 133 42 128 122 129 119
14 968 1048 1007 400 1064 897 563 877 800 596 706 1028 674 469 806 1104 926 356 596 1157 473 1135 871 940 560 220 547 312 1147 812 553 983 217 1090 992
15 639 580 529 785 209 269 713 566 565 730 65 522 646 684 703 712 733 653 525 469 440 674 344 762 709 662 392 561 695 501 591 308 780 118 481
16 973 961 324 482 886 899 849 859 899 504 860 357 712 240 1037 917 740 392 674 865 907 1029 938 427 479 627 424 921 512 625 543 992 628 320 909
17 519 589 603 793 631 489 792 221 808 343 298 474 685 193 435 415 861 126 748 621 561 101 432 639 322 817 694 800 393 339 256 712 486 646 548
18 715 821 1047 208 794 882 591 1052 537 287 472 1086 789 854 1102 946 904 1043 1081 1001 430 268 437 705 698 1098 1139 1058 854 1177 389 1144 405 508 1172
19 873 691 491 755 707 662 193 799 745 643 875 515 778 693 874 195 821 904 744 672 202 872 737 408 440 716 869 874 626 764 584 583 818 903 526
20 471 184 909 751 703 856 637 500 768 891 223 676 377 581 402 806 594 486 870 860 543 361 909 426 375 689 878 565 611 502 104 698 764 826 874
;

param:   cost_bundl  marginal :=
1 162 175
2 100 172
3 154 180
4 179 173
5 84 155
6 135 169
7 97 31
8 39 117
9 142 118
10 133 185
11 108 147
12 176 116
13 178 178
14 134 174
15 132 99
16 145 176
17 110 54
18 131 27
19 37 100
20 141 145
21 102 123
22 99 86
23 124 163
24 114 131
25 154 65
26 117 179
27 83 154
28 140 85
29 161 14
30 113 157
31 123 165
32 44 161
33 70 106
34 78 149
35 10 112
;
param: buyer budget :=
  0 2473
  1 3605
  2 1466
  3 2707
  4 666
  5 2410
  6 82
  7 3515
  8 1477
  9 2825
  10 246
  11 598
  12 3615
  13 2666
  14 3197
  15 2001
  16 941
  17 77
  18 1573
  19 2064
;
param num_partition :=
4
;
param: item partition_index cardinality :=
0 0 9
1 0 12
2 0 13
3 0 14
4 0 17
5 0 1
6 0 14
7 0 14
8 0 19
9 0 7
10 0 15
11 0 12
12 0 9
13 0 9
14 0 18
15 0 9
16 0 7
17 0 3
18 0 16
19 0 15
20 0 1
21 0 12
22 0 12
16 2 7
17 2 3
18 2 16
19 2 15
20 2 1
21 2 12
22 2 12
23 2 15
24 2 10
25 2 11
26 2 10
27 2 17
28 2 15
29 2 14
30 2 16
31 2 11
32 2 18
33 2 16
34 2 13
