param num_bundles := 35;

param num_cust := 20;

param price_reserve :
   1 2 3 4 5 6 7 8 9 10 11 12 13 14 15 16 17 18 19 20 21 22 23 24 25 26 27 28 29 30 31 32 33 34 35 :=
1 876 1056 976 880 817 781 1070 1134 1015 1056 649 207 433 977 231 945 1056 916 755 740 1158 1077 858 526 506 1085 1135 1108 1145 182 590 1057 928 1146 913
2 400 757 740 793 692 548 433 673 607 439 669 921 594 992 985 968 176 209 686 919 449 872 417 903 739 693 939 313 772 491 436 858 585 633 483
3 647 530 693 439 660 565 805 490 464 324 538 742 786 358 662 834 92 338 329 545 681 779 234 734 530 540 747 354 565 741 570 807 536 446 345
4 1141 702 688 1074 642 751 930 482 970 945 510 771 1111 667 575 1165 602 610 1044 947 1171 1168 1165 745 1044 1021 1140 1006 1118 364 593 998 1117 598 542
5 520 179 510 405 540 735 301 679 256 718 449 807 608 456 394 802 604 506 754 735 375 121 516 744 574 403 175 66 190 659 377 608 789 415 674
6 670 333 731 755 530 903 514 548 182 872 901 873 872 789 755 211 421 114 669 812 351 793 574 158 920 484 890 74 341 819 673 200 326 552 546
7 581 721 381 867 363 783 747 285 604 480 700 405 354 781 768 768 905 816 870 378 776 547 704 544 887 685 900 154 875 892 209 537 543 226 900
8 344 113 300 174 202 346 444 400 336 445 377 236 320 214 284 237 411 250 302 411 107 372 150 207 61 82 81 78 417 371 281 309 140 379 282
9 317 586 625 593 400 634 571 401 518 219 479 722 536 273 636 301 216 466 266 649 588 738 318 631 720 441 732 689 474 601 439 762 475 768 480
10 79 537 316 495 361 420 245 492 319 350 400 152 387 250 520 510 560 249 394 505 327 384 440 263 227 542 221 506 380 346 452 485 505 284 552
11 718 984 707 972 663 1134 1056 882 238 471 809 987 992 681 1123 839 919 797 651 805 739 474 1134 861 1053 1116 689 847 337 452 454 968 849 394 964
12 118 129 62 177 137 142 131 71 183 40 72 135 96 100 138 112 108 76 129 177 74 164 118 176 128 100 31 105 184 89 97 169 122 34 119
13 449 468 598 416 503 282 502 438 420 570 77 444 281 564 183 276 565 360 374 421 323 584 410 588 525 452 557 207 534 600 505 357 500 70 186
14 481 647 1055 1070 878 836 863 359 434 838 680 933 668 912 484 636 1079 1013 829 284 456 763 439 720 926 870 948 966 640 1015 266 1065 859 103 796
15 1097 717 1043 542 859 529 960 498 558 235 1087 899 394 952 765 67 872 518 733 916 725 1019 888 933 521 956 421 428 1041 1094 611 1100 248 299 942
16 461 427 270 210 447 443 477 473 258 501 216 457 413 201 150 495 114 239 173 383 39 292 407 469 428 297 212 253 509 440 451 350 277 487 467
17 659 772 83 777 89 907 738 1098 444 627 976 598 710 997 838 980 390 416 984 1101 611 966 627 299 701 596 839 1025 1077 489 1067 694 972 1101 887
18 659 804 623 785 776 377 841 892 827 547 785 725 674 602 780 882 472 881 540 739 812 596 336 522 894 419 855 890 793 823 552 662 881 440 399
19 424 75 642 539 952 473 796 588 650 777 832 930 906 673 607 460 928 848 626 379 253 492 538 832 272 729 632 880 720 230 696 860 929 828 275
20 533 699 276 443 499 859 653 466 739 766 868 691 709 612 585 180 835 826 293 489 573 864 826 692 428 493 534 278 876 769 722 267 655 84 602
;

param:   cost_bundl  marginal :=
1 106 145
2 66 62
3 104 59
4 145 128
5 113 172
6 121 110
7 119 35
8 164 166
9 29 175
10 169 45
11 31 157
12 101 88
13 132 158
14 110 136
15 128 130
16 126 145
17 75 157
18 119 158
19 166 113
20 167 65
21 56 114
22 126 177
23 56 70
24 167 83
25 186 132
26 187 115
27 152 149
28 51 85
29 111 69
30 147 169
31 142 28
32 179 74
33 129 182
34 128 75
35 75 62
;
param: buyer budget :=
  0 875
  1 988
  2 2106
  3 113
  4 979
  5 2861
  6 2948
  7 3058
  8 445
  9 3074
  10 3141
  11 2966
  12 2340
  13 2154
  14 2850
  15 2840
  16 1761
  17 2914
  18 3425
  19 1011
;
param num_partition :=
4
;
param: item partition_index cardinality :=
0 0 7
1 0 15
2 0 14
3 0 9
4 0 14
5 1 8
6 1 11
7 1 2
8 1 12
9 1 2
10 1 17
11 1 1
12 1 19
13 1 19
14 1 7
15 1 19
16 1 7
17 1 7
18 1 5
19 1 8
20 1 9
21 1 19
22 1 16
23 1 16
24 1 17
25 1 17
26 1 6
27 1 12
28 1 12
29 1 1
30 1 9
31 1 11
32 1 6
33 1 11
34 2 10
