param num_bundles := 35;

param num_cust := 20;

param price_reserve :
   1 2 3 4 5 6 7 8 9 10 11 12 13 14 15 16 17 18 19 20 21 22 23 24 25 26 27 28 29 30 31 32 33 34 35 :=
1 696 689 563 329 645 563 200 399 696 595 276 706 573 611 544 521 410 228 303 674 591 125 418 479 379 302 531 698 410 689 356 361 541 550 175
2 87 316 315 308 328 260 200 341 312 341 344 305 225 317 247 367 15 346 351 283 270 301 167 291 144 280 161 40 331 293 333 339 370 148 346
3 717 602 649 1053 1235 1234 160 878 721 573 427 616 1219 746 1018 998 649 801 620 1206 1145 1219 882 470 1189 1178 1205 1204 184 727 322 1040 643 655 905
4 225 356 491 538 489 489 349 483 363 497 328 428 351 441 351 322 460 309 552 528 344 407 333 343 478 208 306 200 533 395 415 491 354 310 500
5 350 329 525 123 517 202 385 487 417 520 421 430 192 560 430 399 379 420 506 300 312 310 242 436 512 151 506 300 454 100 552 193 433 474 463
6 1210 792 671 714 688 960 1061 1186 254 1223 1187 953 1252 1004 1227 527 714 574 666 925 644 732 894 1083 879 1248 833 804 775 798 919 830 1050 758 1119
7 1031 574 1203 146 824 390 657 501 749 346 1058 646 1054 415 835 319 627 348 329 789 806 384 828 945 1115 935 867 788 715 546 911 342 818 1127 739
8 321 112 377 584 820 818 622 705 385 453 255 560 360 784 813 630 543 445 768 810 573 410 557 297 463 433 806 671 172 774 365 342 820 482 565
9 870 793 493 1093 644 887 966 149 711 1113 629 1138 1032 1074 981 1073 544 800 614 845 497 874 676 514 978 1112 715 793 885 265 826 586 1070 230 1099
10 1202 157 464 1048 1211 748 1208 363 1031 1069 245 282 996 388 900 1038 1166 1151 1039 246 534 704 1131 1277 1164 555 619 847 712 486 1092 732 679 735 551
11 754 753 575 424 336 684 433 436 672 659 219 253 156 660 710 421 688 606 649 653 589 637 64 204 747 640 651 503 232 491 361 758 524 651 769
12 673 762 795 556 610 653 1038 228 1024 658 751 602 454 959 789 991 726 125 960 486 326 1042 197 1071 939 325 405 297 833 266 858 503 708 945 694
13 662 971 978 985 1068 876 813 555 428 876 922 1048 439 504 929 767 947 1092 528 1023 975 810 1004 1052 966 510 1071 291 1048 976 504 330 845 811 344
14 603 325 393 335 255 450 503 566 371 463 450 585 149 554 564 536 603 576 460 119 495 534 178 205 231 486 508 550 198 330 211 336 410 551 510
15 1050 224 654 836 1149 879 533 1085 1157 1035 853 968 771 1043 576 1104 940 845 1028 1156 642 717 1026 1150 939 1097 982 840 1081 1105 972 888 625 778 1126
16 1111 391 958 527 620 1067 1051 1174 170 964 1064 494 1016 404 1023 1201 648 1017 579 1227 386 913 904 465 1113 1010 911 674 414 1131 685 287 469 610 1118
17 852 437 797 570 987 590 823 595 482 339 655 427 913 791 542 1017 1036 1047 785 769 763 696 399 541 1022 379 918 941 721 1027 589 573 890 813 371
18 442 402 177 367 369 392 411 296 177 380 426 159 369 405 10 156 309 414 447 255 290 142 179 210 343 357 238 388 225 395 257 426 138 389 152
19 637 575 852 406 1001 1070 465 891 485 1031 649 373 859 1247 1032 674 930 921 1224 483 1017 341 766 911 1083 560 163 641 1032 756 227 957 1144 960 221
20 287 652 434 744 712 815 748 889 550 763 470 831 868 797 936 938 507 730 442 889 644 615 876 654 845 864 443 247 639 393 958 763 639 726 506
;

param:   cost_bundl  marginal :=
1 105 128
2 185 149
3 175 95
4 54 165
5 175 122
6 151 131
7 38 154
8 71 177
9 159 21
10 125 151
11 128 100
12 171 186
13 77 137
14 150 142
15 182 134
16 93 156
17 121 118
18 7 134
19 32 150
20 185 101
21 107 21
22 35 136
23 154 183
24 68 128
25 87 102
26 52 68
27 128 128
28 172 25
29 184 171
30 136 186
31 142 56
32 160 119
33 139 69
34 108 102
35 143 173
;
param: buyer budget :=
  0 1870
  1 2656
  2 1660
  3 1292
  4 581
  5 2558
  6 1502
  7 53
  8 2128
  9 2391
  10 2933
  11 2423
  12 1531
  13 154
  14 1903
  15 877
  16 2268
  17 3557
  18 2996
  19 2043
;
param num_partition :=
4
;
param: item partition_index cardinality :=
0 0 11
1 0 16
2 0 19
3 0 17
4 0 12
5 0 8
6 1 13
7 1 5
8 1 4
9 1 14
10 1 7
11 1 14
12 1 4
13 1 14
14 1 1
15 1 10
16 1 3
17 2 6
18 2 10
19 2 9
20 2 3
21 2 6
22 2 19
23 2 13
24 2 16
25 2 19
26 2 18
27 2 6
28 2 6
29 2 16
30 2 16
31 2 16
32 2 8
33 2 5
34 2 3
