param num_bundles := 35;

param num_cust := 20;

param price_reserve :
   1 2 3 4 5 6 7 8 9 10 11 12 13 14 15 16 17 18 19 20 21 22 23 24 25 26 27 28 29 30 31 32 33 34 35 :=
1 816 625 1114 1244 1008 1046 1084 816 574 368 134 439 1269 984 874 1202 1060 555 1086 970 995 532 1208 344 394 1251 1254 756 968 148 693 1226 981 1249 934
2 1072 1117 1106 724 1154 444 491 824 277 665 635 688 1107 1033 291 1030 1109 150 257 480 352 993 1014 711 1044 999 811 1129 831 1090 830 948 1156 1088 571
3 1118 322 898 813 219 1076 237 574 1088 977 309 860 789 430 1030 819 770 357 462 1101 1094 1099 1003 638 745 1081 534 846 259 1073 1033 1064 0 406 1029
4 1006 1038 416 1073 1108 673 860 679 965 568 642 50 851 774 782 916 1211 1084 730 605 375 956 1147 859 704 844 608 1062 981 1172 1196 852 956 577 756
5 371 234 130 50 312 392 443 337 271 99 276 446 166 246 102 345 277 295 205 373 139 412 196 396 403 93 384 439 389 122 403 132 319 38 209
6 733 715 408 290 654 329 462 750 759 687 462 710 649 769 145 665 442 438 102 770 722 385 373 510 519 83 677 565 606 719 312 770 184 472 500
7 527 611 552 654 648 576 707 668 370 426 523 110 609 501 519 612 642 594 640 412 412 154 606 236 653 328 632 639 396 626 284 589 459 345 257
8 480 240 513 581 712 535 696 687 659 354 526 155 554 319 310 408 407 488 712 207 405 479 732 688 701 662 747 315 148 656 94 740 634 699 639
9 480 407 353 270 218 502 235 574 149 607 72 344 632 535 188 468 527 469 424 558 555 468 319 244 278 548 260 261 529 601 554 641 583 632 83
10 869 455 684 439 705 631 761 841 890 876 905 294 931 884 604 379 884 523 789 619 484 269 242 236 225 444 786 562 385 628 92 729 750 393 767
11 754 1123 692 639 736 1172 284 644 1145 645 844 1189 1174 1121 339 1003 885 1025 334 1022 588 1057 781 1115 1242 746 626 175 749 602 928 420 1086 699 1033
12 904 837 747 999 943 997 624 965 659 224 1169 1049 741 911 1085 1086 570 1012 1222 1078 378 882 619 453 1203 1081 1169 833 1182 621 1083 635 736 629 383
13 371 389 140 484 474 326 299 449 189 334 467 289 485 152 283 438 346 349 292 120 115 358 467 422 408 146 443 511 160 290 176 464 321 101 247
14 560 505 565 974 1134 1079 1191 1194 982 725 550 858 1130 1173 226 1021 791 624 825 871 884 569 603 781 583 963 1138 931 310 1009 1032 1127 370 942 232
15 785 330 408 862 661 668 46 749 873 607 584 821 881 53 584 636 549 417 249 202 504 655 840 746 532 683 865 649 690 893 736 812 733 704 616
16 224 459 559 498 354 529 151 118 300 263 216 591 380 456 418 289 352 346 326 597 543 486 535 240 415 579 114 351 554 477 441 201 556 315 604
17 1039 1183 734 230 774 40 1101 1050 515 491 1210 993 890 1181 701 783 1096 452 796 560 680 673 559 1063 1131 893 425 1202 1171 661 821 1031 1124 986 1168
18 1211 289 182 777 440 1184 696 398 748 839 454 634 982 1118 1012 1072 791 1115 797 64 731 788 704 336 676 986 937 1115 959 561 1196 604 517 884 1053
19 506 391 550 605 564 449 456 128 462 591 544 575 601 632 208 250 557 549 450 207 606 509 149 446 277 653 669 512 490 621 491 293 413 637 681
20 867 409 578 888 816 855 922 847 789 237 936 1005 1013 1017 586 1023 347 988 1002 739 198 718 993 752 997 811 871 1020 597 909 843 971 843 964 842
;

param:   cost_bundl  marginal :=
1 177 139
2 176 186
3 172 150
4 173 182
5 102 128
6 154 147
7 167 172
8 175 97
9 125 56
10 115 131
11 166 138
12 173 180
13 131 165
14 184 156
15 185 165
16 48 80
17 186 179
18 140 149
19 174 160
20 133 145
21 76 137
22 83 35
23 12 104
24 125 130
25 169 99
26 62 150
27 129 145
28 156 134
29 143 131
30 113 147
31 184 125
32 182 140
33 184 117
34 102 84
35 135 50
;
param: buyer budget :=
  0 1608
  1 2015
  2 935
  3 3173
  4 2142
  5 2488
  6 3599
  7 2244
  8 332
  9 1651
  10 1529
  11 3233
  12 3311
  13 55
  14 150
  15 3606
  16 524
  17 1007
  18 1746
  19 1875
;
param num_partition :=
4
;
param: item partition_index cardinality :=
0 0 14
1 0 11
2 0 5
3 0 16
4 0 4
5 0 19
6 0 4
7 0 14
8 0 1
9 0 1
10 0 11
11 0 6
12 0 13
13 0 16
14 0 18
15 0 9
16 0 16
17 0 14
18 0 2
19 0 10
20 0 11
21 1 4
22 1 8
23 1 13
24 1 13
25 1 7
26 1 17
27 1 1
28 1 12
29 1 19
30 1 18
31 1 17
32 2 13
33 2 12
34 2 6
