param num_bundles := 35;

param num_cust := 20;

param price_reserve :
   1 2 3 4 5 6 7 8 9 10 11 12 13 14 15 16 17 18 19 20 21 22 23 24 25 26 27 28 29 30 31 32 33 34 35 :=
1 776 801 849 495 143 162 260 853 1096 1127 626 1031 662 1018 788 1012 916 1107 828 517 949 508 980 182 251 494 925 422 1037 1023 1037 406 1096 779 487
2 878 847 691 515 859 872 591 930 772 696 719 474 604 881 314 687 753 909 908 786 35 575 928 812 499 848 348 647 513 605 770 687 625 562 624
3 283 196 141 545 404 483 375 267 537 297 18 557 288 328 555 198 495 477 527 510 409 517 542 251 240 503 539 315 359 551 219 536 500 420 498
4 203 608 327 504 456 711 430 442 738 694 242 710 772 543 633 531 417 300 500 504 599 710 441 752 299 626 384 532 628 438 612 324 644 408 761
5 275 967 680 725 348 880 805 549 529 642 1000 82 830 366 569 860 676 840 810 488 498 955 768 870 592 715 978 768 661 572 884 429 649 626 888
6 338 43 223 468 441 420 467 419 517 637 27 655 313 265 617 697 494 682 340 492 494 490 430 585 687 428 534 495 508 566 607 490 545 451 587
7 227 308 298 342 331 295 345 186 374 297 287 234 333 294 339 364 243 354 367 373 224 307 162 152 140 267 218 279 79 56 129 39 364 262 294
8 955 832 503 1084 1053 857 783 611 637 1089 919 679 552 139 156 407 884 547 925 937 738 516 1040 895 726 552 805 585 975 484 1003 767 953 961 474
9 341 209 126 363 343 201 155 216 117 241 301 245 113 117 109 243 363 72 79 125 146 191 244 271 160 88 116 368 323 135 164 269 146 258 289
10 742 525 542 611 685 458 451 501 699 667 463 730 744 312 425 668 635 630 550 486 513 427 494 507 402 322 611 666 508 377 546 492 391 464 623
11 805 162 801 648 915 785 593 557 703 941 598 523 695 256 880 976 650 617 285 148 824 809 599 492 781 612 715 727 739 690 744 797 623 502 659
12 1202 1015 1026 558 896 1185 946 1140 826 950 1109 627 1223 904 1063 1030 1029 417 1083 1063 1224 754 1198 1066 1073 1184 355 1039 969 1061 952 1105 921 1194 864
13 786 519 1101 513 938 919 648 764 748 641 927 1092 1043 920 672 845 443 413 1062 518 956 678 525 38 652 1068 801 1003 551 435 947 905 851 704 796
14 818 926 695 810 412 900 886 908 725 880 828 462 695 899 408 781 741 893 619 529 622 655 195 763 850 357 256 894 899 284 662 943 890 282 447
15 665 691 714 896 792 746 927 700 799 466 980 640 331 1077 605 377 942 187 361 1171 668 1026 787 1103 536 822 645 1057 997 115 653 263 742 538 920
16 313 913 347 829 784 825 696 916 484 441 648 899 159 535 703 775 747 596 897 666 817 949 820 893 871 781 297 307 773 944 556 779 702 561 471
17 493 402 688 669 503 221 307 471 241 583 453 804 428 469 866 595 403 214 695 874 842 318 804 602 707 819 671 574 838 251 882 764 594 460 681
18 555 509 563 559 846 594 333 855 842 434 227 500 494 566 812 579 726 711 796 666 690 816 79 680 841 553 572 775 391 720 531 483 769 579 468
19 635 1035 745 839 993 62 857 957 1008 422 848 1115 941 621 418 926 752 103 151 543 730 1058 742 1088 527 170 1077 737 92 737 1121 770 888 981 870
20 949 456 486 740 756 626 822 902 778 28 565 793 856 920 814 411 943 724 642 714 692 928 146 589 88 355 856 371 859 559 701 784 356 921 914
;

param:   cost_bundl  marginal :=
1 155 162
2 161 103
3 159 137
4 87 27
5 169 91
6 165 165
7 139 150
8 91 107
9 156 145
10 157 98
11 71 106
12 104 156
13 58 139
14 92 118
15 174 137
16 183 164
17 183 119
18 125 60
19 171 182
20 186 160
21 129 67
22 145 91
23 169 130
24 16 178
25 103 162
26 164 164
27 185 24
28 131 46
29 142 117
30 125 172
31 62 118
32 72 116
33 120 125
34 156 155
35 180 61
;
param: buyer budget :=
  0 1825
  1 2588
  2 136
  3 3052
  4 203
  5 3088
  6 1509
  7 876
  8 837
  9 617
  10 1482
  11 2157
  12 1753
  13 1244
  14 2727
  15 1624
  16 1415
  17 879
  18 2786
  19 994
;
param num_partition :=
4
;
param: item partition_index cardinality :=
0 0 15
1 0 14
2 0 13
3 0 13
4 0 5
5 0 11
6 0 5
7 0 7
8 0 4
9 0 1
10 0 9
11 0 6
12 0 7
13 0 15
14 0 17
15 0 13
16 0 14
17 0 2
18 0 6
19 0 4
20 0 13
21 0 8
22 2 9
23 2 1
24 2 19
25 2 12
26 2 17
27 2 12
28 2 8
29 2 4
30 2 8
31 2 7
32 2 3
33 2 11
34 2 14
