param num_bundles := 35;

param num_cust := 20;

param price_reserve :
   1 2 3 4 5 6 7 8 9 10 11 12 13 14 15 16 17 18 19 20 21 22 23 24 25 26 27 28 29 30 31 32 33 34 35 :=
1 370 419 648 340 474 715 525 664 415 698 714 595 683 546 742 404 659 678 500 453 648 601 407 714 683 651 592 365 548 673 476 714 421 653 197
2 869 913 282 453 1134 1012 221 1097 1034 183 1184 1189 566 1116 808 449 812 689 1041 357 966 1164 1241 973 914 918 711 1153 789 792 436 586 173 1059 551
3 473 970 926 953 347 878 768 981 307 803 901 1049 609 532 1027 752 983 795 1106 474 695 887 894 734 982 659 812 725 392 994 653 644 817 186 1119
4 241 831 728 201 777 898 482 635 633 645 910 588 933 915 704 288 845 871 372 644 865 592 850 389 1063 853 212 1036 927 1048 89 790 557 828 262
5 1052 660 961 845 1237 864 684 1032 1030 897 1041 245 882 504 1020 699 1126 557 971 722 1063 1231 983 508 1129 686 941 1271 306 1033 982 830 736 536 709
6 467 391 144 828 573 592 362 817 350 663 582 823 750 772 680 511 777 800 489 593 770 554 241 455 282 740 690 454 832 637 547 593 732 599 529
7 260 460 135 766 884 823 410 753 412 554 72 649 697 868 874 878 581 352 804 883 609 352 479 722 310 740 769 509 366 430 296 548 356 801 653
8 945 909 972 647 1237 174 733 1105 815 806 1142 820 562 535 994 997 979 965 978 1024 1140 1038 1183 1205 194 473 929 690 1265 747 409 494 847 762 870
9 330 233 345 351 318 125 196 279 214 417 439 443 361 422 431 419 441 85 449 394 197 241 335 357 429 380 341 386 259 330 275 285 424 193 434
10 796 1057 249 772 1053 763 776 356 1062 920 567 449 298 284 289 848 419 696 983 712 1018 498 509 757 778 386 990 118 831 687 763 863 714 839 843
11 260 165 55 350 454 353 180 385 370 465 230 225 337 396 320 121 456 248 249 292 455 163 446 395 232 401 509 408 248 404 283 202 375 370 385
12 1106 529 898 1103 488 771 1134 563 902 998 1064 912 548 513 1037 1121 1036 858 515 933 240 753 278 196 937 966 830 1119 1072 456 713 765 220 961 292
13 552 1192 287 503 1012 639 942 757 498 982 1163 1013 769 756 564 1107 864 1134 751 657 1061 1211 1200 1188 228 1020 672 1007 584 689 1053 824 948 764 736
14 577 166 500 534 79 595 323 574 470 169 420 475 457 427 446 585 501 511 106 243 562 583 296 209 520 263 316 594 583 459 242 564 196 527 568
15 908 872 1204 886 186 1071 988 841 1146 561 425 1214 1082 582 1184 858 631 880 1160 773 1037 1133 1029 723 634 481 1016 303 576 877 677 882 499 1102 695
16 988 939 514 1046 548 664 964 430 1040 494 713 736 666 1080 688 1009 163 662 616 1004 877 741 152 964 1013 279 296 404 563 940 842 690 1051 675 827
17 461 584 542 495 675 650 481 324 492 681 626 601 584 712 332 373 295 459 450 383 450 456 654 36 103 677 361 458 406 708 449 486 478 271 166
18 218 320 284 499 320 239 479 424 504 216 338 487 146 266 492 195 421 331 187 161 337 149 336 139 379 246 388 377 454 113 496 428 265 416 95
19 890 918 841 629 1138 770 801 1010 984 642 1030 890 622 443 170 390 1074 663 986 902 128 302 532 1157 571 122 675 610 159 322 1115 1089 382 788 674
20 302 557 145 715 271 771 296 759 214 706 594 493 584 294 274 695 443 301 552 337 539 732 446 545 626 624 254 692 681 768 631 758 681 639 187
;

param:   cost_bundl  marginal :=
1 177 162
2 74 33
3 99 98
4 117 75
5 151 147
6 164 145
7 147 129
8 163 116
9 139 148
10 93 125
11 145 93
12 95 101
13 21 160
14 140 136
15 54 78
16 112 155
17 47 166
18 179 171
19 142 115
20 113 97
21 153 117
22 65 149
23 137 169
24 52 184
25 123 81
26 121 84
27 143 163
28 44 150
29 55 148
30 93 29
31 81 122
32 56 138
33 70 149
34 79 126
35 103 126
;
param: buyer budget :=
  0 320
  1 2774
  2 1563
  3 2360
  4 1611
  5 1191
  6 1854
  7 3427
  8 2674
  9 1143
  10 1501
  11 1168
  12 2853
  13 392
  14 2142
  15 1393
  16 1765
  17 1954
  18 2189
  19 3679
;
param num_partition :=
4
;
param: item partition_index cardinality :=
0 0 10
1 0 2
2 0 12
3 0 9
4 0 12
5 0 17
6 0 4
7 0 4
8 0 6
9 0 6
10 0 8
11 0 6
12 0 18
13 0 15
14 0 5
15 0 8
16 0 7
17 0 17
18 0 15
19 0 2
15 2 8
16 2 7
17 2 17
18 2 15
19 2 2
20 2 3
21 2 11
22 2 11
23 2 16
24 2 17
25 2 11
26 2 4
27 2 6
28 2 4
29 2 8
30 2 9
31 2 10
32 2 15
33 2 8
34 2 1
