param num_bundles := 35;

param num_cust := 20;

param price_reserve :
   1 2 3 4 5 6 7 8 9 10 11 12 13 14 15 16 17 18 19 20 21 22 23 24 25 26 27 28 29 30 31 32 33 34 35 :=
1 724 793 1093 1139 648 778 397 403 1120 340 909 907 727 910 1034 633 825 958 611 755 1042 1126 878 1022 895 856 698 792 831 404 1176 1079 873 1178 472
2 428 111 623 622 123 426 498 458 583 473 481 515 542 559 433 74 493 392 230 213 149 632 644 472 507 589 287 316 554 301 381 298 417 643 634
3 511 743 54 763 708 495 773 643 237 803 774 719 186 540 478 682 372 517 586 662 709 406 109 593 476 789 610 709 595 700 719 607 497 273 521
4 319 562 994 762 928 974 400 560 367 477 935 600 659 621 776 905 1048 171 644 1110 849 872 1095 859 32 903 980 965 751 460 184 850 872 923 824
5 533 111 519 524 717 620 477 684 686 270 540 386 734 745 256 643 413 378 222 654 380 328 659 737 550 428 122 394 184 724 530 508 158 653 678
6 510 397 619 561 486 347 225 368 206 594 643 265 540 608 311 680 645 560 331 403 502 439 575 660 457 558 629 356 303 650 302 533 579 667 631
7 1037 488 660 993 1085 975 852 1025 807 543 174 627 752 849 501 448 699 639 420 896 663 349 948 189 871 18 945 1085 816 345 819 809 955 463 503
8 454 1163 972 657 1166 943 784 221 846 578 145 527 288 1177 829 0 534 1195 1099 934 1209 1139 535 954 659 1183 841 1075 609 203 1093 335 774 1039 696
9 344 323 645 579 628 416 396 395 586 384 567 288 614 309 139 19 200 365 591 163 265 436 633 563 325 376 425 449 406 224 532 92 443 453 487
10 1143 762 1033 1185 998 421 512 661 499 749 992 767 646 1060 898 986 779 984 756 687 1059 904 1136 743 843 793 594 464 804 777 456 597 567 1136 75
11 235 478 641 518 429 144 426 538 479 658 439 85 653 636 468 498 324 647 669 594 114 341 501 413 507 547 492 638 30 655 647 489 602 380 466
12 483 561 741 302 496 666 675 138 812 768 726 851 802 795 162 809 744 396 666 602 598 516 616 598 793 650 678 803 695 463 622 610 452 751 338
13 818 241 402 990 793 471 111 412 356 852 627 1065 851 1102 1037 459 986 735 1148 874 457 980 653 1001 556 508 565 1072 685 914 375 669 190 261 791
14 165 528 691 689 856 819 890 494 579 805 941 854 906 479 729 720 340 363 899 366 551 918 953 357 714 952 761 923 596 378 281 565 302 227 861
15 153 300 583 451 604 604 396 267 254 433 176 558 591 469 275 297 479 380 364 376 573 263 433 283 546 444 505 366 566 459 521 554 544 508 321
16 248 763 838 1187 1149 273 843 934 638 996 755 115 976 183 271 895 983 890 943 351 833 1145 656 768 683 910 801 772 517 511 447 659 861 987 937
17 42 117 141 45 115 138 129 107 47 118 123 103 107 155 123 158 175 179 126 126 84 117 151 155 70 136 118 48 67 102 52 132 102 119 97
18 1163 1203 840 995 610 451 786 623 1217 966 1122 833 1206 1180 374 677 599 694 927 1083 894 680 1107 1034 793 854 470 533 921 772 873 1141 1066 437 863
19 148 113 263 291 173 43 231 362 193 356 167 135 197 287 262 273 355 101 323 318 281 68 344 178 299 268 265 340 345 309 202 276 201 289 354
20 596 1000 802 491 821 480 888 750 908 467 502 386 898 352 956 595 256 553 969 403 93 109 935 137 732 664 987 195 986 607 815 921 645 467 828
;

param:   cost_bundl  marginal :=
1 139 177
2 124 61
3 162 178
4 175 144
5 160 162
6 177 109
7 147 186
8 177 160
9 180 178
10 64 105
11 159 159
12 59 99
13 177 174
14 65 82
15 180 67
16 165 55
17 122 141
18 102 165
19 74 132
20 186 117
21 176 181
22 113 71
23 184 144
24 89 152
25 135 128
26 173 167
27 170 116
28 99 84
29 163 128
30 145 88
31 95 175
32 71 47
33 185 122
34 142 98
35 187 182
;
param: buyer budget :=
  0 717
  1 767
  2 2876
  3 2493
  4 3599
  5 3211
  6 1269
  7 3580
  8 725
  9 2630
  10 1698
  11 2052
  12 1469
  13 3065
  14 2994
  15 2164
  16 3329
  17 2965
  18 431
  19 2817
;
param num_partition :=
4
;
param: item partition_index cardinality :=
0 0 4
1 0 7
2 0 18
3 0 16
4 0 7
5 0 11
6 0 9
7 0 5
8 0 10
9 0 2
10 0 14
11 0 12
12 0 17
13 0 14
14 0 15
15 0 1
16 0 2
17 0 3
18 0 8
19 0 12
20 0 18
21 0 14
22 0 11
23 0 4
24 0 14
25 0 12
26 0 12
27 0 17
28 0 19
29 0 18
30 0 17
31 0 19
32 0 2
23 2 4
24 2 14
25 2 12
26 2 12
27 2 17
28 2 19
29 2 18
30 2 17
31 2 19
32 2 2
33 2 16
34 2 15
