param num_bundles := 35;

param num_cust := 20;

param price_reserve :
   1 2 3 4 5 6 7 8 9 10 11 12 13 14 15 16 17 18 19 20 21 22 23 24 25 26 27 28 29 30 31 32 33 34 35 :=
1 582 328 148 603 265 774 401 521 604 470 352 110 471 587 643 533 776 598 532 399 515 753 249 446 644 356 472 734 565 575 527 692 414 261 136
2 734 945 952 1115 969 1015 1164 1167 934 932 862 1052 708 910 718 751 555 1012 616 518 1126 777 1170 847 1236 699 429 493 803 1176 198 307 1187 1145 521
3 1020 1078 337 704 938 902 461 890 1015 835 537 703 639 1060 493 369 519 946 605 740 1036 1010 218 124 777 912 325 1017 606 747 990 986 1018 676 1049
4 441 699 1048 712 631 1104 902 909 865 805 702 494 721 259 1082 1112 987 682 777 558 1089 510 619 1071 1051 1104 335 895 395 1015 1045 1017 256 402 785
5 740 435 718 860 535 728 495 790 56 647 838 344 404 690 800 670 499 845 722 532 883 688 786 372 402 235 793 642 639 625 623 221 226 516 336
6 829 1010 864 830 648 355 892 929 78 784 718 394 737 1031 854 966 625 531 570 324 511 750 1028 1000 945 886 872 895 365 698 670 954 627 277 944
7 243 484 137 387 442 384 491 268 152 493 399 481 510 340 176 170 281 360 420 85 444 285 318 251 451 259 314 465 476 461 396 322 356 485 449
8 880 338 1109 943 1088 747 573 930 310 958 821 773 749 1127 1147 277 552 694 880 607 671 1143 292 867 1083 678 309 303 1173 709 117 832 707 986 459
9 290 898 775 760 746 803 607 315 705 403 614 571 804 542 793 562 727 651 664 783 414 672 497 710 670 630 236 446 839 504 879 919 624 762 151
10 579 540 1059 1125 616 272 316 906 1105 401 481 556 368 958 809 202 700 1089 792 884 1038 1001 1121 815 526 840 1139 361 710 387 767 755 1081 1001 566
11 482 837 480 829 802 887 807 787 260 667 534 880 88 761 309 853 846 838 468 857 615 259 541 610 652 572 633 858 480 424 866 826 697 751 841
12 1004 765 736 874 951 925 488 555 990 549 783 726 876 451 487 965 938 1051 1017 900 535 665 424 1110 715 944 471 1019 214 617 983 1081 777 550 726
13 1161 588 902 550 1017 1181 1161 538 839 784 1014 1043 76 1165 277 1183 1081 974 762 1086 350 803 781 1009 801 726 1060 1171 1037 670 314 188 1061 226 858
14 114 866 829 862 710 681 240 854 784 655 831 604 510 557 358 504 397 879 280 806 760 677 613 686 711 563 507 697 859 815 655 562 840 245 789
15 270 769 555 761 804 207 306 898 528 622 433 566 405 840 753 876 348 767 648 287 223 489 804 826 591 444 919 939 893 850 669 500 479 860 971
16 425 268 285 216 309 417 414 297 353 430 414 390 299 372 423 376 438 421 53 386 330 357 263 392 445 272 306 237 405 395 446 166 278 255 387
17 341 830 14 704 724 658 635 579 731 816 564 359 346 475 733 815 596 698 541 249 667 444 816 102 796 790 362 763 584 604 371 674 591 687 225
18 922 1146 932 653 1175 391 718 380 906 793 1223 1102 495 508 1003 470 399 1127 783 1144 611 597 657 977 1220 1214 983 996 624 560 956 1086 734 614 848
19 573 596 460 337 724 330 353 551 785 303 561 738 521 743 547 507 424 347 623 795 647 677 770 635 249 773 477 626 400 728 357 755 776 605 597
20 262 545 449 488 74 512 400 646 667 666 529 599 127 605 516 626 725 281 266 470 679 581 621 683 414 465 441 711 745 353 600 723 633 739 719
;

param:   cost_bundl  marginal :=
1 164 143
2 154 76
3 115 105
4 177 34
5 147 163
6 152 142
7 178 124
8 85 104
9 151 79
10 130 24
11 105 50
12 180 157
13 76 64
14 160 132
15 78 183
16 118 169
17 134 177
18 150 147
19 155 121
20 179 96
21 180 163
22 90 138
23 157 147
24 56 97
25 96 87
26 99 72
27 79 85
28 146 156
29 116 148
30 161 88
31 86 151
32 136 145
33 158 134
34 144 101
35 162 120
;
param: buyer budget :=
  0 3314
  1 1375
  2 2889
  3 75
  4 982
  5 2804
  6 1882
  7 1122
  8 403
  9 1663
  10 2170
  11 684
  12 3012
  13 704
  14 3701
  15 2068
  16 3512
  17 2450
  18 3071
  19 1554
;
param num_partition :=
4
;
param: item partition_index cardinality :=
0 0 10
1 0 1
2 0 10
3 0 2
4 0 4
5 0 2
6 0 19
7 0 14
8 0 11
9 0 16
10 0 7
11 0 8
12 1 14
13 1 18
14 1 11
15 1 19
16 1 1
17 1 3
18 2 3
19 2 7
20 2 14
21 2 10
22 2 2
23 2 3
24 2 14
25 2 13
26 2 11
27 2 4
28 2 4
29 2 9
30 2 3
31 2 18
32 2 5
33 2 16
34 2 17
