param num_bundles := 35;

param num_cust := 20;

param price_reserve :
   1 2 3 4 5 6 7 8 9 10 11 12 13 14 15 16 17 18 19 20 21 22 23 24 25 26 27 28 29 30 31 32 33 34 35 :=
1 639 1051 1217 1017 1136 922 289 1173 638 512 720 591 898 1162 1093 177 1225 648 806 856 734 1007 1022 909 1054 1030 1134 1053 1042 465 821 1196 962 909 1034
2 596 702 119 515 629 359 452 598 649 565 594 336 343 466 543 444 562 576 534 649 603 675 446 672 271 177 316 71 604 514 99 521 664 584 336
3 418 424 176 330 200 218 52 447 393 329 238 314 494 462 231 502 167 350 319 302 69 264 350 491 239 231 383 27 190 404 477 472 246 377 420
4 374 744 441 618 451 755 529 318 406 482 728 664 700 383 635 64 729 399 611 319 195 189 268 535 653 458 482 531 758 649 203 561 701 336 759
5 318 408 599 573 334 432 583 565 480 144 327 346 298 347 469 264 224 430 592 301 234 494 252 184 332 530 315 227 457 275 491 459 580 357 163
6 493 1193 129 213 1140 953 627 729 453 1206 1035 1113 801 1172 788 660 1133 561 589 947 729 510 1139 641 1156 1156 1135 736 785 305 126 987 880 963 1189
7 1023 832 1075 109 878 776 828 81 474 1127 453 703 296 1026 495 1053 615 136 664 1116 1053 370 852 592 947 563 875 256 571 872 636 960 996 1033 903
8 521 266 664 661 664 521 634 378 275 646 174 292 555 394 503 193 428 601 423 576 424 475 674 373 199 634 364 505 599 621 637 247 611 372 619
9 788 196 442 1188 1100 1072 960 1096 856 1260 1012 1259 537 793 1246 523 644 814 840 1030 816 407 1071 595 944 1138 497 1061 367 842 675 707 886 701 561
10 1180 659 794 1094 1085 1154 1084 1126 1107 492 537 1006 385 990 1090 653 930 609 913 447 788 825 1094 1048 905 773 1105 254 887 768 709 791 966 325 1172
11 679 769 420 418 734 828 516 575 573 678 341 764 323 730 122 242 790 830 539 409 752 433 794 385 686 730 528 729 827 791 155 723 201 574 275
12 191 438 398 550 408 60 415 268 150 562 388 400 483 457 509 490 582 565 509 251 193 79 473 158 407 521 582 465 480 508 341 412 526 597 442
13 137 240 63 346 380 123 399 448 406 373 429 225 324 72 297 190 281 398 426 173 290 219 317 407 249 29 400 154 397 256 311 277 346 203 388
14 724 63 1065 774 960 1013 691 947 271 829 688 734 453 560 858 886 463 366 1061 985 954 810 459 920 819 1066 532 930 975 183 302 341 716 888 335
15 407 26 355 348 431 343 240 295 445 394 285 393 427 378 254 209 196 308 318 198 350 426 346 245 370 252 373 187 344 194 440 380 269 251 307
16 630 1153 746 1041 710 995 878 362 1053 966 779 748 496 754 238 881 1083 1147 468 459 1039 371 991 987 1021 790 1063 827 211 673 642 1001 336 1216 721
17 622 174 554 48 457 331 674 323 146 444 557 609 230 308 583 615 655 665 660 356 520 317 559 669 467 487 709 527 560 712 310 622 259 578 592
18 279 319 737 214 560 699 622 317 456 594 202 591 446 607 358 594 420 695 723 507 722 140 323 324 81 715 296 467 739 257 729 716 271 97 370
19 844 994 758 832 847 878 567 471 560 433 724 964 290 597 721 786 629 879 526 392 352 668 741 930 403 796 874 950 597 817 302 830 158 873 938
20 292 474 416 570 342 231 263 472 612 57 177 494 456 552 430 347 445 375 460 134 424 626 638 415 622 296 306 378 441 436 611 331 572 383 203
;

param:   cost_bundl  marginal :=
1 113 150
2 75 111
3 48 168
4 60 171
5 180 154
6 143 122
7 70 136
8 172 45
9 27 165
10 105 29
11 97 148
12 78 144
13 164 102
14 48 166
15 132 182
16 148 175
17 167 174
18 140 159
19 147 165
20 158 185
21 32 101
22 181 107
23 58 92
24 138 124
25 114 169
26 117 143
27 146 153
28 98 110
29 36 160
30 161 178
31 28 94
32 54 119
33 150 178
34 162 171
35 170 133
;
param: buyer budget :=
  0 3013
  1 625
  2 1126
  3 596
  4 2325
  5 2308
  6 920
  7 750
  8 817
  9 817
  10 2110
  11 2307
  12 2502
  13 3161
  14 2180
  15 604
  16 3115
  17 347
  18 609
  19 2112
;
param num_partition :=
4
;
param: item partition_index cardinality :=
0 0 12
1 0 13
2 0 2
3 0 3
4 0 5
5 0 6
6 0 2
7 0 10
8 0 2
9 0 7
10 0 11
11 0 18
12 0 1
13 0 5
14 0 19
15 0 10
16 0 10
17 0 11
18 0 12
19 0 11
20 0 9
21 0 13
22 0 15
23 0 5
24 0 16
25 0 9
26 0 5
27 0 17
28 0 18
29 0 11
22 2 15
23 2 5
24 2 16
25 2 9
26 2 5
27 2 17
28 2 18
29 2 11
30 2 6
31 2 2
32 2 19
33 2 8
34 2 1
