param num_bundles := 15;

param num_cust := 10;

param price_reserve :
   1 2 3 4 5 6 7 8 9 10 11 12 13 14 15 :=
1 424 429 378 411 304 357 325 428 117 214 263 297 331 237 348
2 269 318 182 230 263 212 155 53 271 193 249 257 246 243 218
3 246 150 152 110 268 54 263 280 82 276 288 172 244 248 148
4 194 231 300 232 121 364 235 118 54 351 268 336 282 336 279
5 164 179 317 153 145 161 110 263 325 141 119 242 295 198 293
6 31 501 511 401 515 392 430 131 524 54 511 449 422 321 92
7 230 286 324 273 204 190 81 158 329 139 87 199 277 233 319
8 72 277 273 206 229 121 75 138 201 253 224 285 42 110 252
9 295 372 451 382 212 331 260 321 428 307 305 427 163 371 375
10 421 559 121 83 514 276 345 459 533 502 306 510 187 400 448
;

param:   cost_bundl  marginal :=
1 45 85
2 43 51
3 88 119
4 40 108
5 97 105
6 110 122
7 77 115
8 70 118
9 120 68
10 118 98
11 87 96
12 110 82
13 56 68
14 55 107
15 67 104
;
param: buyer budget :=
  0 1673
  1 1315
  2 518
  3 1086
  4 1370
  5 975
  6 433
  7 1308
  8 1221
  9 455
;
param num_partition :=
4
;
param: item partition_index cardinality :=
0 0 2
1 0 6
2 0 4
3 0 7
4 0 7
5 0 7
6 0 7
7 0 5
8 0 7
9 2 9
10 2 8
11 2 6
12 2 7
13 2 2
14 2 8
