param num_bundles := 15;

param num_cust := 10;

param price_reserve :
   1 2 3 4 5 6 7 8 9 10 11 12 13 14 15 :=
1 215 525 550 461 381 486 505 497 441 468 238 255 514 190 486
2 136 122 190 192 218 220 112 130 24 90 132 142 229 207 210
3 337 557 471 282 472 466 102 576 434 540 564 205 324 452 381
4 338 279 284 421 326 151 356 376 296 383 319 151 408 364 228
5 83 70 61 74 86 74 93 121 121 62 117 86 97 103 84
6 160 234 195 251 279 73 259 87 204 170 244 201 291 92 168
7 265 378 508 360 395 308 494 147 303 106 26 423 118 336 268
8 365 332 178 245 351 106 151 271 225 235 174 152 254 199 356
9 287 282 87 167 175 232 231 403 291 440 225 406 342 375 440
10 257 97 237 70 298 381 282 310 48 65 230 194 308 276 194
;

param:   cost_bundl  marginal :=
1 50 55
2 80 78
3 44 35
4 54 121
5 78 96
6 71 119
7 67 95
8 59 63
9 78 34
10 95 84
11 107 111
12 83 120
13 51 93
14 103 89
15 109 62
;
param: buyer budget :=
  0 475
  1 519
  2 683
  3 1118
  4 178
  5 861
  6 988
  7 348
  8 1700
  9 731
;
param num_partition :=
4
;
param: item partition_index cardinality :=
0 0 3
1 0 6
2 0 7
3 0 4
4 0 2
5 0 3
6 0 5
7 0 4
8 0 8
9 0 3
10 0 9
11 0 3
8 2 8
9 2 3
10 2 9
11 2 3
12 2 5
13 2 9
14 2 5
