param num_bundles := 15;

param num_cust := 10;

param price_reserve :
   1 2 3 4 5 6 7 8 9 10 11 12 13 14 15 :=
1 217 58 150 160 117 166 127 158 195 213 205 226 207 186 226
2 376 75 163 47 162 414 246 180 291 286 241 204 231 317 359
3 405 377 314 431 170 375 236 274 265 368 376 285 187 202 128
4 497 386 405 382 263 416 343 419 505 287 396 438 229 168 483
5 146 228 242 208 148 179 233 72 61 155 144 174 213 46 225
6 368 380 242 351 121 331 172 336 289 262 269 387 389 54 424
7 84 56 93 107 91 122 74 93 104 40 74 83 118 55 42
8 105 113 78 87 48 81 99 87 23 35 73 108 119 111 86
9 164 241 20 225 189 238 228 188 227 239 184 171 154 178 164
10 516 452 501 357 477 307 453 421 430 306 479 95 377 505 508
;

param:   cost_bundl  marginal :=
1 59 48
2 41 102
3 53 43
4 97 91
5 85 53
6 120 109
7 104 75
8 94 112
9 41 85
10 41 39
11 119 38
12 84 119
13 102 112
14 61 117
15 91 101
;
param: buyer budget :=
  0 1005
  1 185
  2 1079
  3 658
  4 438
  5 1103
  6 540
  7 1037
  8 1333
  9 1169
;
param num_partition :=
4
;
param: item partition_index cardinality :=
0 0 7
1 0 5
2 0 3
3 0 3
4 0 3
5 0 6
6 0 5
7 0 3
8 0 7
9 1 3
10 1 9
11 1 4
12 2 2
13 2 5
14 2 1
