param num_bundles := 15;

param num_cust := 10;

param price_reserve :
   1 2 3 4 5 6 7 8 9 10 11 12 13 14 15 :=
1 417 561 427 420 333 576 367 79 168 576 197 414 576 409 169
2 242 188 143 394 283 394 130 365 302 105 217 273 327 158 373
3 438 322 344 387 329 410 426 212 296 398 312 149 378 443 359
4 314 392 429 443 439 324 378 259 330 438 283 217 445 225 224
5 350 332 101 404 341 416 397 361 189 312 366 399 440 324 167
6 299 286 341 236 229 317 355 376 262 166 259 306 161 221 255
7 228 148 207 202 230 314 236 272 239 222 299 181 300 191 310
8 394 359 205 416 460 448 388 385 426 451 303 307 232 219 423
9 175 267 259 210 135 223 153 259 236 279 195 185 158 187 260
10 395 157 394 189 187 417 418 271 557 33 545 377 443 243 279
;

param:   cost_bundl  marginal :=
1 75 34
2 88 90
3 60 30
4 74 103
5 120 91
6 92 45
7 120 88
8 44 115
9 29 19
10 104 93
11 29 71
12 101 108
13 69 64
14 96 44
15 113 108
;
param: buyer budget :=
  0 882
  1 1019
  2 364
  3 1064
  4 461
  5 763
  6 401
  7 283
  8 1454
  9 1475
;
param num_partition :=
4
;
param: item partition_index cardinality :=
0 0 3
1 0 3
2 0 4
3 0 5
4 0 1
5 0 8
6 0 7
7 1 1
8 1 5
9 1 3
10 1 3
11 2 9
12 2 6
13 2 1
14 2 8
