param num_bundles := 15;

param num_cust := 10;

param price_reserve :
   1 2 3 4 5 6 7 8 9 10 11 12 13 14 15 :=
1 228 422 165 211 324 402 292 528 383 554 412 426 176 270 239
2 204 260 158 331 232 287 222 286 71 219 307 227 116 241 68
3 442 458 339 134 455 251 490 365 358 440 305 369 73 456 357
4 80 52 93 19 77 121 73 78 34 116 104 116 34 66 95
5 395 341 408 238 316 361 333 425 123 247 437 256 319 270 292
6 292 230 326 377 357 316 326 87 244 381 338 204 50 349 311
7 93 348 246 318 173 360 320 286 241 342 273 331 260 155 334
8 111 221 235 143 135 222 204 229 15 48 102 207 103 128 192
9 283 303 501 323 224 271 417 358 70 353 133 311 284 562 377
10 279 376 413 346 421 59 361 408 414 263 396 195 156 322 287
;

param:   cost_bundl  marginal :=
1 103 97
2 72 109
3 52 120
4 86 100
5 28 101
6 101 108
7 25 120
8 75 120
9 114 107
10 46 113
11 117 58
12 82 104
13 77 119
14 80 79
15 83 99
;
param: buyer budget :=
  0 1604
  1 1355
  2 773
  3 197
  4 599
  5 1419
  6 841
  7 1071
  8 271
  9 1352
;
param num_partition :=
4
;
param: item partition_index cardinality :=
0 0 7
1 0 6
2 0 3
3 0 1
4 0 1
5 0 5
6 0 7
7 0 5
8 0 7
9 0 3
10 0 9
11 0 6
12 0 4
13 0 9
3 2 1
4 2 1
5 2 5
6 2 7
7 2 5
8 2 7
9 2 3
10 2 9
11 2 6
12 2 4
13 2 9
14 2 3
