param num_bundles := 15;

param num_cust := 10;

param price_reserve :
   1 2 3 4 5 6 7 8 9 10 11 12 13 14 15 :=
1 261 489 466 529 307 494 415 376 395 485 346 525 185 364 356
2 505 497 542 144 509 343 72 392 200 344 352 302 394 345 425
3 135 347 407 188 392 512 490 495 524 337 332 190 202 391 427
4 185 286 124 250 139 193 17 268 265 246 202 255 274 248 223
5 460 467 414 520 281 346 212 432 166 485 539 483 172 256 454
6 492 54 350 570 400 543 573 352 261 387 265 255 470 570 558
7 307 573 472 93 107 147 139 442 522 575 201 417 180 251 140
8 447 500 501 403 517 457 184 102 400 455 263 492 110 422 444
9 289 377 400 209 368 164 342 359 317 352 209 398 178 396 355
10 292 385 200 26 347 306 338 419 337 329 267 30 293 213 371
;

param:   cost_bundl  marginal :=
1 75 94
2 45 119
3 106 108
4 19 111
5 67 106
6 89 108
7 108 100
8 121 41
9 52 90
10 107 117
11 29 86
12 112 104
13 17 109
14 8 108
15 115 72
;
param: buyer budget :=
  0 268
  1 96
  2 833
  3 1134
  4 1344
  5 1368
  6 261
  7 707
  8 551
  9 540
;
param num_partition :=
4
;
param: item partition_index cardinality :=
0 0 7
1 0 6
2 1 9
3 1 7
4 1 1
5 1 3
6 1 3
7 1 5
8 1 7
9 1 6
10 1 9
11 2 8
12 2 2
13 2 6
14 2 8
