param num_bundles := 15;

param num_cust := 10;

param price_reserve :
   1 2 3 4 5 6 7 8 9 10 11 12 13 14 15 :=
1 235 134 58 161 177 237 224 161 236 243 112 95 155 233 140
2 434 366 325 282 179 180 165 330 402 356 421 327 265 467 264
3 462 493 270 250 532 355 286 350 104 564 427 433 559 553 431
4 357 505 163 436 491 381 229 419 453 400 319 514 526 427 244
5 187 273 210 296 84 331 212 207 285 85 291 295 241 139 232
6 438 379 495 457 544 437 559 300 404 460 453 510 457 376 196
7 81 201 258 299 261 265 180 151 281 144 173 155 165 183 197
8 540 491 502 536 320 343 488 14 489 323 522 118 471 155 33
9 124 208 231 227 192 228 16 196 158 178 122 211 74 195 96
10 178 186 187 171 167 157 139 6 59 220 189 183 180 90 149
;

param:   cost_bundl  marginal :=
1 115 117
2 87 72
3 114 86
4 81 57
5 56 112
6 80 63
7 103 111
8 97 100
9 101 86
10 104 120
11 37 88
12 93 82
13 119 100
14 92 55
15 79 109
;
param: buyer budget :=
  0 606
  1 328
  2 593
  3 1085
  4 967
  5 103
  6 1226
  7 1357
  8 72
  9 824
;
param num_partition :=
4
;
param: item partition_index cardinality :=
0 0 7
1 0 3
2 0 9
3 0 4
4 0 1
5 0 1
6 0 8
7 0 5
8 0 5
9 0 4
10 0 4
11 1 3
12 1 6
13 2 7
14 2 3
