param num_bundles := 15;

param num_cust := 10;

param price_reserve :
   1 2 3 4 5 6 7 8 9 10 11 12 13 14 15 :=
1 436 498 473 463 458 491 295 206 388 384 413 502 462 476 267
2 364 321 476 500 405 298 228 271 281 251 471 471 242 439 489
3 177 193 172 275 210 109 238 63 24 193 181 74 249 227 205
4 429 276 393 226 343 391 306 442 355 370 358 212 414 352 84
5 512 403 420 388 451 511 367 309 451 133 273 502 297 523 212
6 175 365 219 196 382 358 417 377 40 454 185 438 434 393 249
7 159 343 159 386 373 94 357 372 300 204 395 213 385 367 287
8 334 166 252 334 170 184 120 62 82 54 348 198 318 312 315
9 178 127 89 71 192 177 112 217 66 176 124 121 104 189 74
10 227 379 378 258 325 306 171 335 324 376 396 359 303 136 205
;

param:   cost_bundl  marginal :=
1 95 67
2 44 122
3 104 78
4 75 92
5 113 101
6 112 87
7 71 82
8 99 113
9 84 89
10 94 114
11 108 118
12 75 121
13 59 114
14 103 111
15 13 120
;
param: buyer budget :=
  0 1418
  1 1361
  2 1169
  3 162
  4 851
  5 1009
  6 594
  7 1415
  8 901
  9 723
;
param num_partition :=
4
;
param: item partition_index cardinality :=
0 0 4
1 0 1
2 1 7
3 1 8
4 1 8
5 1 3
6 1 9
7 1 6
8 1 1
9 1 8
10 1 6
11 2 8
12 2 5
13 2 9
14 2 5
