param num_bundles := 15;

param num_cust := 10;

param price_reserve :
   1 2 3 4 5 6 7 8 9 10 11 12 13 14 15 :=
1 258 87 294 169 274 60 100 194 267 213 261 282 242 240 79
2 231 129 118 235 178 67 198 222 52 153 81 158 208 127 93
3 261 218 468 394 414 209 430 237 440 85 447 390 210 335 459
4 432 186 132 373 482 171 271 406 400 259 331 471 444 455 468
5 223 230 69 60 145 239 219 148 193 221 217 191 167 227 167
6 269 385 367 417 407 411 83 154 224 42 0 409 144 138 350
7 217 545 264 242 370 279 151 449 397 409 395 423 366 431 445
8 200 273 108 241 290 100 189 243 272 291 134 68 264 234 269
9 394 260 244 114 346 365 446 245 281 482 438 195 105 442 137
10 187 230 382 349 103 359 252 398 384 81 242 184 429 117 292
;

param:   cost_bundl  marginal :=
1 78 110
2 109 109
3 78 99
4 100 101
5 94 78
6 86 24
7 103 95
8 79 101
9 112 96
10 115 109
11 63 120
12 59 113
13 101 65
14 21 33
15 106 110
;
param: buyer budget :=
  0 1017
  1 1337
  2 89
  3 183
  4 1055
  5 858
  6 1325
  7 1010
  8 1348
  9 780
;
param num_partition :=
4
;
param: item partition_index cardinality :=
0 0 3
1 0 1
1 2 1
2 2 8
3 2 2
4 2 4
5 2 9
6 2 5
7 2 4
8 2 6
9 2 5
10 2 4
11 2 4
12 2 6
13 2 7
14 2 9
