param num_bundles := 15;

param num_cust := 10;

param price_reserve :
   1 2 3 4 5 6 7 8 9 10 11 12 13 14 15 :=
1 260 394 115 218 262 126 53 385 182 421 357 257 386 148 330
2 377 265 167 444 466 459 395 105 423 144 453 345 455 256 393
3 104 275 333 342 466 406 472 444 102 452 466 288 318 279 388
4 357 337 492 455 61 485 441 265 247 502 209 333 277 109 202
5 115 145 410 193 428 387 321 400 139 376 123 253 247 318 323
6 114 50 61 92 79 32 103 117 114 117 50 52 110 106 56
7 372 230 453 0 264 239 485 470 332 231 325 228 217 419 502
8 121 46 108 11 68 99 118 45 116 33 64 19 24 120 112
9 236 310 318 327 119 330 256 300 254 317 384 225 212 170 259
10 192 157 186 68 154 144 225 197 175 150 121 185 192 109 184
;

param:   cost_bundl  marginal :=
1 15 70
2 77 27
3 117 99
4 88 106
5 84 102
6 108 92
7 25 71
8 43 106
9 84 115
10 78 120
11 54 109
12 106 106
13 87 116
14 110 100
15 120 64
;
param: buyer budget :=
  0 306
  1 306
  2 942
  3 1209
  4 736
  5 981
  6 657
  7 985
  8 511
  9 1163
;
param num_partition :=
4
;
param: item partition_index cardinality :=
0 0 1
1 0 8
2 0 1
3 0 1
4 0 7
5 0 2
6 0 9
7 1 1
8 2 7
9 2 7
10 2 3
11 2 3
12 2 4
13 2 7
14 2 9
